0.0207407560 0.1210957764
0.0831847847 0.0998801245
0.4391297163 0.8471332360
0.0940433870 0.1169445683
0.6431962446 0.8784040230
0.6682045590 0.8858515930
0.7979342549 0.8230467082
0.4579986613 0.8494733189
0.4200256108 0.9117836180
0.8583634574 0.8141945429
0.6739157975 0.1458666178
0.9205723700 0.4387695973
0.0937213502 0.0874951355
0.6700605798 0.8934464013
0.0513131728 0.0349478673
0.6252867100 0.1902625547
0.0983042732 0.0998722026
0.4149661328 0.9159835912
0.0984787801 0.0922140767
0.0080928930 0.0544075212
0.7055909618 0.1257181524
0.0414795153 0.1400574351
0.8022396913 0.8641916803
0.4560532185 0.8385032918
0.6477899162 0.1741428498
0.6186002764 0.7910162257
0.0411192317 0.1392576146
0.4761224360 0.8941776010
0.7942384249 0.8598636790
0.5018970020 0.9729084672
0.4188298640 0.9005920083
0.6406544703 0.7959585415
0.6781057474 0.8624618495
0.6856825852 0.1171147744
0.6933945570 0.1368473586
0.8903425776 0.4694952490
0.4683090734 0.8315359724
0.4485087375 0.8482852572
0.6358819547 0.1916910156
0.4827986423 0.8623162363
0.4552108781 0.8409302550
0.6217768509 0.7867901943
0.6794790736 0.1896704608
0.6834772956 0.8957496310
0.4648926351 0.9058600820
0.9402065295 0.4253679641
0.8977965662 0.4791180207
0.6213133962 0.8059175177
0.6572102458 0.0760969454
0.4853930616 0.9221093258
0.0110505908 0.0631106492
0.0805449529 0.1236535463
0.6150705507 0.1745717565
0.5877544190 0.8825344105
0.0880810480 0.0870573747
0.1002780684 0.0863871929
0.8949201318 0.5517739631
0.6193032732 0.1889440944
0.0771640106 0.1247153137
0.4823581601 0.8877446801
0.6203166374 0.1789902019
0.6359357199 0.1721977514
0.5957201367 0.7299784891
0.5840656826 0.7939284887
0.6645240477 0.8909011019
0.7589811355 0.8746376973
0.4806761414 0.9151000461
0.9061605149 0.5138105136
0.6520986623 0.0845189527
0.6244252129 0.8228934343
0.4785130864 0.8614541066
0.6072805932 0.1786860552
0.4953594072 0.9070386258
0.4569355584 0.8577988625
0.4884003427 0.9761940779
0.4694114437 0.8541627704
0.4718826476 0.8781875475
0.6188826686 0.1900175906
0.4743721986 0.8988795303
0.4825884621 0.8991875291
0.7831684361 0.1424951103
0.6058123709 0.7650905267
0.4919607391 0.9258379858
0.6296651987 0.1575467411
0.8974670309 0.4388163020
0.8791289939 0.4496358554
0.6326499288 0.8113682898
0.0851198006 0.1022144110
0.8967097365 0.5173475087
0.8858903018 0.4882946962
0.8652449189 0.4723949182
0.9090539429 0.5221960959
0.4645072603 0.8411657084
0.8065999883 0.4355371914
0.7557438075 0.1126033928
0.0195435229 0.0461294077
0.7866312963 0.2265292852
0.6386778022 0.8133537706
0.6294015305 0.7974319679
0.9368135075 0.5168464231
0.6432723612 0.1682473200
0.7970896016 0.3951301367
0.8035609466 0.8040212967
0.6416622106 0.8511595064
0.7036293628 0.1396769598
0.5760201212 0.7970795713
0.5966113839 0.1328655513
0.1087437130 0.1036730308
0.4838428215 0.9735912646
0.6578199771 0.7628816640
0.0910673644 0.1186992387
0.9009574448 0.5029475056
0.8643917522 0.4669905752
0.4756995686 0.8529575299
0.0976438716 0.0804636641
0.7915103691 0.7792830790
0.1308466694 0.0377154457
0.8820771078 0.4769841410
0.6099193712 0.1887772363
0.6114823566 0.1767262500
0.6339581866 0.7850807922
0.4742707468 0.9002715317
0.4448503280 0.8806981411
0.6532577304 0.8179927886
0.0810575141 0.1331535494
0.0881552345 0.1038180201
0.4707374604 0.8544313045
0.0884403111 0.0805409250
0.6749400768 0.1316049442
0.8193757503 0.7937232723
0.9066803527 0.4897050370
0.4853132401 0.9425361406
0.8004769110 0.8606686429
0.5956696660 0.8874633780
0.5967880760 0.7769806036
0.0842982031 0.0982248703
0.4437221123 0.8890820693
0.6086052900 0.8014389121
0.4556066132 0.8875827007
0.6567246172 0.8475398966
0.8833604851 0.4246892728
0.8596351543 0.8083404764
0.8687079233 0.4481276653
0.1032256499 0.0987306207
0.7329381025 0.0930370101
0.6734381777 0.7657411720
0.6242463689 0.1766955597
0.6378423945 0.8640359688
0.9016962925 0.4123456274
0.5910084745 0.7901341315
0.6577886630 0.1637353871
0.4665206113 0.8785518996
0.8458636179 0.7891439737
0.7932044231 0.1292228633
0.6329364697 0.1629880569
0.4742331655 0.9092521894
0.4532494399 0.8388166300
0.8133985419 0.7799838096
0.7993870725 0.8624561619
0.6187875174 0.1589419671
0.4538618555 0.8918959607
0.9158472525 0.5211546049
0.6556076604 0.8880324822
0.8014382321 0.7891654472
0.7718269326 0.4421838166
0.6359524363 0.1564353853
0.6830961082 0.1954201018
0.7768734296 0.1247109903
0.6067062026 0.1251187677
0.0238046753 0.1105149990
0.4883187243 0.8844671364
0.5791448273 0.8010048584
0.4662710971 0.8536967967
0.0747832547 0.1318128376
0.6170301031 0.1792274780
0.5684084864 0.7938089339
0.6679442296 0.8090113183
0.6901825087 0.1271156890
0.4963847735 0.9542638319
0.6899250357 0.1149106996
0.6092889415 0.1739136354
0.7489112125 0.0792438348
0.6344794886 0.8066014758
0.6176960621 0.7998667080
0.6667642842 0.1747368716
0.6046937613 0.8772816584
0.8950497474 0.4677850925
0.4075585551 0.8397385370
0.4762797495 0.8766700716
0.4859190668 0.8929315610
0.8847130240 0.4953476772
0.4575536090 0.8808763706
0.8902259624 0.5021449502
0.4459705128 0.8315505395
0.6126459684 0.1528630642
0.6885365128 0.1128720865
0.4838422669 0.9364292098
0.4771154788 0.8652948349
0.5976967938 0.7908618491
0.9011778523 0.5278638368
0.0678277842 0.1383265160
0.6530990969 0.8033902096
0.0660385678 0.1338884199
0.6575598696 0.1476050779
0.4677184434 0.8429091198
0.4569507773 0.8409910771
0.6831555028 0.1853180988
0.4786014935 0.9081854236
0.6240714627 0.7961934145
0.4724859230 0.8486189660
0.0872626895 0.1233769886
0.8746291536 0.5121094978
0.6810189311 0.1825777466
0.8875719100 0.4348116792
0.6104598965 0.7360571563
0.4803971657 0.9023878264
0.6344541423 0.7980272465
0.7754757874 0.4493299749
0.9055253819 0.4838095616
0.0650333232 0.0827488591
0.6055786968 0.7824549385
0.4999022420 0.9646594154
0.0812919203 0.0944699996
0.4995138057 0.9490503124
0.0684085418 0.1272804832
0.0971171564 0.1038817512
0.7883551780 0.4488646106
0.6296264305 0.8365758473
0.0936146850 0.0602140705
0.5962515773 0.1751430588
0.4646510410 0.8613593913
0.5848469479 0.8579716367
0.0951888404 0.1073508365
0.7812381428 0.1834501307
0.6159079217 0.7999978120
0.8852558010 0.5098090828
0.5049254032 0.9569589811
0.4796799927 0.8965022462
0.0820494033 0.1252611018
0.5886831365 0.7953712719
0.6419915462 0.8069518992
0.6321589426 0.8140907159
0.1173065276 0.0097583300
0.4472548884 0.8351771717
0.7868662683 0.4451060328
0.6158276676 0.2053054462
0.6527180704 0.1812713996
0.4846334932 0.8929537889
0.0840499535 0.1153348219
0.4601441680 0.8495117389
0.5988354364 0.1760110284
0.5856025230 0.1092178435
0.6173120850 0.1750551320
0.0837348828 0.0816249566
0.6291487219 0.1637203629
0.6345163045 0.1679678750
0.6208502299 0.8462859636
0.6274061716 0.7980208045
0.1023962433 0.0828662376
0.6286302596 0.7977297523
0.4787417245 0.9628329541
0.4902450880 0.9385941390
0.0742541436 0.1562640729
0.0928814279 0.1281928651
0.0956711413 0.0333796386
0.6497011166 0.8854874151
0.0921684479 0.0554363167
0.4945184866 0.9151532654
0.6083246392 0.1703055185
0.9404523055 0.5234063275
0.9257669876 0.3900473875
0.9052245096 0.5043861101
0.5054280920 0.9223832572
0.8033947702 0.8118784871
0.6038037010 0.7784686551
0.6389235560 0.1624776020
0.7961133473 0.1519966271
0.8163458405 0.4597952020
0.9087558104 0.5217595176
0.4850917677 0.9223825608
0.0920186551 0.1071613552
0.5441883534 0.8132921941
0.6133756980 0.7820707960
0.6327872870 0.7898194005
0.0990255060 0.1077892285
0.6081360006 0.7975707327
0.8806348641 0.4974735480
0.6377204771 0.1685015499
0.6725467863 0.1081800814
0.7811004187 0.4487128746
0.6894380427 0.1339666383
0.6024776287 0.7751090481
0.7462529935 0.7748078976
0.0875738113 0.1535879198
0.8906718134 0.4787457177
0.0913984970 0.0940573686
0.8946115281 0.5569490626
0.6977268566 0.0925214951
0.6043929888 0.8193134633
0.0983123486 0.0937419484
0.7464099770 0.1455758195
0.6765538546 0.0797933518
0.9038344338 0.5239822510
0.4566245032 0.9123624724
0.0886804854 0.0478104010
0.8992474177 0.4653610021
0.6367197916 0.8280478729
0.8923273099 0.5421311399
0.0405422455 0.1007706702
0.4829198387 0.9609041747
0.4738306195 0.8547561338
0.6173623006 0.7787037023
0.4793043127 0.8988358289
0.6306487131 0.8859655184
0.7265785392 0.0974286554
0.4780597147 0.8671330195
0.7080724928 0.6321640299
0.0309898489 0.1556878882
0.6254899907 0.1206932292
0.8306494607 0.4549204114
0.4943899026 0.8968133789
0.6257997814 0.1758629922
0.7745050044 0.7878341518
0.1013866061 0.0603329579
0.6494998769 0.1723461194
0.8874314238 0.4845913109
0.6366924375 0.8120523059
0.6782717075 0.8506160542
0.7846347311 0.4158076250
0.8054633755 0.8439000321
0.9574153857 0.4991945573
0.4819245552 0.9165302934
0.6438809721 0.1795202259
0.6204939839 0.1816905634
0.6971046630 0.1199679419
0.0567974704 0.0234044848
0.7847981649 0.4439136764
0.0858820312 0.0563525362
0.8957767816 0.5008649589
0.7918716981 0.4546014148
0.4779788728 0.9222768766
0.6341182621 0.1769234049
0.8884879822 0.4785785731
0.5842168065 0.1681454336
0.6421548386 0.1764159497
0.5942994013 0.8279597157
0.8963670677 0.4875727242
0.6236728213 0.1779445341
0.9705969520 0.4553268108
0.0950728575 0.0594030128
0.4742303702 0.8923372109
0.0738789960 0.1279466604
0.0414246298 0.1262417852
0.8819537817 0.4888380903
0.4383988552 0.8996034174
0.8985252198 0.5244876604
0.0735751509 0.0139856238
0.0943670211 0.0230626798
0.5959392686 0.7412902921
0.6882121744 0.1321128999
0.5935287072 0.7408318632
0.0598205251 0.1305814590
0.5956162890 0.7698510727
0.7766852374 0.4316753815
0.7952299785 0.4368972437
0.0775615206 0.1243593406
0.6020164036 0.1731078227
0.8943479819 0.4975809442
0.6745118296 0.0711667737
0.8991612069 0.5003230157
0.4680823875 0.8448718504
0.6947584878 0.1106215972
0.6190316739 0.1784918475
0.9117563141 0.4814747890
0.0123944665 0.0865741352
0.0376046029 0.0389247487
0.6280888691 0.1760201002
0.5985116914 0.7618219206
0.9013508728 0.5270737012
0.6788925423 0.7991082312
0.8476764280 0.8228266925
0.8972082323 0.5064988647
0.0054099337 0.1121342706
0.0474000578 0.1386759310
0.7076422212 0.0698930068
0.4084327310 0.9063395201
0.9126527858 0.4534907735
0.6279028372 0.1890192678
0.4447949544 0.8442300847
0.4459628812 0.8182946355
0.4711429126 0.9252848416
0.4823194696 0.8475233562
0.6426609772 0.7926761228
0.0649972949 0.1346004894
0.0972263952 0.0808739230
0.6171131858 0.8746006121
0.0812666294 0.0797323338
0.5971561909 0.7710020492
0.4855510850 0.8916836638
0.7787184689 0.1435231032
0.9499606872 0.4505066035
0.0991399804 0.0799070377
0.7987369341 0.7599346372
0.7560488409 0.1372568847
0.7955251826 0.2201249017
0.8959621701 0.4329563013
0.6823774544 0.7992933090
0.4569691464 0.8381609355
0.6449094110 0.1668997019
0.5944553615 0.1385866204
0.7857006404 0.8836413375
0.7348874998 0.7678017518
0.6526794575 0.8715899775
0.1060612417 0.0957491421
0.6249066485 0.8005315141
0.6366244628 0.0776906520
0.0686925980 0.1207202668
0.4590626960 0.8514402861
0.9020413905 0.4958156822
0.4874459905 0.8877230906
0.0777179245 0.1656549749
0.6257617342 0.1437357051
0.8093489895 0.8570474081
0.6329260871 0.1715279106
0.0882019116 0.1274370289
0.6125465022 0.1941342163
0.6067656361 0.1877022439
0.7098633065 0.1238459222
0.0702627601 0.1180581186
0.6239894338 0.1747250848
0.4595311756 0.8420191907
0.7762800446 0.4603416721
0.8939080321 0.5251270176
0.0040836285 0.0614374183
0.7788984734 0.4382300045
0.0933231303 0.1305717307
0.6223454402 0.1007450907
0.6099242186 0.7885161947
0.4800075313 0.9638148707
0.6790652743 0.1627324794
0.5962955700 0.8413244378
0.5931982290 0.7883440009
0.1027237819 0.0577385163
0.7193951821 0.1242304927
0.7972802120 0.7773552862
0.7458806704 0.1570166010
0.0896955801 0.0604127724
0.6271632353 0.7711856181
0.6316498423 0.7839052664
0.6911317363 0.8548313489
0.8912481119 0.4625107218
0.4518513886 0.8272402974
0.6233608232 0.7810466869
0.6300710724 0.8656649325
0.9086815907 0.5237736974
0.0865145242 0.1013626626
0.7102942049 0.1138291419
0.6636473206 0.9279834148
0.6015228217 0.1545188552
0.8957983010 0.4962522315
0.6399612349 0.8084043744
0.0270494464 0.1261423472
0.8986724503 0.5268708062
0.6947876888 0.2037448003
0.4293802507 0.8871108073
0.9012181957 0.4005176202
0.6170344070 0.1809454531
0.6137450996 0.8254585820
0.6584578166 0.1694714041
0.6659583714 0.8251254535
0.4936863512 0.8702189853
0.6856174890 0.1244381031
0.4861002069 0.8643567356
0.6758253285 0.8094763634
0.8771066137 0.4558922008
0.4851743179 0.9159658901
0.6673161459 0.7854830420
0.7841623691 0.7794012409
0.4842804862 0.8527811575
0.8957213747 0.5135037916
0.8977707651 0.5223472225
0.8842687592 0.5162308027
0.4577309555 0.8550354627
0.0854299906 0.1085036775
0.4203600267 0.8538832094
0.0765389274 0.0558713860
0.9046756983 0.5058903538
0.8810634441 0.3923131984
0.7124426733 0.0882053115
0.6400604127 0.7809860390
0.4616346640 0.8427585155
0.7846804349 0.7893078103
0.4702599515 0.9747808933
0.7862933474 0.4534321858
0.0760472645 0.1426675319
0.0873147798 0.0771770378
0.6146117659 0.7802995853
0.0394353051 0.0246080422
0.6513161034 0.7624670524
0.6385215535 0.8233460596
0.6024968853 0.0897724738
0.8672785691 0.4822594112
0.1025050383 0.1042354464
0.6160803543 0.7700718429
0.7556604059 0.7697484064
0.4808341427 0.9129209560
0.7842895194 0.4522160636
0.4583983454 0.8360409844
0.6320490938 0.1451411564
0.5019465853 0.9130630870
0.8869532937 0.4807773665
0.6403195995 0.1948353695
0.9196570965 0.4953006098
0.5999889425 0.2291863718
0.0899990259 0.1071754798
0.6175995243 0.1771481705
0.6286698264 0.1855506522
0.9047211774 0.4879298798
0.5939384854 0.7980432645
0.6805968513 0.8303687457
0.9140993556 0.5836684085
0.6457100548 0.8128558770
0.7942237163 0.1803143628
0.6207904969 0.7912694963
0.0861951940 0.0441735544
0.8930408224 0.5139737698
0.4621583176 0.8635209544
0.6269340536 0.1637168082
0.4756403570 0.9008291447
0.6135201775 0.1781273105
0.4666266554 0.8838127187
0.5924661256 0.8048858058
0.6577372161 0.9499430272
0.0107718591 0.1382188006
0.6831235731 0.0891363956
0.8810690014 0.3859960455
0.8387557978 0.7915137131
0.6889028474 0.1317931778
0.8939912479 0.5475072192
0.7787164806 0.4122852115
0.8792091149 0.4920479637
0.8903419564 0.4986076069
0.6133881881 0.1509826798
0.4843046900 0.9010189816
0.7554605015 0.7735247724
0.0881338926 0.1201825457
0.7803025577 0.4210045462
0.4948112392 0.8688283768
0.0790815448 0.1597538627
0.6862516292 0.8110339425
0.4613063711 0.9156949765
0.4659640796 0.8339864403
0.0841757422 0.0635107226
0.6907857619 0.8316003347
0.0814522287 0.1183763463
0.8849721331 0.4698388822
0.6301514706 0.8051678624
0.5825972939 0.8712065895
0.6001881639 0.1407160241
0.0895453880 0.0908950560
0.0834652913 0.0621916729
0.9090254685 0.4947398047
0.0821945816 0.1337155151
0.6829793432 0.1127832909
0.6149422773 0.8197583118
0.5824781829 0.1233331277
0.0623104310 0.1116052550
0.0767749309 0.0368249943
0.6226489525 0.1674829198
0.6622616596 0.1150711991
0.8810020140 0.4860471232
0.0903795422 0.1425484414
0.8885636107 0.5151456394
0.9150519220 0.5117866998
0.6846705908 0.8657029463
0.6893670509 0.8228275631
0.1200544889 0.1240295927
0.4684831365 0.8395395885
0.6214824566 0.7849554918
0.0928578675 0.0801919816
0.4945161128 0.8558996817
0.4742677518 0.8968738528
0.8856696613 0.3920734358
0.0881346025 0.0305330437
0.6670315685 0.0990588089
0.6675920269 0.8094458944
0.8847487196 0.5007085220
0.7787988159 0.1995493388
0.7216076041 0.1415502202
0.4738815118 0.8936931717
0.7915726367 0.4369574855
0.6247384644 0.1770650189
0.6912021347 0.8679303226
0.8064521727 0.4435425631
0.4766216640 0.8514029688
0.8456110755 0.8158259442
0.0262275383 0.0507052241
0.7821022079 0.4423353494
0.6696914277 0.7942966132
0.4638340136 0.8590201210
0.6560988463 0.0844644058
0.8978736367 0.5137835848
0.6237414726 0.7908656795
0.8902691898 0.5085930476
0.4753331176 0.8558974763
0.6988892150 0.1857969475
0.0880243877 0.1003525257
0.9034578997 0.5066371072
0.4839859810 0.9070703716
0.0859105611 0.1277942135
0.8027197847 0.7517385726
0.8829975282 0.4853269504
0.0784848139 0.1497160297
0.6908911349 0.1361252634
0.4784282734 0.9024162642
0.6401450372 0.8216833768
0.6387268753 0.8210610533
0.0983460697 0.0423939719
0.8719982845 0.4608032640
0.8924472862 0.5343529078
0.6021867397 0.1483727825
0.6175805340 0.1615294842
0.9117991421 0.5092206815
0.5046039876 0.9311344393
0.8801814259 0.4576820702
0.4779503207 0.8551768972
0.1018754293 0.0549052553
0.6577593456 0.7895010132
0.4646444521 0.8712567329
0.6253427603 0.1728307137
0.0800784478 0.1076715743
0.8076006655 0.8201341550
0.7828393307 0.2259568907
0.6417939782 0.1720234719
0.0638053418 0.0253184939
0.6054680494 0.7677697158
0.4438712395 0.8392976351
0.9032196333 0.5054352619
0.8853277247 0.4005295177
0.8943847757 0.4481052633
0.0931409475 0.0627353137
0.0847183861 0.1201260111
0.8040664806 0.7609260137
0.0486774674 0.0424723210
0.0919143415 0.1201078385
0.8995684450 0.5309913856
0.8938867235 0.5108133145
0.6699794106 0.8843169384
0.8962569416 0.5151104694
0.0811324992 0.0861853281
0.8339003659 0.8072302994
0.9154998140 0.4929102674
0.4680717388 0.8600358728
0.6708060718 0.8983771678
0.4710109343 0.8314532126
0.8078579499 0.4567428102
0.4681650930 0.8417407904
0.6245035923 0.7977190736
0.6478853670 0.1585470335
0.8766033148 0.4859763479
0.8842574893 0.5087683754
0.9223293073 0.5068726186
0.0979268185 0.1307404713
0.7871981524 0.1494404009
0.7354254738 0.1453616799
0.9183272750 0.5179843124
0.6440037769 0.7910149489
0.0458719584 0.0407093369
0.6453311469 0.1818274112
0.7282188446 0.1691130062
0.0597123512 0.1465272671
0.5982096988 0.8793840825
0.5710494718 0.8436978915
0.6157437420 0.7820427064
0.6097379094 0.1838556703
0.0801271215 0.0702893369
0.8865016858 0.4467468940
0.6732929717 0.1289549619
0.4984993766 0.9159741893
0.6704790213 0.7798044773
0.4412112416 0.8464697647
0.6126106389 0.7878217900
0.1069615958 0.0545873322
0.4609339523 0.8923043043
0.6714848981 0.7590429670
0.6056009483 0.7648641269
0.6352241819 0.1843910972
0.6185190240 0.7829653100
0.0821009167 0.0666504155
0.7526501575 0.7949376825
0.0872858506 0.1059237087
0.6231310980 0.1441568820
0.1088237119 0.0644993135
0.8750622149 0.4718149321
0.0685969808 0.1035032238
0.4695888567 0.9629842548
0.9567614842 0.5422103885
0.8904055829 0.5002701446
0.0178678934 0.1406357091
0.4461150477 0.8236505182
0.6141050727 0.8521339364
0.7150240533 0.1059029244
0.7841539000 0.4493347919
0.9158249012 0.4873805950
0.7582747458 0.7551677652
0.6648037346 0.1100432507
0.6531513647 0.9044156738
0.0906598712 0.0855877062
0.0691166411 0.1264445424
0.8891025164 0.4681393463
0.8339701487 0.3799501834
0.8749493379 0.4707074539
0.8696148442 0.5036419973
0.4727023151 0.9105512746
0.4963191504 0.9202060243
0.6830957532 0.8228081789
0.7020254906 0.1635576726
0.7461222298 0.1575297836
0.6383651829 0.1406826060
0.0878000534 0.0334182182
0.4719548375 0.8439293985
0.4781693306 0.8494928191
0.4649237828 0.8443829524
0.4575834256 0.8891487530
0.8960093021 0.5327910922
0.4620790286 0.8770774866
0.0259725445 0.0632165655
0.4612984733 0.8303981701
0.4700764376 0.8541866813
0.8697135339 0.4974321391
0.6182628100 0.8817111652
0.6062605513 0.1534080253
0.9046434081 0.4884399901
0.6093589017 0.1574277267
0.0787474394 0.0790168547
0.6881497182 0.8542640438
0.8972776490 0.5023320593
0.4663181292 0.8350330095
0.8821384603 0.5293148611
0.6135286965 0.7868997669
0.4599042378 0.8358515539
0.6408681668 0.7939529801
0.0092823614 0.0848737941
0.6057207249 0.7729190472
0.7003952793 0.8291890993
0.7046517729 0.8225347698
0.6095134310 0.7864791776
0.8703363875 0.4818281142
0.8761946125 0.4991810929
0.8849109027 0.4778743602
0.6360817745 0.8580550349
0.6008331248 0.8102582289
0.6055534392 0.1792472103
0.4874813533 0.9685489522
0.5966550883 0.1683224226
0.4573574275 0.9061439377
0.4719115768 0.8978768947
0.0393530433 0.1253815707
0.6830762902 0.1939064700
0.4826236474 0.8919558542
0.6359996237 0.9066254651
0.5927602648 0.7738455972
0.6304223822 0.8058990621
0.7287689982 0.1570072063
0.9130224980 0.5062014285
0.8512367800 0.8020336684
0.6675816000 0.1305854853
0.4468466187 0.8840826457
0.8956099396 0.4949679455
0.4771348907 0.8590977736
0.0889794942 0.1446590196
0.8491368357 0.8510839431
0.8909878158 0.4935821831
0.4579677133 0.8717530596
0.6105212157 0.7915437759
0.6184858686 0.1989855039
0.5841416994 0.8064244070
0.4947235865 0.9697952243
0.6205784198 0.1757521537
0.6122765335 0.1272033747
0.4982873328 0.9159286308
0.6250705953 0.1689345136
0.7095576866 0.0925726614
0.6439080377 0.7866080182
0.6629383672 0.1589206424
0.0621753690 0.1547991561
0.6129511224 0.8126403300
0.0803148506 0.1468792864
0.6995496721 0.1149394421
0.8963407342 0.4956525711
0.6933664986 0.8236526656
0.6158960639 0.1769154865
0.8786224560 0.5007171694
0.6596884270 0.2196917111
0.5991590816 0.1690888504
0.0807421328 0.1107189242
0.6244880517 0.8007034177
0.0176155174 0.0400988527
0.0868434383 0.1071334687
0.8902192847 0.5273282195
0.6144970697 0.1702533838
0.8251233833 0.7577343058
0.0996091034 0.1055972471
0.6348206820 0.8027249972
0.4913568203 0.9418276911
0.4867705030 0.9151660914
0.0361661306 0.0908967318
0.0559847469 0.1407101588
0.7848485275 0.4551559519
0.6787353342 0.8427056444
0.6180711320 0.7900297822
0.6243770715 0.8909468926
0.6222096128 0.1828756906
0.8468744253 0.7491131251
0.7269844489 0.1572955163
0.6960131855 0.2049936642
0.7833565950 0.4431033442
0.4744210942 0.8521209362
0.7749535480 0.4239597561
0.0307664908 0.1299544708
0.6003409849 0.1792342954
0.0827345190 0.0980135311
0.4223289190 0.9037931762
0.4828927953 0.9552614184
0.6661153632 0.1667614231
0.8977451525 0.4819355104
0.4984072868 0.9277478454
0.7874126531 0.4654187772
0.9137499870 0.5002566512
0.5852939414 0.8698704191
0.6043773151 0.0888476359
0.7102139730 0.1676008460
0.6243216757 0.7988388265
0.0809642485 0.1394769593
0.8758765912 0.5201398397
0.4271516836 0.8789083587
0.7792221408 0.7601634164
0.6561715242 0.8521538428
0.1009844373 0.1159015466
0.8927257295 0.5331989135
0.6193545869 0.1588071668
0.6147598283 0.1731323249
0.4348747534 0.8561404163
0.7039391423 0.1306695582
0.6633998364 0.1654450503
0.4833400661 0.8396757417
0.1067827407 0.0553278903
0.6093362841 0.8090054567
0.6756721358 0.1596529520
0.0645842554 0.1271542106
0.5813108218 0.8103079080
0.6131517853 0.1751343443
0.8944366552 0.5010173624
0.4670485022 0.8356499357
0.0909226298 0.1004668645
0.9221824540 0.5155689564
0.0543309474 0.1298742791
0.4296619552 0.8660139050
0.6080420251 0.7910774540
0.4524421739 0.8910327283
0.7489537216 0.8430948360
0.4934001654 0.9344385056
0.6730076066 0.0862390769
0.4886899229 0.9236079399
0.5819204643 0.8021207810
0.4540960177 0.8267764710
0.9345447633 0.4349539408
0.6232792492 0.2087438303
0.0780663170 0.1310730485
0.5006877668 0.9011377819
0.0354532837 0.0346817272
0.6599947568 0.8069855602
0.8694641751 0.4891776609
0.6337332311 0.8101585225
0.6513067081 0.1793954315
0.9136784072 0.4315677241
0.8939799669 0.5310087094
0.7122321103 0.1616490499
0.4893416059 0.9206884803
0.0679783312 0.0855514045
0.7032141104 0.1945463359
0.8771326588 0.4992006221
0.6595488504 0.0869438266
0.6081712414 0.1867889770
0.5029082143 0.9333430119
0.1158891754 0.0535212049
0.6757242039 0.8543434375
0.0446048426 0.1467986595
0.4700667428 0.9894745312
0.4132723117 0.9463140155
0.4717497154 0.8501919827
0.6594936986 0.8077928456
0.6364755131 0.1984393494
0.5903495814 0.1812376334
0.8232175683 0.7444905895
0.6234140116 0.7904197863
0.5048446056 0.9512254560
0.7398234034 0.1445974104
0.4386088580 0.8838796346
0.4769476275 0.8907321582
0.4732810983 0.9900985379
0.1011121339 0.1305736604
0.8064779322 0.7652208182
0.4583831709 0.8468470008
0.8774868749 0.5058966217
0.6277541093 0.1902869971
0.6775450949 0.6407405227
0.7049956618 0.1387659744
0.4603208490 0.8380182242
0.7135092592 0.1507825452
0.6414677373 0.2223299882
0.8370876059 0.4539317335
0.6421613831 0.7753580239
0.6161856662 0.8049374001
0.8910872377 0.4414941563
0.7060172290 0.1057434551
0.8991806409 0.4931183567
0.4792205424 0.8993253074
0.5923038316 0.7337222386
0.4782095297 0.9009720882
0.7754646394 0.4450365343
0.0957671577 0.0948404818
0.6354272186 0.8487556996
0.5819452116 0.8097257456
0.0811087169 0.0576137672
0.9515217091 0.5280778748
0.6234357418 0.8147705535
0.0796810709 0.1362361490
0.6800635972 0.8942565304
0.6187489710 0.7981881812
0.6693238841 0.7726723928
0.6736345922 0.8021691833
0.4760393977 0.8765509810
0.6363609056 0.7849132413
0.4825814073 0.9039077979
0.6318597230 0.1866701657
0.6123399270 0.7824364829
0.4735132194 0.8976950088
0.6088007172 0.7831206732
0.0731105537 0.1106413804
0.5976400114 0.7999333917
0.0773827542 0.1187086769
0.8881124908 0.4919934095
0.7792558744 0.4526296014
0.4611144491 0.8941833466
0.6215802701 0.1739727091
0.8079362850 0.4694799855
0.6285363174 0.1798660245
0.0677063881 0.1259338590
0.8790505923 0.4895173185
0.0788362679 0.1194163211
0.6347164904 0.1785553320
0.6366284894 0.8523176213
0.5730489350 0.8848620736
0.9402251205 0.5110980697
0.6086288282 0.1549630072
0.6525707401 0.0832827934
0.4392591433 0.9245235790
0.6223521511 0.1743058594
0.4638777180 0.8765902136
0.8949180465 0.5058022546
0.5025911247 0.9514408868
0.0066821963 0.0747494144
0.5024426852 0.9635292159
0.6148971198 0.7876222031
0.0768094063 0.0552682145
0.4717633370 0.8966950429
0.7816427062 0.4685200646
0.8897181932 0.5047214731
0.7151887654 0.7585580154
0.8878401927 0.4803103191
0.4951637137 0.8828591818
0.8926917422 0.5176312193
0.4591329114 0.8644783217
0.4514305401 0.8429597275
0.6925867585 0.8287768092
0.0940701420 0.1149185200
0.6904133598 0.1201265407
0.6174207136 0.1789901003
0.4947004032 0.9466654835
0.0632782273 0.1199045952
0.7796065048 0.7956824047
0.4434726425 0.8987762256
0.0159933094 0.0759885335
0.0683159418 0.1131415637
0.0778284056 0.0079194634
0.5012002392 0.8814323587
0.1157463043 0.0695507521
0.4737834987 0.9365023355
0.8332424490 0.4308848251
0.9514491421 0.4818333375
0.5904364355 0.7797552045
0.8921083001 0.4836582899
0.8853609577 0.4423750463
0.4784284508 0.8421458260
0.4375569807 0.8358756970
0.8847514040 0.4333772968
0.8807517677 0.4760029207
0.6304051001 0.1723223771
0.6199346569 0.7867003540
0.6360376708 0.8070394180
0.0180657388 0.1166102355
0.7622768758 0.7512580898
0.8925230034 0.5031722223
0.6471866963 0.8090750422
0.6075251601 0.1768983948
0.4597266472 0.9079719660
0.8723535321 0.4867746086
0.6848222361 0.8275835242
0.9140037052 0.5318351468
0.8902532721 0.4950482678
0.9500958157 0.6329933401
0.6269329998 0.1975586644
0.0777255561 0.1120151801
0.5817995452 0.8537818199
0.7699800368 0.8189326289
0.6366306746 0.7861742547
0.0598624546 0.1435579906
0.6417297971 0.1751568388
0.5973178970 0.8257978624
0.6403798982 0.8302986378
0.6191816996 0.1887320170
0.8924848897 0.5267700261
0.7545011521 0.8297757885
0.6928822399 0.1540862379
0.0705372767 0.1270577035
0.4300722216 0.9125459833
0.4670725951 0.8317966716
0.8918636777 0.4998124121
0.4440884967 0.8895748557
0.5873101098 0.1427909208
0.4996603817 0.9323136215
0.4578907759 0.8328655267
0.5047298207 0.9551861453
0.8300878320 0.8073722563
0.6188630017 0.7874357324
0.0691709055 0.0618318622
0.4837059847 0.8912844899
0.0242655899 0.0570449096
0.0297105314 0.1310186394
0.6259425194 0.1821207414
0.6132720721 0.1662207675
0.4745103886 0.8844687614
0.7964159112 0.7458611174
0.6938871572 0.2002212243
0.6818503843 0.1356663846
0.4602228359 0.9181706902
0.6322051982 0.1724514862
0.6331990619 0.8159904772
0.4693740842 0.8915894128
0.4488299978 0.8438560986
0.0351188234 0.1323565364
0.6593059362 0.7747614685
0.6261472199 0.1571546404
0.0289369865 0.0494884054
0.0788443433 0.1651476286
0.4807894622 0.9012933193
0.6295019396 0.7782726665
0.4946801927 0.9007657691
0.8880499625 0.4814898204
0.7158508615 0.1433416094
0.0848137814 0.0501478142
0.0212894786 0.0900817494
0.7389507278 0.1445149371
0.6859540569 0.8272869586
0.0256104417 0.1148623989
0.6641598484 0.7964571897
0.7845456308 0.1346779854
0.4759207748 0.8465361582
0.8930567512 0.4874342786
0.6932863111 0.1283870764
0.4728025689 0.8646199304
0.6901358316 0.1476268597
0.0641314606 0.1647338622
0.4581055040 0.8379281518
0.8817973778 0.5185780240
0.8833504243 0.4454091566
0.4575204647 0.8495031495
0.0734169279 0.1142787783
0.4694989633 0.8562455782
0.4790533344 0.9263367501
0.4433088066 0.9740431935
0.0592409654 0.0938829621
0.0810151852 0.1213744161
0.6754478071 0.7902062707
0.6214645201 0.8960593709
0.0729674607 0.0647561387
0.4636473272 0.8847456527
0.8862409682 0.4921024598
0.0455403821 0.1482054964
0.8541946941 0.7917796356
0.6795205983 0.8190135315
0.8188830724 0.8003976823
0.4536363676 0.8979287792
0.0180635647 0.1134627077
0.9469390967 0.5395250765
0.4367548615 0.8230453154
0.4652904113 0.8929424138
0.6006504428 0.8106031968
0.4528714083 0.8716382637
0.6293061463 0.8592294000
0.6159483760 0.1867336266
0.8791500475 0.5108272432
0.4401132418 0.8611475007
0.0982664701 0.0812223441
0.0829653312 0.0235446716
0.8891616393 0.5278671449
0.6121921752 0.1709689735
0.4666437378 0.8339334532
0.6902328186 0.1368090692
0.5979738838 0.1434414791
0.8879494535 0.5019892677
0.0268882506 0.0453268523
0.4807260798 0.8521726466
0.8776958239 0.5091454664
0.6316731032 0.7916860230
0.6174499423 0.1811224204
0.5996465848 0.1847298643
0.4738902305 0.8779585942
0.8859168017 0.4723460806
0.6365690115 0.1698788028
0.0864542699 0.0818811362
0.4791644810 0.9029110820
0.4927483715 0.9257459983
0.0937924308 0.1268463642
0.6505496799 0.8362927460
0.4620029564 0.8980337669
0.4829031113 0.8939297858
0.6526381491 0.7810239367
0.6245357937 0.7781294908
0.6093928003 0.1688084406
0.7901612688 0.7721572623
0.6335322244 0.7987726071
0.7277156761 0.1120102615
0.6483737798 0.8488433345
0.6316272580 0.1914200639
0.5971931066 0.1745682706
0.6236739527 0.1845792274
0.4345164664 0.8950349136
0.4683384463 0.8702595527
0.6819949470 0.8111330685
0.0750167291 0.1186088761
0.0517243487 0.1378179147
0.6614303340 0.1078765369
0.6067283876 0.1638542056
0.6817451389 0.7747414460
0.8823380694 0.4687491340
0.4841988900 0.9010008162
0.6674664490 0.7492784706
0.8332444567 0.4503947094
0.6418002343 0.7749663948
0.7923760203 0.4428792079
0.7365864151 0.1535768784
0.6535113377 0.7786523982
0.6411357284 0.8036155647
0.6109490747 0.7730946071
0.6988517169 0.0515563414
0.5837018938 0.7328792610
0.4352722190 0.8901991525
0.1135396115 0.0506227110
0.8660533829 0.4633613313
0.6448003165 0.8792470007
0.9129320389 0.4532526795
0.6240997263 0.1786886778
0.6012031587 0.7372525886
0.4494940600 0.9703419266
0.4539944106 0.9673362831
0.6133536573 0.1648686371
0.9046905067 0.4875725501
0.6282949673 0.1696569372
0.4556476776 0.8791258789
0.6099728702 0.1819487706
0.4562347358 0.8815292793
0.4931831965 0.8724790360
0.4797888099 0.8271033897
0.8859129637 0.5255668169
0.0749261701 0.0318794430
0.0535709797 0.0906794656
0.4880895094 0.9418831158
0.6306314088 0.7844026958
0.0861903133 0.0909042112
0.6129082611 0.1827664209
0.0805370551 0.0948241518
0.6660071228 0.2069336899
0.6834150446 0.2041014136
0.7956237670 0.4483283839
0.6178190888 0.1758242040
0.0921234569 0.0969368048
0.4673503507 0.8646931722
0.4590947532 0.8894575643
0.0690096209 0.1544852739
0.4355306071 0.8408541694
0.1010105268 0.0343802284
0.4690732119 0.8470655076
0.6240239203 0.1646203976
0.0974662145 0.0866987247
0.8856748526 0.5076256981
0.0803002529 0.0818297523
0.6091834076 0.8178815329
0.4745461730 0.8217773957
0.0886345182 0.1153002032
0.4960280395 0.9165207754
0.6324031545 0.1840617446
0.6256097784 0.7587391468
0.5913117095 0.7775522615
0.4605185613 0.8364737614
0.8809383099 0.4617030012
0.6361964485 0.7746416235
0.0892300954 0.0989220318
0.9037770302 0.4857971898
0.4640011994 0.8240453394
0.6334438506 0.0834921957
0.6507969866 0.8046368880
0.7935615509 0.7977629490
0.4699256908 0.8367900594
0.8931179927 0.5278453812
0.7650075682 0.8751491715
0.5989159900 0.8329323265
0.0873880789 0.1486658587
0.9089784142 0.5268732727
0.8808208627 0.4983263628
0.4443994189 0.8294397002
0.6069990551 0.1673271576
0.6253433704 0.7924265085
0.0810828049 0.0307697884
0.4357875533 0.9763016773
0.4625263438 0.8511613635
0.5683288424 0.7792849942
0.6763641843 0.1067304645
0.7925816582 0.7965404718
0.5943965714 0.7951334971
0.0978129653 0.0713697848
0.9459557487 0.4334452864
0.4555375737 0.8411921150
0.8479900511 0.4949874747
0.4255908169 0.8915411846
0.8850490595 0.4811387877
0.8427296662 0.8080515135
0.6026289745 0.1065752608
0.6180078494 0.8154552081
0.0746068399 0.0387528596
0.6222208938 0.8123603047
0.9088273458 0.4888358559
0.0134681294 0.1081913549
0.8672256247 0.4254805836
0.6143196455 0.7870626168
0.4476706122 0.9738940981
0.6157954107 0.1766524441
0.9189976710 0.5034033810
0.8904022995 0.4911979055
0.4677532960 0.8487469362
0.4766302274 0.8915511088
0.6266558432 0.1859809317
0.4332990450 0.9673329170
0.4612366216 0.8491789586
0.0043694594 0.0845856727
0.6343625073 0.7975353886
0.7899729408 0.4168166301
0.9070034987 0.5192242295
0.6212570797 0.1799343133
0.6881491192 0.1738741380
0.6006614798 0.7876737394
0.4672497197 0.8820170747
0.4756562192 0.8916826772
0.6853123183 0.8302277174
0.6553602649 0.7800919893
0.4682894175 0.8347933775
0.0738994949 0.1235032539
0.8769134826 0.4942801860
0.0092101272 0.1049705780
0.8913791806 0.4846753475
0.9381363518 0.5072152942
0.0913101122 0.0423767496
0.9181009441 0.5090307286
0.0754177443 0.1224436266
0.6875936690 0.1402801640
0.4740375608 0.8981478663
0.6550777839 0.7713973346
0.0650728568 0.0405173237
0.6924844526 0.8241657067
0.8102912953 0.7747555488
0.5943838483 0.7709546915
0.6194853007 0.1755857219
0.7849982704 0.7493121897
0.4669132628 0.8460781355
0.8575619372 0.4743511778
0.4670624787 0.8279791579
0.5760101713 0.1611352870
0.4472314167 0.8903902081
0.7180259661 0.1216119980
0.0070426574 0.0733417722
0.0846884364 0.0391389463
0.6087267415 0.7307058004
0.7039239900 0.1249167650
0.4689760640 0.8125888518
0.0946425138 0.0993751577
0.6418854578 0.7961573159
0.7380251619 0.1668033870
0.5786744953 0.1251942077
0.4579438201 0.8325792915
0.5821869833 0.1796983449
0.6011525438 0.8051411657
0.9357235164 0.5110254082
0.7372133369 0.1510282456
0.0877073647 0.0517918383
0.7280048347 0.0932594126
0.7810430872 0.2190835261
0.4885119996 0.9035637005
0.4655328929 0.9790383223
0.0720771786 0.1243696638
0.6276945094 0.7936933255
0.4741321352 0.8483387086
0.6735132239 0.2065503382
0.7235564912 0.1142411418
0.0628730857 0.1312469616
0.8128277230 0.7360571563
0.4324245586 0.9705345491
0.5917945206 0.8045164626
0.6979835864 0.8257933356
0.0700620750 0.1388962732
0.1074572520 0.0821606754
0.8864574822 0.4105337186
0.4392763144 0.8793893638
0.4446113739 0.8310924588
0.5919809851 0.7701304596
0.6134476771 0.0948991638
0.0395311885 0.1389427422
0.6927099405 0.1533305468
0.6659967181 0.8432381858
0.4471585391 0.9433802790
0.9066549066 0.5238019611
0.4267357601 0.9397304323
0.6637721886 0.1649098175
0.4767049241 0.8562613641
0.6900016237 0.8038978534
0.4624181922 0.8747985160
0.6364594512 0.7712809718
0.5937077508 0.7971730678
0.5863520971 0.7740303268
0.0515442069 0.1547856554
0.8145528915 0.8290941518
0.6518377937 0.1772638967
0.4693219717 0.9852252853
0.6261541083 0.7970917589
0.6879855274 0.1442229419
0.6126725349 0.7828379202
0.7002792963 0.1507856755
0.8750841891 0.4457009632
0.4504472586 0.8075215838
0.0849461368 0.1002925960
0.4824919798 0.8585272765
0.6257025669 0.1669644994
0.6212269414 0.7944861018
0.6503518789 0.7632192613
0.6109028745 0.7913893413
0.6041945555 0.8027388679
0.6673782234 0.0801197771
0.6174019340 0.0817143253
0.6219726331 0.1775193727
0.6962089733 0.1284418554
0.6722069018 0.1290592967
0.4575600870 0.8732684462
0.6527983244 0.8253336298
0.8716087833 0.4890839322
0.9149436040 0.4921311587
0.6112136968 0.1705535531
0.8043419345 0.3782952484
0.6295362819 0.1462442819
0.8872483092 0.4672265219
0.0983110618 0.1052154914
0.6151965390 0.1681548608
0.6516420115 0.8018942071
0.9221578398 0.5141257960
0.7010858968 0.8489130361
0.9248584472 0.5418938003
0.7917438823 0.7447799586
0.4684205306 0.8776216352
0.0862743055 0.0781683128
0.6011290388 0.1503266190
0.0948439975 0.1013528109
0.7129007537 0.1422182709
0.5982811454 0.8759378852
0.4518645665 0.8681301997
0.0730356573 0.1378999635
0.0565054721 0.1222920285
0.4810223598 0.8903423862
0.8826533065 0.4893467788
0.7160559697 0.1035769952
0.6226794901 0.7868042971
0.6668607554 0.1495377566
0.4137163435 0.9326256828
0.0796143829 0.0929112381
0.0890756882 0.1396335305
0.7845520422 0.1670317572
0.7032501110 0.8299554690
0.6327789454 0.8096137354
0.0844926764 0.1468295203
0.6603257563 0.2177674585
0.8632244133 0.7953344188
0.6213593634 0.7937748666
0.7780075396 0.2141904329
0.4540121364 1.0000000000
0.8904170192 0.4648347286
0.9019347918 0.5156418210
0.6803604762 0.7944913831
0.6200296529 0.0825640642
0.0918379809 0.1267506260
0.4623694740 0.8400758442
0.4669840771 0.8865484933
0.8356387843 0.8156299555
0.4823336679 0.9101118235
0.7230450310 0.1306886521
0.7469747518 0.8589590087
0.5899700967 0.8114637015
0.9133229378 0.5070323636
0.8945164545 0.5068563685
0.1016088549 0.0799003998
0.4675300266 0.8415365606
0.8170275951 0.8622102620
0.4446470695 0.8412856695
0.6604161045 0.8587766006
0.0178985531 0.1309449913
0.7895488921 0.4540862843
0.0808646825 0.1274863163
0.0692449145 0.0881956630
0.4663416453 0.8470285965
0.6092251375 0.1694189773
0.1124196264 0.0672073031
0.6418531121 0.1706112140
0.7747897538 0.1995258577
0.6454564364 0.8304383893
0.8015708344 0.3572085605
0.4693211953 0.8452010905
0.7766094592 0.4346742927
0.8973419410 0.4986809358
0.6544865882 0.1727594886
0.4702250324 0.8854379681
0.6327747303 0.8767346660
0.8947295853 0.4934153576
0.6730182055 0.8484551875
0.7607517359 0.0975271068
0.8703153673 0.5066484533
0.6632451074 0.7745339661
0.4513148677 0.9623327970
0.6204380556 0.7860646821
0.6450774176 0.1670401208
0.0438113756 0.0633740906
0.6166008798 0.7703263322
0.8702718515 0.5045866837
0.4518903454 0.9960525430
0.1181438321 0.0448807996
0.8866073083 0.4687390357
0.9577029692 0.4601764426
0.8900353604 0.4744517547
0.8942224595 0.4895845536
0.7056786755 0.8476013570
0.6196458532 0.8181998042
0.0819933641 0.1092607977
0.8843828675 0.5202241665
0.0624722924 0.1480753354
0.6007170531 0.1512020100
0.5990973742 0.1732037477
0.6175477335 0.1701836695
0.1046807609 0.0663716525
0.4350247237 0.8438164598
0.6495225277 0.8142968610
0.0221290459 0.1371645925
0.4857170728 0.9355837946
0.8018181162 0.1501876642
0.0874132366 0.1128741686
0.6117521367 0.1872278894
0.8944758227 0.4758942767
0.5804568787 0.7800919313
0.4835392204 0.9526027741
0.4842714348 0.8833430888
0.6605935176 0.2257745949
0.6782365111 0.1443033149
0.7883464815 0.8359798722
0.8040574347 0.8006851943
0.7883452808 0.4461054474
0.4710348719 0.8620752695
0.0707755431 0.1447719184
0.8717350046 0.4822426387
0.5735427498 0.0952450849
0.0578944275 0.1441107939
0.4442996531 0.8945742793
0.0850773386 0.1063516396
0.4849093852 0.8935417549
0.4852534960 0.8615811482
0.4398184259 0.8381181627
0.4717172145 0.8428644898
0.0718940196 0.1157582259
0.0880013153 0.0670101537
0.5923636977 0.1047352480
0.0710085738 0.1428807284
0.8907536647 0.4793544607
0.6454193654 0.1768469148
0.6165451845 0.9000657929
0.0994382792 0.1254710990
0.5949307407 0.1929899122
0.4837671264 0.9050008541
0.6087517772 0.1461990499
0.6651293530 0.1022182922
0.1047372438 0.0832844256
0.1070617387 0.0402121106
0.0443314353 0.1582692317
0.4152493237 0.8609085651
0.7891016656 0.4710478369
0.7217753224 0.1814263040
0.0759245817 0.0687000120
0.6859038690 0.8061027116
0.4590467006 0.8689683604
0.9000233918 0.4998230908
0.6252823950 0.8220163312
0.4683340536 0.8910037682
0.6416077688 0.8098230725
0.4170488783 0.9328846409
0.4348579150 0.9190486058
0.4733946630 0.8810966765
0.7885348401 0.1370471287
0.6312057772 0.8193083561
0.4924393573 0.9311172025
0.6140045748 0.1665462135
0.8830668229 0.4529743082
0.8899368814 0.4587165968
0.6386901037 0.8125250699
0.7878465797 0.8482607078
0.8861208478 0.5017250864
0.4745244095 0.8636319779
0.8885702551 0.4826942484
0.6753111867 0.8065838328
0.8988604677 0.5130593784
0.6907548084 0.1379936632
0.8853403590 0.5719725791
0.0506197156 0.0189380669
0.1039964438 0.0000000000
0.4630842732 0.8166653816
0.0891834183 0.0803865774
0.8730655360 0.4743937474
0.4813785170 0.8927097461
0.4589002578 0.9041082554
0.8492181435 0.7901499174
0.9631424310 0.5227774168
0.1019722445 0.0942871634
0.6589852528 0.1718447545
0.0670510890 0.1086282960
0.6168745644 0.1709730379
0.6302319909 0.7908151298
0.0687997069 0.0386566064
0.8893188197 0.5117406770
0.4687192731 0.8937411678
0.6774601542 0.7692331018
0.8846052828 0.4324248191
0.4275408298 0.9706380859
0.0771215043 0.1160444974
0.6582312528 0.1534862438
0.5955169559 0.7769995235
0.8846190596 0.4889218077
0.8802160788 0.4311804476
0.9189735892 0.5091732658
0.8954745116 0.4511669408
0.8796655370 0.4757830501
0.6770099883 0.8241575816
0.6821315508 0.2078859246
0.5991235857 0.7956285469
0.5933827635 0.8356667082
0.4501360481 0.8154894495
0.4903507550 0.9027055173
0.5947296230 0.1460335194
0.6525778171 0.2265412621
0.4851267756 0.8957153896
0.4949997004 0.9240009039
0.4723021429 0.8368229660
0.6492175733 0.8173862509
0.0713062515 0.0588589222
0.9274931987 0.5513518359
0.9078538479 0.5141368229
0.5769113018 0.8292390105
0.7875162458 0.7567070047
0.4667011303 0.8916762932
0.4801210074 0.8197996336
0.6167722031 0.8184805259
0.4795502107 0.8834860903
0.0975324144 0.1129209966
0.6727922351 0.1246672668
0.4319829005 0.9492884935
0.8330319692 0.8160918086
0.6413318767 0.7991992902
0.6712365930 0.1527382026
0.6175500630 0.8207379070
0.0460209525 0.1567923704
0.4716767491 0.9031082894
0.6703035050 0.1198581226
0.6305458636 0.8066881821
0.6194385792 0.1526488521
0.0908084660 0.0932433510
0.7656641180 0.4500698221
0.4691341096 0.8969718181
0.0845098476 0.1288258891
0.5085506240 0.9387918688
0.9002424238 0.5007402389
0.6297261518 0.1958492805
0.6118448143 0.8892179323
0.4715802002 0.8656481600
0.0841298637 0.0937475126
0.6033246280 0.1626805187
0.4814769295 0.8609515120
0.0905910979 0.0612949391
0.8913265468 0.4864450203
0.7964405171 0.1776257700
0.1066234527 0.0659847824
0.6224588607 0.1692067185
0.6910184821 0.1300576449
0.4518729302 0.8992713336
0.0000000000 0.0829376150
0.7962726519 0.8496758656
0.9141403978 0.5218881841
0.9007499046 0.4430736876
0.0598167980 0.1050423472
0.6495321227 0.8053562483
0.6739904887 0.1597299771
0.6518311160 0.8498350013
0.7886984708 0.8046773393
0.4659491491 0.8455298083
0.8994510755 0.5180990502
0.7919504409 0.7909962032
0.0679573443 0.1305663913
0.8181129218 0.7845951442
0.0905515643 0.1362337260
0.4546197156 0.8150888828
0.5825733675 0.7878574244
0.4155805228 0.9538090012
0.4349202326 0.8496181775
0.6490933154 0.8297954629
0.1002388010 0.0612574911
0.6253181904 0.1679816369
0.1134392024 0.0808136812
0.9486107550 0.5242039498
0.0933785483 0.1018292746
0.6208423209 0.1523896401
0.4480397033 0.8200974180
0.0785937864 0.0851896930
0.6325664136 0.1619890594
0.8907844575 0.5083427079
0.7902769745 0.8356367614
0.8996232973 0.5838708102
0.6262054332 0.1951981637
0.6347429016 0.1864998744
0.5901242045 0.8209621594
0.4265793118 0.8961243136
0.4530489989 0.8086306580
0.6483122831 0.8129325430
0.0687691804 0.0166139876
0.0643841915 0.1150010332
0.8989526240 0.5257699731
0.4893400973 0.9137443174
0.6380430574 0.1809140446
0.4886553587 0.9234203084
0.4805379735 0.8689163018
0.7066499549 0.1194941623
0.7371450765 0.8227318612
0.4545573981 0.8575993916
0.4666473539 0.8692602832
0.5893436602 0.1631246889
0.4978055200 0.9645185032
0.6435475544 0.1671362072
0.6228743405 0.1722554377
0.4749316587 0.8599036080
0.0960436710 0.1145525937
0.6998972937 0.1300374410
0.4815838831 0.9352295408
0.4756038849 0.8756699895
0.4532861116 0.8723053333
0.7923022332 0.8348515299
0.6121822585 0.1790000010
0.0774189157 0.0743830020
0.5889322403 0.1886955593
0.4183537750 0.9509497834
0.6078613842 0.1882740849
0.6381489462 0.1804156594
0.4562515742 0.8279806088
0.0790690768 0.1199132354
0.7842512476 0.1114237532
0.6263657750 0.8651167794
0.4592381790 0.8223943799
0.4761844873 0.9582275972
0.8393507261 0.7534024161
0.6198559447 0.7956013859
0.6480196636 0.1587897305
0.7847978293 0.1362090731
0.5746581759 0.8740517625
0.4171585163 0.8578311307
0.5985848907 0.7780571776
0.8817301574 0.4798416177
0.4695109653 0.8590164647
0.0586937514 0.0254669074
0.0808226198 0.1168475171
0.4546820332 0.8436093281
0.0787667403 0.1458805574
0.7904878369 0.8537550071
0.6774854194 0.1544795992
0.7415721433 0.8440884180
0.4220885894 0.9379896326
0.6863100754 0.1411501939
0.4931145785 0.9117111307
0.6491271919 0.1680146523
0.1030273608 0.1131547960
0.6512619943 0.0924436539
0.4878825903 0.8566040686
0.6160806537 0.7859387433
0.4752688922 0.8540997429
0.1022560787 0.1093364988
0.8906813085 0.4749899837
0.6504877062 0.8259597257
0.4733541755 0.8591468723
0.9100692483 0.5270388794
0.8898492730 0.5106644222
0.6141215561 0.8220463941
0.6382403482 0.1742631592
0.6067219539 0.1946469473
0.6746077074 0.8654616313
0.0956391062 0.0868449835
0.4212526826 0.9411956755
0.5946181103 0.1689186879
0.6259322588 0.1498563325
0.0684855680 0.1501637763
0.6957499056 0.1692542521
0.4626183448 0.8832270741
0.8970149459 0.5126310123
0.6138505558 0.1601654310
0.6618463462 0.1627484575
0.7801882261 0.4405874402
0.7738070477 0.7472802798
0.5735932206 0.7999041414
0.4786466620 0.8458350213
0.4801465866 0.8656563432
0.4682349313 0.8937065781
0.5964748466 0.1622628821
0.6757568546 0.1268603799
0.7078183642 0.8404467544
0.9216031050 0.4340546533
0.6466609573 0.8084632813
0.6813797416 0.8154353597
0.4830303420 0.9001406598
0.4714931243 0.8402902884
0.5850037844 0.8696138985
0.6022115424 0.7261422877
0.7219104537 0.1620958100
0.0194342398 0.0894671809
0.7392885408 0.7530022556
0.6871215400 0.8146256368
0.0722307428 0.0401415239
0.8377563213 0.3978306107
0.5931786952 0.7941982416
0.7667425895 0.4231389773
0.4772640736 0.8476103527
0.0782108298 0.1155631150
0.4895812477 0.9174101241
0.4657590684 0.8462878208
0.4670504545 0.8899003235
0.0498740793 0.1441659647
0.6312922209 0.7997632872
0.9149569482 0.4242033201
0.5952680518 0.8074380695
0.5861553609 0.8937106987
0.7779800899 0.4269531104
0.6287163372 0.1698894525
0.0649564302 0.1086668974
0.8889734666 0.4685230244
0.0594327765 0.0808977614
0.4525565817 0.9139859226
0.7762116165 0.7520412901
0.5958286101 0.8821195088
0.4649200557 0.8976542673
0.0378541392 0.0847692924
0.5824508733 0.8443306616
0.6421661862 0.8453240695
0.4417071640 0.9679132803
0.8460775197 0.7626705278
0.6884814221 0.8189201511
0.7814513763 0.4519436701
0.0324871556 0.1281940983
0.8683820264 0.5672977527
0.5928314341 0.1727992617
0.0132440614 0.1281152052
0.6956560023 0.1136102143
0.0713651748 0.1223056598
0.7187817321 0.0604987822
0.6237780432 0.0754594308
0.1023000493 0.0968352412
0.6308630308 0.1864962399
0.5998164106 0.7977666634
0.8767583987 0.5598487898
0.7315285233 0.1589491382
0.0586021275 0.1466240608
0.8916757601 0.4966172800
0.6411921670 0.1705759969
0.4865329244 0.9299535161
0.8794379416 0.4424508997
0.6416395265 0.8969365320
0.0801178039 0.1385482584
0.5876264673 0.1449221708
0.8875406071 0.5014293332
0.0164316840 0.0337965571
0.0408023419 0.0337210228
0.6182450731 0.1728421850
0.9336721848 0.5241202614
0.8808934519 0.4908236873
0.6637661432 0.7538033891
0.7726784757 0.4380174900
0.7954626266 0.3701498785
0.4620904982 0.8483480525
0.6476320814 0.8308624608
0.4492276187 0.9084039885
0.0899494647 0.0816210029
0.8889541656 0.4006038912
0.4853997170 0.9008900829
0.5900237066 0.1554022189
0.4267302582 0.8429106287
0.6363845104 0.1729844520
0.8892909332 0.4494848739
0.4940592137 0.9026524141
0.6077812632 0.7943845382
0.0583702948 0.1223912924
0.9065639261 0.4845564891
0.4609461540 0.8429051153
0.0271477701 0.0668204184
0.4362230439 0.8922071515
0.7910843792 0.7688187225
0.5817546762 0.8028687532
0.6382108755 0.1777787769
0.6738014508 0.1159280765
0.7064066159 0.1854272860
0.8704831854 0.4498551457
0.4561453526 0.8428991956
0.4696030995 0.8928775292
0.0905869271 0.1145845500
0.6128075414 0.7870673178
0.4677112999 0.8560385046
0.4845585746 0.9103933578
0.0754585203 0.0210747324
0.7449054268 0.7831901427
0.6416377628 0.1665478421
0.6443425189 0.0827149441
0.9290955956 0.5760533166
0.8892595526 0.4707301171
0.8128878054 0.7763632132
0.4639621095 0.8422082150
0.6271900901 0.7781531697
0.0657833965 0.1431457948
0.4503697000 0.8731992669
0.4092728086 0.9391562789
0.0235676069 0.1233799412
0.6017842381 0.8011491367
0.8861668150 0.4873645189
0.8836018685 0.4644137041
0.4470832434 0.8575620743
0.0652672857 0.1045630107
0.7899687146 0.4528848452
0.4875154072 0.9064916914
0.7535704947 0.8722352835
0.0683348434 0.0264349823
0.6328148629 0.7927596371
0.6901583327 0.1696518227
0.4503466055 0.8381995877
0.9121071802 0.5107266372
0.6171455647 0.0802226610
0.5870753820 0.1786583882
0.1048529161 0.1147816123
0.7809134744 0.4505052106
0.4232041819 0.9017469893
0.1024081344 0.1254855718
0.4724767607 0.8510945057
0.0785691611 0.1236143500
0.7928932875 0.8691873895
0.0192567158 0.1327971410
0.6000101851 0.1623579782
0.4865402898 0.8585085307
0.4388853047 0.9571748762
0.6264551138 0.2055617836
0.6463366244 0.0660778436
0.5944071869 0.7888804888
0.6165606141 0.7983642054
0.8982300379 0.4942017789
0.4899230291 0.8882999136
0.6219552290 0.1755767353
0.6318987796 0.1871474801
0.7858471748 0.4618417371
0.7023003566 0.1520948881
0.6116553992 0.1199169860
0.0673842182 0.1480320911
0.6454967908 0.8586616886
0.6733388501 0.1577816867
0.4666577587 0.9812441672
0.6306517968 0.1796145059
0.0910633711 0.1426632228
0.4905941683 0.8856254835
0.7406947479 0.1556345964
0.4984851338 0.8817848713
0.4953452532 0.9378538856
0.5848815342 0.1456490831
0.4761173335 0.8801743632
0.4392319224 0.9781361476
0.4447000915 0.8932280686
0.6970842140 0.8481150946
0.6246845771 0.7967141745
0.6550369192 0.1797626147
0.6102469210 0.7922222206
0.0756940801 0.1194840640
0.5944141419 0.7853312190
0.5905754242 0.7505425018
0.4661879701 0.8415158996
0.6492598801 0.8440020019
0.0486905121 0.1368000155
0.0613314090 0.1406785616
0.6795096944 0.1016718293
0.4331511823 0.8527331615
0.1009494738 0.0979892574
0.6500863361 0.1959706617
0.6262220941 0.1772995438
0.4707756851 0.8551013919
0.9048720351 0.4938185070
0.6169762603 0.8831405420
0.1059747648 0.0804272826
0.6012002636 0.1321002770
0.0836783999 0.1086550797
0.6408024883 0.1869767862
0.5068855103 0.9200785185
0.6232684784 0.8181270266
0.0790433423 0.1454790548
0.5985338764 0.7963996757
0.8469501814 0.8297645875
0.8938597466 0.4888642357
0.4707125911 0.8448013363
0.8770419113 0.4781246129
0.0640543900 0.1010240786
0.0993431502 0.0350190343
0.6218092410 0.1660022426
0.6123158230 0.1729523706
0.8758096925 0.4828026893
0.6274095326 0.7734944774
0.8900010846 0.4951850304
0.0928322217 0.0842869815
0.6082408356 0.1781060783
0.6734060373 0.8008429951
0.0320478936 0.0357051398
0.8903528825 0.4908959135
0.6223559447 0.1723107191
0.8623570815 0.4804065723
0.6171379331 0.1653193146
0.0408787468 0.1521337470
0.0952877409 0.1061960442
0.4717153731 0.9020735597
0.8787964970 0.4568074627
0.4969217381 0.8970780246
0.8935648864 0.5065446553
0.8361893982 0.8133249846
0.6280157697 0.7814987900
0.4786446654 0.8997169365
0.0663802160 0.0454107003
0.6990794454 0.8362632636
0.5811237361 0.8029917902
0.8669485124 0.4520238763
0.6119750954 0.1699954667
0.7017755382 0.5059976920
0.0925540668 0.0785809293
0.6124657933 0.1650970282
0.4576665304 0.8419241852
0.4977008070 0.9334701114
0.0574195808 0.1328942285
0.6416074471 0.1735693929
0.4530901298 0.8446437676
0.0248256712 0.0867138359
0.6836323906 0.1279982863
0.6065219122 0.7395101438
0.4865277997 0.8555796113
0.4921860051 0.8864246438
0.0478093258 0.1261792801
0.7823932051 0.4049692243
0.6767550222 0.0597956721
0.4533953947 0.8445234583
0.8747860123 0.4587101838
0.4636997946 0.8212984799
0.0801070220 0.0918994327
0.6871439079 0.1182370809
0.0680811807 0.1029274236
0.6079724420 0.1616742014
0.4708397774 0.8325393625
0.8874997535 0.4760210861
0.8234627065 0.8080468706
0.0933793914 0.0990891909
0.5913592075 0.1457074386
0.4947838408 0.9342418205
0.9053343140 0.4830221537
0.8983251892 0.5067911066
0.6391758321 0.2233170320
0.0796814702 0.0278821908
0.4753516642 0.9027810806
0.6062757369 0.1823667501
0.0807631641 0.1213651883
0.6877522415 0.7883399964
0.6143052808 0.7949400039
0.4847023331 0.8863839603
0.4834721775 0.9628008600
0.9022827850 0.5049925317
0.0878527205 0.0539560566
0.4377489471 0.9687269496
0.6550120388 0.7668577909
0.5748829760 0.1407393837
0.8842620150 0.5318322740
0.0528123875 0.0255386548
0.8630155198 0.4598447360
0.1057804689 0.0802877415
0.7783896283 0.4339632461
0.4659820050 0.9643476442
0.0568860771 0.1226572584
0.5957812008 0.0961543300
0.4984687613 0.9185868107
0.0082779155 0.0680854944
0.4640876542 0.8384924390
0.0688168337 0.1249952084
0.7831644345 0.8071524727
0.0825181269 0.0554633761
0.9169630225 0.4513008887
0.0855772100 0.0592487087
0.0779635563 0.1333110600
0.7489761659 0.1543018066
0.8882012749 0.4477198440
0.6043892395 0.7802996433
0.6771015899 0.8099286986
0.9281386477 0.5355977291
0.4737439651 0.8909869957
0.6356760783 0.1753055678
0.4769094028 0.8581749379
0.7962858464 0.1371033232
0.8188915360 0.3656984050
0.7171380795 0.1426749425
0.0164321277 0.0792936445
0.4709251451 0.8347302339
0.8129674161 0.7494419009
0.6314004391 0.7942555815
0.6561728664 0.7884592611
0.0362685363 0.1506245268
0.9001833564 0.4677940301
0.6197956127 0.1963823406
0.9098662227 0.5207572882
0.4209874393 0.8301498907
0.6966192507 0.1506110369
0.8826312436 0.4373639864
0.4494660626 0.8306556193
0.8931821849 0.5102597349
0.5993064784 0.7370723858
0.6155874157 0.7886429461
0.7273084047 0.1011634021
0.7244599817 0.1389208407
0.5923673471 0.1606370995
0.8911779187 0.8111291801
0.9220060725 0.5032223076
0.6329222824 0.1744047750
0.8893137504 0.4775764017
0.0989097893 0.0952945218
0.4767516678 0.9881851381
0.6642909393 0.1604917003
0.8890058899 0.4986504377
0.4707030294 0.8544542288
0.0660757054 0.0491072083
0.0484359620 0.1439837959
0.6624127946 0.2047753297
0.0887000082 0.0846720815
0.4835372459 0.8800507458
0.4888370535 0.9084130421
0.6582414468 0.8501532725
0.6078980781 0.8336350884
0.8437738343 0.8129400877
0.7282063295 0.1052585180
0.0226997316 0.0938286619
0.9549490845 0.4930391952
0.6423319632 0.8589218074
0.8797258135 0.4415781204
0.6101928008 0.8335902263
0.8935377653 0.4754717142
0.1170661315 0.0984482812
0.1255882146 0.0589609791
0.4786246767 0.9728569889
0.0714162445 0.0587929639
0.4776519110 0.8551853705
0.4431857689 0.9726329107
0.4718819821 0.9202010912
0.0881814571 0.0760155785
0.5070495458 0.9533054780
0.5941353214 0.7870721348
0.6752573549 0.8225514842
0.6820712854 0.8147629508
0.4309931411 0.9135616190
0.0942393688 0.1341567363
0.0786787991 0.0912363532
0.1043967491 0.1055706447
0.1107886775 0.0733327330
0.8555451698 0.8193255929
0.4722664695 0.8920607839
0.0122721830 0.1344888130
0.7808237501 0.4390583716
0.4706124704 0.8947205308
0.6000536676 0.1785967101
0.6754318839 0.2238256207
0.1182197046 0.0546423652
0.0812099247 0.0537767969
0.0616742553 0.0953908621
0.0794397874 0.0872425323
0.6048846295 0.1433918108
0.0983548105 0.0871019901
0.8722411099 0.4879247436
0.8891012630 0.3988834042
0.8717332409 0.4884735061
0.0787969562 0.1392272907
0.0820306792 0.1105031523
0.0975097414 0.1059508407
0.6911966217 0.0953131804
0.5710139537 0.7761470859
0.6341871242 0.8120919448
0.4807438055 0.8285832000
0.4321010354 0.9068398513
0.6326166847 0.8340792985
0.6298354682 0.7908349783
0.8948466886 0.4756484058
0.6227602877 0.7941993443
0.4397096087 0.8373140113
0.7680521076 0.4370569597
0.6574295774 0.7590700119
0.4712972977 0.8249695679
0.6509826303 0.1660000154
0.7533164174 0.1366641089
0.8900260094 0.4310428580
0.5973359555 0.7960330021
0.6849208926 0.1158020651
0.4844230467 0.9303912841
0.8805638279 0.5051331247
0.4776850553 0.9540219365
0.6349540358 0.8135123839
0.8679097531 0.4878259367
0.7756853492 0.8497145178
0.6536052799 0.1693715598
0.6577617970 0.2289699755
0.0954203626 0.0632873263
0.4419713424 0.8866522622
0.6238179553 0.1561554434
0.6362083175 0.1765010817
0.0430725724 0.1444358844
0.0853277180 0.1114282152
0.0707249170 0.1446527190
0.6210453354 0.1618620832
0.0768156625 0.1105238641
0.4718018944 0.9757172514
0.6490452295 0.1124208976
0.4670828667 0.8445749946
0.6641632669 0.1660264393
0.8013614805 0.7962198791
0.8792786425 0.4755162571
0.8801760793 0.4374600365
0.6930790149 0.1250605718
0.8027009247 0.4432255106
0.6162273628 0.1773214035
0.6637555610 0.8018110411
0.4580771517 0.8971944455
0.4782961620 0.9004371093
0.4695432223 0.8352946372
0.1146802730 0.0710148201
0.4429483899 0.9182613430
0.9014708268 0.4996629395
0.0294814940 0.0471384274
0.0582339017 0.1129331988
0.4723221981 0.8540734525
0.9039070895 0.5154529998
0.4484043573 0.8461756946
0.4331686640 0.8518349912
0.8804037967 0.5175367362
0.6332331490 0.1709243400
0.4613394489 0.8185318880
0.9580301750 0.5102614470
0.6294361058 0.0841391774
0.5998683234 0.7779449933
0.9023953292 0.5251896678
0.0570736731 0.0138461189
0.6693222590 0.8841605305
0.4386371882 0.9953872145
0.4796916398 0.9362087878
0.6243262902 0.1488436711
0.6936975369 0.8922808576
0.4827020934 0.8318275469
0.8963764741 0.5063527582
0.5858236515 0.8364194974
0.6128721773 0.1785663898
0.6677807820 0.7647882154
0.6405315878 0.7895407681
0.8990680967 0.4830583103
0.1015757106 0.1238902765
0.6504550722 0.0908805832
0.4723866897 0.8812428701
0.6821160768 0.1919346648
0.0998480797 0.0894464547
0.4806023543 0.8763663094
0.0808569621 0.0547633709
0.4471192496 0.8287337462
0.6236420840 0.2045451739
0.8957469095 0.5134656618
0.4750103931 0.9906621867
0.0078899451 0.0903381176
0.0925947540 0.0551358336
0.4554547572 0.8396989563
0.6031798823 0.1709873239
0.6378952612 0.1856283193
0.0579712762 0.1415334984
0.6707945467 0.1161701896
0.8091561135 0.7831694237
0.5994368039 0.7874640541
0.4581053709 0.8835427337
0.4979648523 0.9492488546
0.6154386101 0.1599497970
0.4498831840 0.9480248685
0.6328611961 0.7776199899
0.9091321227 0.5118070125
0.6364252752 0.7967031476
0.6757993776 0.1721735430
0.6240901092 0.7919782939
0.7799028250 0.8741759603
0.5933453707 0.1667451729
0.6026431729 0.8066992670
0.4488798474 0.9823346698
0.8953312745 0.5000688746
0.6113584980 0.1672374661
0.0950386927 0.0716603437
0.6727208328 0.1626150247
0.0489543356 0.1525335919
0.6102189901 0.7939353370
0.7673501223 0.4410130352
0.0630826004 0.0357071421
0.8924103039 0.5055855179
0.6392919038 0.1907453879
0.6133934016 0.7804671942
0.0188397275 0.1104219160
0.0645202297 0.1374254150
0.8910907207 0.4981274723
0.0851084419 0.1467011185
0.6225251605 0.8018497513
0.4765828847 0.8685102797
0.0888338722 0.0987686127
0.6815416918 0.8185058878
0.0732721045 0.1348146362
0.6305318427 0.1617581909
0.5913433785 0.7399538896
0.6020833800 0.7931479581
0.4791704931 0.9023221293
0.6200057153 0.1560994021
0.6308361315 0.1660578994
0.4765369618 0.8445329182
0.4619984529 0.8360651856
0.6090441083 0.7345586002
0.0545857638 0.1007604051
0.5738597950 0.7793219053
0.8934108230 0.5018044511
0.8927655515 0.5009367209
0.8962664700 0.4877559159
0.1108767517 0.0936979423
0.6360743648 0.1714548011
0.6934725371 0.1371287333
0.8994194287 0.4933889511
0.6159646930 0.1648883150
0.9618573011 0.6633429744
0.6335589462 0.1556590696
0.6882257571 0.8133513331
0.0924253497 0.1406125598
0.6654869412 0.7941716029
0.6325791588 0.7655381028
0.0881677024 0.1307788914
0.0944804749 0.1285110057
0.0610639916 0.1513031855
0.4806067469 0.8765585838
0.1052754507 0.0843790416
0.0490151224 0.0483341353
0.7730841469 0.4460805208
0.0722873145 0.0493283557
0.9041311021 0.4307039258
0.6677165067 0.1626370495
0.8998874424 0.4786346942
0.6485514369 0.2182374059
0.6371068524 0.1595885716
0.6090618896 0.1755576812
0.8427611578 0.7655566745
0.5675507939 0.8607137952
0.4861136953 0.8984900485
0.6327406542 0.7886355755
0.6203645902 0.1522830854
0.4708725224 0.8488296379
0.0809324797 0.0959554395
0.8859562909 0.4743590707
0.6186374140 0.8845855305
0.0809252030 0.0167451642
0.6276924684 0.1768418112
0.5933033635 0.1620974415
0.6278079300 0.7850579840
0.4742644685 0.8911159524
0.0449516378 0.0248093993
0.0765464259 0.1276871075
0.6870356787 0.1545884153
0.8799451672 0.4948864915
0.8046852051 0.7998332790
0.4904375203 0.9695154892
0.6324920607 0.1696209655
0.4608899374 0.8023641853
0.0958571843 0.0774109387
0.6053644567 0.8105342497
0.0677720112 0.0507348226
0.0186230692 0.0986188210
0.4628211596 0.8902988009
0.6265434875 0.8707348122
0.4773046055 0.9725852628
0.4415122026 0.8445965261
0.7046109581 0.1314325255
0.0831288787 0.1122873052
0.7663456716 0.1225663679
0.0793378697 0.1107854773
0.6519868654 0.1787798964
0.4641294950 0.8407403602
0.6776531910 0.1413549134
0.6676255595 0.8808236156
0.5909588911 0.7986144000
0.4639653042 0.8923415636
0.7905189790 0.7562911164
0.8982087293 0.5074947971
0.0182580824 0.0965641825
0.6112810170 0.1906068208
0.6130823908 0.1913282504
0.0663064289 0.1308012789
0.6127991777 0.1423572262
0.4686093467 0.8423339217
0.6392689313 0.7841713049
0.6138344495 0.1485325311
0.7818206171 0.4049627243
0.7157889571 0.1223848068
0.4744443219 0.8920375694
0.0214902080 0.1174481495
0.4603208712 0.8389960202
0.6137821374 0.1600872270
0.4605461372 0.8909412631
0.0353392974 0.0401412482
0.6627681087 0.2080012773
0.8890518682 0.5302472438
0.7093890588 0.0667585372
0.8976106341 0.4940456031
0.6672554035 0.7781280980
0.4896012142 0.9208398391
0.4676913778 0.8894510062
0.8187898623 0.4474312293
0.6673899664 0.0979144558
0.8960636774 0.4852975260
0.4859958489 0.9575996441
0.1018740095 0.0684973927
0.6256214144 0.1857582318
0.7835260548 0.4251403166
0.6233195370 0.7967936263
0.8302772859 0.7972458453
0.6196006181 0.1766849844
0.4655780392 0.8535676078
0.7479342371 0.1474896545
0.9300353280 0.5087793152
0.0838734500 0.1014702256
0.0643971919 0.1289461911
0.6541654721 0.8001708183
0.7918949313 0.4420744181
0.4297750319 0.9038096004
0.6051250367 0.7923416594
0.6978367775 0.1357550496
0.4703717193 0.8810115953
0.6021714320 0.1883116136
0.6900248458 0.8415324980
0.4113939118 0.9123321774
0.9001592968 0.4491824756
0.0833923915 0.1026045747
0.6086052789 0.1879376356
0.6503527108 0.0929908857
0.9177813921 0.4806853499
0.0681916174 0.0260327035
0.6217983481 0.1738581526
0.4735160147 0.8540249921
0.4679025120 0.9536387226
0.6829792933 0.1772892822
0.6974030783 0.7357211840
0.4465957513 0.8515450417
0.6319512803 0.9304577357
0.4727857083 0.8481065053
0.0840624214 0.1078337786
0.6278356057 0.8019976859
0.0602115127 0.1327156507
0.0613713863 0.1519280554
0.0548225216 0.0188099227
0.8860977422 0.4714831674
0.0764381634 0.1367647729
0.6290862047 0.1738904571
0.8755910154 0.4909051413
0.6287881943 0.1831127291
0.7841915146 0.4328627322
0.5929647324 0.7319448180
0.6376321477 0.7821869267
0.6137827253 0.7977042743
0.6775033594 0.1667340190
0.8040486772 0.7978295167
0.4483527551 0.8692301043
0.6035975029 0.7690425105
0.6347609047 0.8751250284
0.7334899532 0.1622285717
0.7673655624 0.1332587257
0.0604428130 0.1463130042
0.4744801727 0.8775365540
0.6636895385 0.8211384737
0.8861000716 0.4920276800
0.9152135726 0.5002073493
0.6908688723 0.1420302785
0.0643825055 0.0806939523
0.8982757279 0.5274873841
0.4652912544 0.8161252375
0.6255104785 0.1025761804
0.7851781487 0.4723418730
0.6225843388 0.1747652677
0.0448028211 0.1622609814
0.9031846033 0.5106755072
0.6852444767 0.1440291731
0.4704508974 0.8690168788
0.7786935801 0.4515197147
0.6232753668 0.8841638966
0.4888518509 0.9445154696
0.9412816455 0.5096737711
0.4608519567 0.8325264204
0.0317272323 0.1381923288
0.6197506660 0.1741069707
0.6594166835 0.1510331207
0.6096783428 0.7793290437
0.0824565415 0.1219879109
0.7879672464 0.4521507727
0.9157336767 0.5900735880
0.4667331431 0.8464033131
0.6331054636 0.8149422830
0.6708211409 0.1534563406
0.8782114243 0.4974378266
0.6739889247 0.8336531377
0.0390504406 0.1341734290
0.6923141332 0.8165762378
0.6665402827 0.7552825030
0.7045845636 0.1306787352
0.4785119550 0.8828100831
0.7964330851 0.4548921478
0.6932784021 0.1241810385
0.5813471386 0.1393051790
0.0855374102 0.1304823692
0.4645909198 0.9088630558
0.5754750259 0.8581910720
0.0713676595 0.1354081157
0.8935970213 0.4907818141
0.4738505416 0.8949661406
0.6943897351 0.1483058883
0.0651505485 0.0228241795
0.7811220157 0.4336491390
0.9495411919 0.4308245253
0.0925809993 0.1480840554
0.4858319243 0.8977732418
0.4822818439 0.9137483800
0.6926772509 0.1579158014
0.6996107695 0.1521530840
0.7315832786 0.7685078218
0.9107725002 0.4797771684
0.0364030215 0.0556484975
0.7481382998 0.8241727291
0.4618254102 0.8970332205
0.4331642714 0.8583246136
0.0844559825 0.1007586785
0.4876989211 0.9254012625
0.7745448208 0.7594238014
0.5931857944 0.7840518081
0.0850911377 0.0844079364
0.8890059120 0.5757595367
0.4408676410 0.8298056192
0.6101701721 0.7856633029
0.6198053186 0.7338640794
0.6426891853 0.1427125754
0.0926142767 0.1506731213
0.1121744383 0.0630729256
0.9100659761 0.5107728921
0.0806306312 0.0955661318
0.4818645449 0.8898970734
0.1005742819 0.0616485399
0.6817662423 0.8200504667
0.8894713634 0.3751356926
0.4682526571 0.9000710162
0.6130864395 0.1910575744
0.4131381593 0.9125615950
0.6061474857 0.1669798355
0.0175830387 0.1167212735
0.8846376063 0.4479805722
0.6381465613 0.1710772820
0.7895082465 0.7652581936
0.4666800989 0.8764781454
0.6977849701 0.8125561193
0.0642969603 0.0918624926
0.8743454413 0.4200956682
0.6450387160 0.8401566308
0.0898188397 0.0456399003
0.0669689159 0.1297445316
0.8692023261 0.5098821506
0.5921506667 0.8727807669
0.4908735655 0.9024455726
0.0866952428 0.0432949714
0.4726441017 0.8562700115
0.6650210128 0.7781730181
0.6411790002 0.8730545823
0.5925704060 0.7917938545
0.6933334485 0.1257710888
0.4407988899 0.8431170639
0.4600481516 0.8315533252
0.6058928801 0.1479053796
0.1031917956 0.0508030153
0.7857486181 0.4284454130
0.1038005951 0.1070203414
0.5988793848 0.7650555308
0.6559120157 0.7821552969
0.6047049979 0.1355995703
0.4602106563 0.8833462808
0.4986538504 0.8842188570
0.7456331140 0.8134183651
0.6098098663 0.7957131639
0.6144770700 0.8733065180
0.4734465315 0.9246838174
0.0786650888 0.0706719414
0.8984926190 0.5055839510
0.4511067507 0.8811464717
0.5965515400 0.8798649715
0.6580311889 0.8395644281
0.6456036890 0.1702268358
0.4440739878 0.8686156156
0.4752068408 0.8811123463
0.9741281086 0.4945332244
0.6502546089 0.8250467562
0.5880515531 0.7844403033
0.0745036355 0.0320449191
0.6349162659 0.7933005356
0.4458664210 0.8181698574
0.4719433900 0.9242435538
0.6881565678 0.2081586264
0.4643359481 0.8465414976
0.8921154880 0.4577578366
0.7846538712 0.1439139311
0.6339730394 0.7866909522
0.8987789602 0.5179949620
0.0919154508 0.0277776238
0.6212287495 0.7950869519
0.6111086954 0.7806995717
0.6658955991 0.1527187423
0.6457102545 0.8522879648
0.8883938847 0.4975906073
0.6581419140 0.8268236546
0.4439193587 0.8408352496
0.7755819285 0.4569772190
0.8897870220 0.4958257225
0.4561350144 0.9028385366
0.5969580571 0.1799533057
0.0448364535 0.0294956878
0.0312537167 0.0409035554
0.8936542918 0.5147690417
0.0789871256 0.1082477663
0.8996045399 0.4677257794
0.4657285420 0.8351144925
0.6031713966 0.1361001554
1.0000000000 0.4895107894
0.6093415863 0.7829898593
0.0807292655 0.1102459281
0.1095039025 0.1183901517
0.7882910940 0.4677352393
0.6288192865 0.8001847470
0.4856222543 0.9430412308
0.6202822507 0.7963808719
0.6802387141 0.1199896620
0.4852709334 0.9075580509
0.6260820073 0.7900199160
0.6046326750 0.7800608819
0.0880219473 0.1437799288
0.9002007605 0.5470164350
0.4025764805 0.9171710725
0.5997594619 0.1307365829
0.6212744394 0.1805482506
0.0947264616 0.1500811108
0.0377325657 0.1285442460
0.0834251809 0.1027262479
0.7072338517 0.8345398167
0.6009703166 0.8145190241
0.6172930503 0.1995579181
0.0739205706 0.0507011180
0.6152529110 0.1427228116
0.4628239106 0.8698758165
0.0430621898 0.0388410894
0.0714038653 0.1327593956
0.0669635472 0.1561224062
0.0219395864 0.1428004678
0.0576825169 0.1235498136
0.5849709174 0.1106083722
0.9032279638 0.5257913885
0.4823414549 0.9042171896
0.4565268894 0.9823884114
0.0184510027 0.0878716171
0.4648560522 0.9070477375
0.6253773355 0.1994362431
0.5793763939 0.7967189335
0.4539963185 0.8060415993
0.6111598206 0.1501409790
0.4844736728 0.8919566667
0.0632575953 0.0862763943
0.0889943138 0.1277268043
0.7692622329 0.1301629736
0.4898478443 0.8922435983
0.6473317526 0.1623991078
0.7692496423 0.7506157437
0.8843518530 0.4666590426
0.6443708823 0.1772812478
0.4643295811 0.8571617397
0.9024863430 0.5104744113
0.4835836125 0.8436543643
0.5016503275 0.9117689929
0.0828879057 0.1135000614
0.4501264642 0.9040413975
0.8823366829 0.5088837806
0.9364171733 0.5072053409
0.8827231558 0.4783664793
0.0963122420 0.1313980810
0.6609567296 0.8453262749
0.0486101582 0.1278431671
0.8944812580 0.5277271032
0.6617124822 0.7811707686
0.6424332375 0.2184592135
0.0850805333 0.0737216635
0.4478405046 0.8832046721
0.6223768208 0.1761947551
0.6686723786 0.8155473118
0.4505709175 0.9098160124
0.4616817405 0.8484284908
0.7840887400 0.4541348027
0.0613179206 0.0338338599
0.6068071331 0.1595275210
0.6567082780 0.8052935110
0.4342446342 0.8989806876
0.6682172543 0.7700429408
0.8978860824 0.4960397024
0.6863480672 0.1697104866
0.4382948965 0.9717194188
0.0838994952 0.1182236165
0.6816427054 0.1425968038
0.4496448067 0.9156724584
0.6207500537 0.7884434752
0.7567802011 0.1054980412
0.0929871170 0.1174344675
0.6748824125 0.1330954622
0.6255990852 0.1768114836
0.7983816921 0.7482567410
0.6892438967 0.1173802543
0.6514058416 0.8503929045
0.6256836321 0.8245316258
0.6878053634 0.8193179321
0.0934415092 0.1207764968
0.0992586699 0.1049189112
0.5614216241 0.8131505854
0.6059277327 0.1814980061
0.9388904183 0.5145330079
0.7323891303 0.0849686037
0.7989917976 0.1539783302
0.4898023651 0.8584350568
0.6278093942 0.7731544425
0.0741535570 0.1176945065
0.7832391201 0.3915232659
0.7043807671 0.1010302595
0.8388416646 0.4108147015
0.7930631826 0.4129253958
0.4575805859 0.8545917749
0.4476218719 0.8156499200
0.7726895238 0.1602383458
0.5767589245 0.8554962711
0.6029524755 0.1680315844
0.1151895064 0.0769044919
0.8899575577 0.4935627119
0.8972319370 0.4667724166
0.4690175055 0.8649250854
0.0347770420 0.1350125981
0.4379693102 0.8379170668
0.8919751571 0.4751184761
0.4636267618 0.9893319360
0.5823895651 0.1287125514
0.4490843926 0.8746698495
0.4856055934 0.9124647324
0.6247086478 0.1736992346
0.4301906226 0.8454234277
0.4659105473 0.8462538695
0.4822810452 0.9680926125
0.0895411728 0.0432753406
0.6139290795 0.7674172031
0.5757441404 0.7883405188
0.4516317354 0.8934782632
0.7804603759 0.4564067218
0.4509223272 0.8332354502
0.0450842151 0.1640466395
0.0777077638 0.0417029914
0.6057307414 0.8793909308
0.6792078015 0.8531684920
0.6820762105 0.1579924601
0.8730296851 0.4251947837
0.8737841509 0.4438494302
0.5804767009 0.7980681621
0.6558452501 0.1615402790
0.6436282078 0.1776621021
0.6047640543 0.7992712552
0.5985411974 0.7869845580
0.4161258068 0.9371104982
0.4728411707 0.8806394083
0.6278154950 0.1985691912
0.4669514874 0.8750407016
0.4555194264 0.8123885104
0.4603126849 0.8513126643
0.0424237069 0.1273046988
0.6111828708 0.7908934789
0.5702107919 0.7933344289
0.4880417895 0.9336756181
0.5833700291 0.8117056549
0.1167325142 0.1122495888
0.4646155895 0.8259069707
0.9054514173 0.5171763886
0.7444789835 0.1198399645
0.0596091025 0.0279131822
0.0683120817 0.1539086467
0.4887755346 0.9040555004
0.1030255416 0.1309396810
0.4870132064 0.8425981031
0.7874740500 0.4444372802
0.6740852628 0.7707086175
0.5774690093 0.8258427825
0.6268037059 0.7902301236
0.8650685041 0.4745402892
0.4560483600 0.8884413482
0.0960437154 0.0237992189
0.6895967927 0.8264946466
0.4587920618 0.8030490721
0.6755835291 0.1222436987
0.9544203062 0.5265007375
0.8023439522 0.7746463825
0.6659729025 0.8677342179
0.0110976229 0.1236568326
0.8808208849 0.4550188701
0.4765162855 0.8945556496
0.4128134825 0.8599928679
0.6480241006 0.8872898494
0.4676092713 0.8349143252
0.0914941585 0.1153579494
0.5869370921 0.1680781876
0.6088965340 0.7880254976
0.8708521766 0.4806925754
0.6710874547 0.7752371923
0.7596806704 0.7965235832
0.6962706696 0.8347724844
0.0377291936 0.0231081513
0.0915839188 0.0794396784
0.4883418854 0.9866292421
0.4556733456 0.8834384424
0.0247419008 0.0635267552
0.4928568115 0.9068210476
0.6576337566 0.7621828485
0.7795155659 0.8309673324
0.8285310917 0.7939196672
0.7282939019 0.1646861672
0.8847940767 0.5010675057
0.6228426604 0.8000843442
0.4892070985 0.8836713422
0.8915113918 0.5181381667
0.8893770663 0.5031264026
0.6080266177 0.7361936577
0.8899502811 0.4863788009
0.6503532765 0.8435848368
0.4626634024 0.8466301771
0.0793357399 0.0865656401
0.5805602938 0.8168963082
0.1023406034 0.1223156348
0.6147593957 0.1527635065
0.9003241976 0.4999151074
0.7351701111 0.0781516781
0.6159368620 0.1896347013
0.0619993979 0.1436593692
0.4791669879 0.8346504340
0.7902164900 0.7843550479
0.4758938866 0.9605837561
0.8823258012 0.4438083115
0.6254117555 0.7850632653
0.4625355949 0.8946685303
0.5831809911 0.8047959656
0.8767576444 0.4179832039
0.8320861748 0.4541903144
0.6903606983 0.1558574631
0.6300755981 0.7976379388
0.4832899947 0.8329170629
0.4748470231 0.8789410912
0.4317304358 0.9107425043
0.6000535123 0.8874006988
0.0774004578 0.0375583704
0.6881367511 0.1457348789
0.6171778327 0.7782154426
0.9219335832 0.4862258751
0.6029401850 0.1637400300
0.8835340269 0.4756871160
0.6638180005 0.7808424571
0.6677917081 0.8139323928
0.0913480484 0.0999276563
0.8829626535 0.4951370344
0.6041505960 0.1807387730
0.7583147606 0.7417219663
0.4820959340 0.9596223843
0.0851908812 0.1399433465
0.0986046575 0.0906632517
0.0746164682 0.0957953535
0.0683752644 0.0843840327
0.8993750921 0.5356651963
0.4679165550 0.8825815360
0.5850242057 0.1329845838
0.4547264918 0.8452191978
0.6336269319 0.8165986979
0.6117998565 0.1766520415
0.8924666314 0.4979368810
0.0900858578 0.0959724369
0.1027221402 0.1357684052
0.4695713084 0.8908800928
0.9037881560 0.5048795350
0.4376288377 0.8394860210
0.4842340753 0.8271952612
0.9063724145 0.4671928608
0.5814585071 0.1469233614
0.7815416607 0.1512883850
0.7063437915 0.1360144357
0.4685438567 0.8250805914
0.8799587999 0.5100478153
0.0961481177 0.0267064763
0.4574963053 0.8399204229
0.6124254943 0.8076819382
0.0948751896 0.1309587169
0.4609281842 0.8380031347
0.8080928886 0.7752652819
0.8630793792 0.8056062688
0.6538627141 0.1619688918
0.4794956580 0.9148869367
0.8929345786 0.4836167939
0.4554205259 0.8691557017
0.5682140796 0.7962512187
0.4827745495 0.8415416097
0.6208763526 0.8064991578
0.8779771069 0.5159877466
0.4488335696 0.8850277673
0.6652447924 0.9369275677
0.0973243195 0.0782858726
0.7799954833 0.4228723294
0.0813637108 0.1054745075
0.7130347730 0.1345005726
0.6032214125 0.1522486916
0.4602572891 0.8378835799
0.0414275582 0.0759771149
0.7954334534 0.7949921206
0.8953967534 0.5008856199
0.1074816554 0.0935985696
0.8614163952 0.4709682401
0.8535359231 0.7879371663
0.0282003130 0.1267381699
0.4697381393 0.8874197347
0.6025253042 0.8971652532
0.0523917164 0.0460774362
0.8004428793 0.7781570001
0.4734241247 0.8455269645
0.5999040190 0.7499222096
0.0957687551 0.1048321251
0.7400956058 0.7744847513
0.6104390315 0.1952466204
0.9657076770 0.4892558939
0.6240791054 0.1827957819
0.4644563237 0.8771868270
0.6291155665 0.8524470424
0.4639196475 0.9026737714
0.1035148973 0.1147667550
0.6380826464 0.1687505294
0.0770662194 0.0824570887
0.4722524930 0.8380900731
0.6265017798 0.1811569375
0.4942777799 0.8960777684
0.6808981507 0.1733050084
0.0659115367 0.0379609249
0.7766722398 0.4419996238
0.6485407216 0.8492546960
0.4712783295 0.8518327278
0.8195335907 0.8009939476
0.8877713971 0.4815551693
0.7784338956 0.4317138740
0.7717905327 0.4346296193
0.6053223053 0.7673901002
0.6332010585 0.1503985986
0.0975096526 0.0645750509
0.6874804648 0.8124319216
0.8917444003 0.4807575180
0.0746731730 0.1299082013
0.8390249123 0.7970883347
0.4662297444 0.8802803956
0.0930983968 0.1177887720
0.6154290817 0.2028001630
0.9233865311 0.5170214026
0.8085775688 0.4479375673
0.4607588021 0.8162185599
0.9679182744 0.5209759401
0.8676203948 0.4090833472
0.4952360367 0.9184134562
0.9412834314 0.4359081596
0.7548687484 0.8646365288
0.8845034649 0.5182578666
0.7681050381 0.4478386734
0.6549473585 0.8605167038
0.6805559811 0.8114816347
0.4666692283 0.8578804616
0.9007025397 0.4317041239
0.6159210441 0.1540204609
0.5944730762 0.1129475628
0.4437498656 0.8861785697
0.0664059062 0.1297581049
0.6713774342 0.9481050166
0.4581336567 0.9369403938
0.8817884816 0.5319576324
0.0734443041 0.1503582307
0.6166821765 0.1747082071
0.0441587032 0.1180723520
0.0686312344 0.1382506807
0.4816962499 0.9444258035
0.6292677331 0.8033344947
0.6438749932 0.1695903260
0.7961139130 0.7733481098
0.7779754200 0.7510439938
0.8540441248 0.5446036616
0.4211349027 0.8492977009
0.6421061537 0.8139843354
0.7803553897 0.2389536680
0.0808256369 0.1036095608
0.4951045465 0.9228245655
0.7023884031 0.1539045624
0.8910696561 0.5308164351
0.0959354084 0.0615837859
0.6086846677 0.7880695471
0.6804279905 0.1237061925
0.0929197635 0.0325979328
0.7904925068 0.8810857657
0.0175332113 0.0943592953
0.6377526009 0.7773892374
0.0553088601 0.1235041825
0.8721023097 0.5002017198
0.1107681342 0.0962012451
0.0263559005 0.0421918894
0.0936579013 0.0778536543
0.6743261803 0.7760940987
0.4547336576 0.8466520568
0.7079549126 0.1537720582
0.6313887476 0.7672409468
0.6207271477 0.8051596793
0.6836749746 0.1815025311
0.8718665502 0.4620533375
0.6406277152 0.7950722107
0.4549408206 0.8720134106
0.1053740850 0.0656687745
0.6812409026 0.8075882095
0.6265083466 0.1901401162
0.6124612010 0.8013782642
0.5913467284 0.7967276390
0.4832992680 0.8841357489
0.4816284305 0.8677247579
0.8872152426 0.5140552238
0.1043501607 0.0464276419
0.5925440059 0.1356556914
0.9045288228 0.4986760898
0.8854749107 0.4858038349
0.1000450820 0.0874776158
0.6074309961 0.1711098712
0.9011086797 0.4886145054
0.4228166108 0.9253448511
0.4691936318 0.8503892482
0.7808431786 0.4456392706
0.6201634836 0.8366550668
0.0776366832 0.0491105163
0.8767875275 0.4753708181
0.6096614823 0.8010906361
0.6550085336 0.1652672741
0.0359256901 0.1266378106
0.4815239837 0.9095737687
0.4289237731 0.9440881481
0.4792662434 0.8900535974
0.8023326850 0.7920627368
0.6585648701 0.8134177847
0.4802911216 0.8340347266
0.0773763650 0.0355559139
0.5828464753 0.7789325395
0.7909843805 0.7476916413
0.6561237711 0.1453834798
0.4343221041 0.8590721796
0.4562100883 0.9023254374
0.5016653911 0.9496117558
0.6627992786 0.1550929070
0.4782010107 0.8422643942
0.6002186904 0.8109103831
0.4386778975 0.8886610737
0.6011637028 0.7673967163
0.5944306364 0.7857497190
0.9205649935 0.5017094746
0.6217768953 0.1726210285
0.6328640358 0.7831921160
0.5965861929 0.1546609354
0.7906132678 0.4095268754
0.8867956918 0.4122425984
0.4309773676 0.8407279404
0.0831983619 0.0425207813
0.1057005144 0.0537899131
0.0993689734 0.0796484786
0.4606803118 0.8765869635
0.0545950815 0.1148818774
0.8652267050 0.4764126282
0.0460379462 0.0695620982
0.7218275069 0.1083329418
0.7871821376 0.8019722080
0.6078396873 0.1856862396
0.6614468285 0.2208636768
0.8935691015 0.5255617387
0.8823457232 0.4815417049
0.7958399843 0.8038380179
0.4759383231 0.9138181396
0.0885480413 0.1298527476
0.0959661568 0.1057521025
0.5924986931 0.1625010124
0.6311134545 0.1752840944
0.4431918254 0.8868231212
0.4565243825 0.8205793517
0.0578747273 0.0343805912
0.0807187942 0.1136997136
0.8835963112 0.4183675495
0.4933840369 0.9054519705
0.5917603558 0.1686083150
0.5819567922 0.7953787005
0.6367677443 0.8320746076
0.4574392899 0.8367963853
0.4623698068 0.8997022533
0.4912686352 0.9334049947
0.1045759592 0.1172861556
0.6618807439 0.9384505571
0.4501819044 0.8835675733
0.6653033163 0.7557151638
0.8839630284 0.4608421774
0.1080961342 0.1037806229
0.6213759134 0.1764390663
0.4658319904 0.9056920668
0.7009612229 0.1630419871
0.6372590856 0.7706464025
0.5978210850 0.1845033395
0.0895435688 0.1221100193
0.1058158318 0.0924803982
0.4930398152 0.8727594096
0.8472218916 0.7680073746
0.0499258590 0.1288463396
0.8746188708 0.5072720827
0.8747106389 0.4685740384
0.0853122773 0.1319522554
0.6111757938 0.7658048378
0.0181653049 0.0632733540
0.8886110199 0.4620164264
0.6565300663 0.8044811185
0.6494617187 0.8052719215
0.9073422740 0.5008343158
0.6582317520 0.1324645348
0.6280023700 0.8013086206
0.6777181097 0.1266344010
0.0640323382 0.0466993390
0.4388274907 0.8899822708
0.4840370951 0.9116640632
0.8141196582 0.8052086619
0.8864893953 0.4674778192
0.0640315395 0.1426693964
0.4351037909 0.9007769701
0.7336705609 0.0984206341
0.6831953858 0.1718702578
0.6196937283 0.1810491695
0.6137252663 0.0847488563
0.6817442792 0.1387945065
0.0741938449 0.0789476899
0.8952022468 0.4523470806
0.8812979169 0.5067137732
0.4209037799 0.8373628199
0.4691889508 0.8401214027
0.5978378457 0.7889320831
0.4741045150 0.9757513768
0.4429339031 0.9066761889
0.0559870985 0.0275512241
0.7840349415 0.4546064639
0.0841926027 0.1033669980
0.6823751749 0.8414468364
0.8873575368 0.5087417077
0.8905535898 0.5351903431
0.5534637266 0.8093987108
0.6168112930 0.1773670364
0.0697907087 0.0842483583
0.0987479279 0.1170129714
0.7067268923 0.1181204787
0.0857977284 0.1115294741
0.8859915428 0.5304642706
0.4425579791 0.8407595122
0.0831468928 0.1080862149
0.6274428877 0.7862921845
0.6140569757 0.1805364838
0.1312537633 0.0433928787
0.5967493854 0.1628734242
0.4796668149 0.8709387519
0.8522920239 0.8435409033
0.6522333624 0.7550346298
0.1010535212 0.0862128445
0.6407669702 0.1893321344
0.6282970305 0.7988035985
0.4486617471 0.8780087956
0.4963623223 0.9478917911
0.4636406052 0.8754374960
0.4550161164 0.8088425487
0.6985481103 0.1758798010
0.4794809715 0.8947324283
0.6364568444 0.2017400260
0.1115755777 0.1183189702
0.0366275332 0.0834870522
0.4035998279 0.8766244550
0.6130092248 0.1965878218
0.6271478611 0.1919990416
0.4666075098 0.8808753840
0.4258655110 0.8371874341
0.8450492416 0.7944758874
0.0924677673 0.0682149154
0.6676639505 0.7927101321
0.0457144896 0.0750511598
0.0214286226 0.0912148507
0.4605788600 0.8798018860
0.5906551125 0.7764612946
0.4491399881 0.8242981456
0.6921012409 0.1462019082
0.6294825722 0.8820342534
0.0159758276 0.1242084606
0.4440393127 0.9776246154
0.0904858968 0.0985827369
0.6147441213 0.1715821002
0.5705314754 0.7831017534
0.9099251016 0.5155538379
0.8869772313 0.5181895288
0.8952227568 0.4648116012
0.5892082432 0.7351743657
0.8136461481 0.7969127748
0.1085321129 0.0429722024
0.6901688483 0.1266608075
0.0656137703 0.1502462206
0.6439444099 0.8036364578
0.5972805375 0.1496602205
0.8621782597 0.4988021737
0.6567188602 0.7626297863
0.4692947730 0.8543484286
0.0978363926 0.0414662902
0.0851069334 0.1188311698
0.6742145734 0.8934589951
0.0125076097 0.0275750915
0.4700560274 0.8839445192
0.0821699563 0.1245696425
0.4671277469 0.9429479084
0.6250603791 0.7953991293
0.4614747327 0.8799484278
0.4651963915 0.9074099422
0.4352098793 0.9794625099
0.8833544064 0.4532500678
0.8984868509 0.5284571712
0.0680198615 0.1219760134
0.0928765029 0.0977797390
0.6214024022 0.1770746493
0.0129086249 0.0672120911
0.9115756066 0.4931095932
0.4657310489 0.9946480638
0.5945089160 0.8126342943
0.6019439254 0.1749611240
0.6341962644 0.8354429781
0.8720128378 0.4443176963
0.4985717883 0.9021664178
0.6776633739 0.1355804183
0.0998010032 0.1152199607
0.7425555898 0.1532403511
0.4685561916 0.8904981557
0.4613219006 0.8604659220
0.6292943883 0.7748729563
0.0907130707 0.1013974481
0.7120917184 0.4990711721
0.7727436315 0.8207566527
0.4790495408 0.9085075833
0.4283448346 0.8330399258
0.9494023141 0.5145356776
0.0868677974 0.1248883127
0.5776594782 0.8231703256
0.8897433066 0.5139372070
0.8871414776 0.4635922289
0.6485084425 0.8835167915
0.4600039369 0.9672904924
0.6102892942 0.0864326063
0.5864292230 0.7724560914
0.8736439753 0.4187057707
0.8968057862 0.4848525615
0.4568180891 0.9066767112
0.7045825226 0.1310068000
0.6800864199 0.8033632808
0.9133997753 0.5115502598
0.8950925644 0.5126965353
0.6418542547 0.7971672061
0.6245997641 0.1762869603
0.0479400396 0.0197898951
0.0092396775 0.1139909399
0.6351816201 0.1943092484
0.4965377387 0.9632406012
0.0908792360 0.0684213216
0.4876915557 0.9121656132
0.8925818601 0.4993222953
0.0886166371 0.0677459383
0.7108479468 0.1597094577
0.6721047234 0.8347518815
0.6593473444 0.7979055443
0.8862288219 0.5777134458
0.8831295065 0.4520044921
0.0870902681 0.0767328350
0.6761606374 0.1336554475
0.4788185954 0.9019852865
0.8963417879 0.5014754721
0.0483616868 0.0240995279
0.7945147800 0.8498711579
0.4733088073 0.8928185062
0.8857211637 0.5752010531
0.4833925779 0.9184570415
0.4821607584 0.8990266524
0.4683290842 0.8430399337
0.4585712327 0.8357005433
0.6703729162 0.7976583676
0.0324663905 0.1441503783
0.0827783564 0.0459162403
0.6626559638 0.7935311720
0.6285978141 0.7790622507
0.6105083817 0.1903981529
0.4787247309 0.8906016345
0.4492838797 0.8422228402
0.1130038449 0.0926338680
0.8101537652 0.4707089338
0.6410966497 0.1953945260
0.4580993810 0.9106496462
0.4722500304 0.9604831791
0.5652607079 0.8257718041
0.7600641177 0.8152653713
0.4842267764 0.9732902882
0.0860005876 0.0658962479
0.4372462582 0.8952993272
0.6972425258 0.1249269286
0.4627419372 0.8896524503
0.4771647738 0.8520261049
0.8889014209 0.4965062565
0.6869255969 0.1295474040
0.8305999217 0.3666711664
0.6812065992 0.8476187679
0.6550364755 0.7620295746
0.8932560941 0.4925661410
0.8302142585 0.8138252578
0.8942449994 0.4852746597
0.7775223187 0.4531778126
0.0703766577 0.1470152111
0.6149331926 0.1812534192
0.0696608380 0.1004191152
0.8877205936 0.4938993516
0.8662750993 0.4979475887
0.7857798323 0.8747359528
0.9330381611 0.5317149245
0.6828235827 0.1859285449
0.8967107237 0.4204041749
0.8867670067 0.4944796278
0.8918611486 0.4516345686
0.6448055854 0.9425914492
0.6229390873 0.7955410862
0.9071214006 0.5375698326
0.6217561191 0.7886658704
0.6658404140 0.1176562388
0.1104045229 0.1062114165
0.5622784292 0.8305841766
0.7872455727 0.7766430063
0.9097854806 0.4878822030
0.8829506736 0.4889633327
0.6067767840 0.8003406907
0.7479496238 0.8124279751
0.8830054150 0.5210691754
0.9054957761 0.5175678727
0.6759587377 0.7962083879
0.6561092954 0.8544111659
0.7701934449 0.8003668070
0.6882410093 0.1605740720
0.7235380943 0.1040249849
0.0930940041 0.0171799869
0.5762348050 0.8633664037
0.7830047444 0.4513322283
0.6741775689 0.7948394850
0.7803412662 0.4353754877
0.7800612270 0.4374314537
0.9075429369 0.4575158251
0.6180872827 0.2010058828
0.6464360573 0.8361604232
0.5975962405 0.7793653745
0.8728138921 0.5063459099
0.9108497371 0.5361762642
0.0932875457 0.1093234406
0.8878288118 0.5213654799
0.6749293836 0.2023661954
0.5931721950 0.7732313987
0.4730577624 0.9600187144
0.8311747449 0.4284635784
0.7633716983 0.1320693509
0.6202160730 0.1797908493
0.6341761759 0.8258567113
0.7505117750 0.8166571405
0.4359938289 0.9194202124
0.6278478740 0.1756389974
0.0842538332 0.1546143576
0.0302129762 0.0318324336
0.6884424986 0.8238184754
0.8652250301 0.5017713413
0.0851152749 0.0511528003
0.7617914878 0.5630124953
0.4391440478 0.8877235549
0.4797258268 0.9116573310
0.4764982047 0.8338026973
0.5894658549 0.8080623083
0.9129073027 0.5057238185
0.0434649354 0.0267419655
0.8051378086 0.1611327843
0.9113425647 0.5177286043
0.8846266247 0.4928758229
0.6513869289 0.7995085658
0.8189052130 0.7807242951
0.5709111043 0.7650167045
0.5905323521 0.1863783092
0.6377849244 0.1865628602
0.9467134868 0.4491856676
0.6449413018 0.1680511680
0.4774203222 0.8931090941
0.5784185918 0.7920484599
0.8849581677 0.4492808762
0.8916337196 0.5054445767
0.7215342524 0.1311092994
0.6295297706 0.7814301330
0.0633585812 0.1419086779
0.4528240434 0.8835480150
0.6841115522 0.1374183781
0.0909910038 0.0932231253
0.6298007709 0.8239070388
0.6232907077 0.7975602862
0.6241977505 0.8415024352
0.0864748131 0.1006355399
0.6242506949 0.8335854093
0.4222379385 0.9567109918
0.0781480464 0.1467117791
0.4744932397 0.8565142283
0.8192703939 0.8180626643
0.0789664936 0.0761525297
0.4724517360 0.8761436240
0.8879965300 0.4568323603
0.4796403038 0.9028782334
0.6067294414 0.1707710932
0.8984814933 0.5146124887
0.7126428314 0.1374795701
0.6411810301 0.1781934302
0.8044588437 0.7424726663
0.4892882732 0.9097560608
0.9061412251 0.4585996246
0.8914330013 0.4810445947
0.6713847219 0.8415686547
0.7691715103 0.7978790797
0.8125031516 0.7802792726
0.8421532568 0.8166502342
0.4218194194 0.9203597045
0.0703413392 0.1456035173
0.4677611051 0.8532155014
0.6881513544 0.0921270512
0.4594531511 0.8037810263
0.6268596675 0.8043861130
0.0726032726 0.1270620707
0.0499836286 0.1664636169
0.8307231979 0.7876399622
0.6357070374 0.1497868340
0.6336705476 0.1969584364
0.6954965257 0.8385617344
0.6347768113 0.1643950135
0.6075905835 0.7869164233
0.0862141399 0.0771828196
0.8723273095 0.4103689100
0.6523350361 0.1947787242
0.0586418386 0.0496521114
0.4865481433 0.8912905257
0.8986649074 0.5146940877
0.4530682776 0.8345708081
0.6956993517 0.1580201942
0.7869842118 0.4400450762
0.5975718703 0.7852641870
0.5993294731 0.1643997543
0.8962814449 0.4617588322
0.0283725126 0.0361236688
0.6039200611 0.7831856159
0.7983203867 0.7577538060
0.4415281758 0.8855111519
0.0588034338 0.1210135462
0.4746705196 0.8806886811
0.4408892936 0.8066642711
0.6878224181 0.7703371269
0.6317774945 0.2232599134
0.5805649305 0.8822412690
0.6558507076 0.1711800444
0.5952929877 0.0855042862
0.4268283157 0.8726870383
0.4943659651 0.9194553824
0.1223194838 0.0686616936
0.6286646241 0.1034685616
0.7814831909 0.4625948165
0.6311216075 0.1807357243
0.4683004434 0.8569317417
0.4280035413 0.9532232405
0.7624900413 0.8127700993
0.7046078633 0.1310946090
0.0393224281 0.0531352197
0.9121051614 0.5239734875
0.6125506396 0.1661802473
0.9537066829 0.4520423608
0.6055834666 0.7853288975
0.6880888039 0.8083346728
0.6575936018 0.8240765049
0.6496991310 0.1561378910
0.4671728267 0.8237612515
0.6044494606 0.7844588169
0.6386640364 0.8134126195
0.6596981551 0.1096761201
0.7158598436 0.0682008125
0.6910486980 0.1411242698
0.6243586802 0.1497411413
0.8016055427 0.3702466541
0.4495016029 0.8233704349
0.0903081510 0.1004649711
0.6217334128 0.8008250619
0.5060880278 0.9549232407
0.4027328622 0.9151995203
0.6845909302 0.1429336974
0.0277088276 0.0293367408
0.5987014504 0.0947420449
0.6661648135 0.1698039341
0.0874716274 0.1097739476
0.0873884782 0.1299769599
0.9300177353 0.5257068586
0.7765158498 0.4082619010
0.7556504040 0.8193706871
0.6180934279 0.1863862157
0.4760082279 0.8289903829
0.4835224042 0.8899174442
0.8754337796 0.4887658061
0.0965725159 0.0921460799
0.4716630610 0.8485135140
0.0744944066 0.1374996362
0.1068493843 0.0946236145
0.6826392146 0.1762694515
0.0782595036 0.1207698008
0.0061155926 0.0809713732
0.8735285692 0.4818553623
0.0679581429 0.1193327488
0.4381204563 0.8593889999
0.0475772712 0.1493485872
0.4583828603 0.8854904330
0.0917389029 0.0705506020
0.6288962461 0.8528175463
0.0428265856 0.0414635625
0.6319816294 0.1754635717
0.0570374228 0.1250673766
0.0936607853 0.1222325775
