0.7593570589 0.0407635790
0.7372032692 0.3893021979
0.1912622480 0.5432737899
0.3709561244 0.9564096662
0.4675743267 0.6788331532
0.6921672156 0.3968206562
0.2484723654 0.3511408080
0.4091558255 0.2802012993
0.7415176486 0.4009526527
0.7386840332 0.3888265619
0.9424248933 0.9186374626
0.6915611275 0.9873178164
0.3215034468 0.9336839247
0.6758341423 0.3657382318
0.7434289100 0.3800400397
0.4979532255 0.6535264450
0.6612769992 0.6010295717
0.9165205337 0.5307486768
0.0111300677 0.6764735238
0.4227565937 0.3025736115
0.4721818614 0.6659552104
0.7024107630 0.9795127470
0.0459687320 0.8188808163
0.0499808907 0.8285570128
0.4580815092 0.6601262219
0.2497349592 0.3820986471
0.9632937306 0.8767287986
0.2009061362 0.4054974365
0.2694385860 0.3658016983
0.2298381810 0.1306718397
0.3876166271 0.9466137034
0.6907602650 0.4039182337
0.7290918135 0.9678689184
0.7545627621 0.4024112552
0.7280254905 0.8666561100
0.3851144948 0.1907071851
0.4159051032 0.2868629982
0.0147568421 0.6824102000
0.3384058876 0.8641710149
0.9280917872 0.5351176109
0.4214242481 0.2619953658
0.5500761541 0.0090078905
0.2866905614 0.6471269065
0.5124879466 0.6628156795
0.3491937363 0.9339024201
0.4960254328 0.6712368947
0.2050210620 0.1337618824
0.3420058381 0.8699690038
0.6664290489 0.5450376411
0.6814815956 0.9694958793
1.0000000000 0.9051366551
0.7442542133 0.3861055332
0.5378404578 0.0080524792
0.9959531633 0.9041067644
0.4064295059 0.2660180838
0.4085845895 0.2867691499
0.7515702616 0.4065833180
0.6974538996 0.9825863555
0.7486964261 0.4005082790
0.4165459642 0.3130625781
0.6643405579 0.5364768838
0.7497222281 0.4111485133
0.6563084498 0.5916724879
0.4917856426 0.6650458428
0.3356745800 0.9352789748
0.3284682503 0.9332468104
0.2676693775 0.3736048525
0.4235893393 0.3103848283
0.6546978731 0.5961761088
0.2964468442 0.6525597428
0.0166510495 0.6979332248
0.3703408047 0.9532594469
0.7051122381 0.8509393957
0.3722980024 0.1963863963
0.9323992943 0.5262623050
0.9400233745 0.5617176021
0.7426683704 0.0490402994
0.7603544535 0.3983348170
0.2286312619 0.3737658433
0.9616461958 0.8706212772
0.2398518090 0.4003464540
0.3572802840 0.9422390390
0.7165128729 0.9764748800
0.8797599197 0.5438239843
0.7006519897 0.9692956408
0.7044979635 0.8307778932
0.7333738743 0.3987438355
0.6925999140 0.9830433948
0.2608011814 0.3878886043
0.2944291897 0.6503597759
0.0200781169 0.6932611064
0.2923338502 0.6646954640
0.9132958651 0.5199278181
0.6286738192 0.9629225455
0.7644702978 0.8962280188
0.2062860627 0.1287077292
0.1623555070 0.5068818547
0.8244719895 0.2757120429
0.8790342798 0.5245859929
0.7654776049 0.3957777911
0.3305351031 0.9262134408
0.8185544916 0.2726698511
0.6479590622 0.4258647148
0.4174142112 0.2739961763
0.8982499768 0.5099565521
0.3797893089 0.1947295015
0.8280451635 0.2957268727
0.6744018878 0.5355970489
0.1675353465 0.5095107225
0.6398855938 0.5896876029
0.4050773353 0.2571243064
0.7043768599 0.9862511958
0.0084210078 0.7040967061
0.0404986112 0.8204613165
0.8231440302 0.2709770913
0.1947108189 0.5364991235
0.2327390621 0.3710141240
0.4734077425 0.6406511897
0.4411510569 0.2973884321
0.2492877246 0.3788905681
0.2851466804 0.8692479043
0.3012615835 0.6340691135
0.6522863152 0.5375323740
0.3103224548 0.6519306766
0.2901418242 0.8667835064
0.3763960168 0.9376769251
0.2319157856 0.3538421280
0.2903256965 0.6639503155
0.1747818330 0.5080652373
0.7458956201 0.3842305910
0.2665509426 0.3687516946
0.1973094477 0.1327834878
0.4932534776 0.6359085383
0.2445324444 0.4016453167
0.6469968047 0.5860454987
0.3792167111 0.9489421170
0.7338558186 0.4102114206
0.2313791801 0.3744425673
0.7449574630 0.3993546834
0.7329805885 0.0425816655
0.6627207734 0.5992427319
0.2737026428 0.6337452937
0.4058567181 0.2599248652
0.8277204577 0.2879572667
0.4114005968 0.2905504047
0.6907124046 0.9926228392
0.0560085821 0.8155735139
0.2210906621 0.3734992963
0.7755215721 0.8927045070
0.7824939603 0.8842353328
0.2934490232 0.6322622638
0.3510421339 0.9400788604
0.6789228702 0.5362880496
0.2142134403 0.4168569555
0.4064117710 0.2957212041
0.2379025602 0.3669838840
0.0165652255 0.6772261790
0.5419351350 0.0212333746
0.4826506730 0.6769772865
0.7746756678 0.9016622298
0.7238435049 0.0459790475
0.5423230074 0.0070603070
0.6158737355 0.9652744675
0.7113627709 0.9749061185
0.7332891271 0.0362721139
0.0607466341 0.8155606321
0.6888297645 0.4219681267
0.3784392918 0.8922625737
0.3218403137 0.9510964263
0.7195900256 0.9776965758
0.4995190613 0.0198527731
0.3677763154 0.2094342422
0.6816337669 0.9787051513
0.0138116385 0.7020091224
0.7302674433 0.3992506100
0.2280669774 0.3609273953
0.0603717957 0.8099284686
0.6724340888 0.5357505653
0.2913694551 0.6251541446
0.2543342994 0.3630581034
0.4945268785 0.6462415570
0.3563187708 0.9589502424
0.8313274387 0.2610243234
0.3755645062 0.9349532861
0.6221122141 0.5876583076
0.8944746099 0.5140876508
0.6738431692 0.5291470691
0.2919391867 0.6527831267
0.4957584601 0.0158161231
0.3660437959 0.1992865183
0.6664078700 0.5345278390
0.3183991059 0.9280728292
0.9831203612 0.9085331412
0.4878899083 0.6660864374
0.2584108736 0.3781384690
0.2343560677 0.3982141704
0.2493857095 0.3911970960
0.7376165701 0.0487535957
0.9401760525 0.5334842235
0.7059113509 0.0194042908
0.9771463493 0.5936876350
0.2826584510 0.6494866749
0.7567829263 0.4148120639
0.6666680337 0.9776758476
0.7073191487 0.9826271013
0.2514605273 0.3698124922
0.5016095078 0.6535922052
0.3632537259 0.1914871638
0.8807442032 0.5183972791
0.1936348843 0.4088701130
0.6489514451 0.5424687476
0.6299860983 0.5969779934
0.2662035932 0.6467370793
0.8305196327 0.2751842004
0.2314569283 0.3752757411
0.7502060408 0.3956584265
0.0366733333 0.6916842668
0.8306553200 0.2821625832
0.2011604095 0.5276898441
0.2926294836 0.6549826688
0.7395195183 0.3878572185
0.2306087597 0.3824442609
0.4774833033 0.6548582611
0.2091870705 0.1368726225
0.3010372695 0.6471770897
0.1956805345 0.5223859836
0.9582473774 0.8857939310
0.2995834403 0.6293652850
0.6725436648 0.9738814485
0.7407777892 0.4128018633
0.6711199610 0.5330735987
0.4161934210 0.2585826617
0.5081018164 0.0234810997
0.2121830230 0.1449723656
0.4207748047 0.2628529130
0.3776784198 0.2028101537
0.2382287546 0.3728508380
0.3913604673 0.9438452100
0.7335050013 0.3546099045
0.2790267678 0.6388053086
0.6708843015 0.5336269754
0.2314650990 0.3800329810
0.7039567342 0.8296748515
0.7329179306 0.0300669755
0.2849045365 0.6540746141
0.5003031628 0.6595395775
0.7141048619 0.8541252946
0.2345465272 0.3584432887
0.9124862381 0.5237261385
0.7077374058 0.8344870628
0.9681442405 0.9272047172
0.6824050581 0.9841346050
0.4160277586 0.2874767499
0.6693848842 0.5234904453
0.9122324716 0.5077043767
0.4088117221 0.3018994052
0.9046100698 0.6050791073
0.3741415863 0.8956580403
0.9686781541 0.5905729949
0.3996435393 0.2958103723
0.0305127256 0.6939130863
0.8398538105 0.2812539724
0.6904433656 0.8275956703
0.6846565354 0.9817002337
0.4191160589 0.2869697591
0.2302758198 0.1417820800
0.2218267529 0.1245039564
0.7464674261 0.3930945427
0.2434089108 0.3736886456
0.3300508787 0.9495954098
0.3552321478 0.8616141589
0.7818132276 0.8890161892
0.9037532871 0.5211006147
0.9635217816 0.5651093541
0.1941071693 0.1100212017
0.1868610945 0.5287270387
0.3669293186 0.9431853065
0.6864149842 0.5347484183
0.2398755610 0.3922734166
0.9777221298 0.9134468926
0.2361254661 0.3903073908
0.7159923237 0.9730342500
0.3631338099 0.2005623668
0.4042420403 0.2875436608
0.7692892491 0.8800439783
0.7085728592 0.9775513859
0.2674738826 0.3824268536
0.4809474001 0.6588165936
0.2542480638 0.3570840641
0.9162744312 0.6014813324
0.3109816841 0.6517370103
0.4157046995 0.3000750323
0.5351622974 0.0220222192
0.2455292690 0.3707826542
0.3638768521 0.8642954149
0.5611576836 0.0433639611
0.8283942548 0.2762289499
0.7081504375 0.8452172762
0.1815471670 0.5269518798
0.3721498690 0.9457307635
0.7277624449 0.3941798372
0.4877809103 0.6782948539
0.3882120585 0.9324061609
0.2950335359 0.6584769727
0.6919932558 0.8221340895
0.9175077941 0.5361928119
0.0127003609 0.6706233901
0.7646215506 0.3804877188
0.6746488850 0.5501753861
0.4971697890 0.6422110390
0.9085339344 0.5276592587
0.1773249454 0.3790961199
0.2166112537 0.1474365780
0.3375387965 0.9396671698
0.7438520125 0.3871376944
0.1991126690 0.5139501317
0.8739768740 0.5452566360
0.3682054827 0.9485653029
0.8935694681 0.5310410318
0.3220077655 0.9241652438
0.8912453175 0.5386293926
0.6861916282 0.9885739562
0.8945682561 0.5261806385
0.5396723063 0.0288290308
0.0167503012 0.7084132946
0.2243548858 0.1288368556
0.8984655818 0.5183835749
0.1936732042 0.5297308995
0.5060414241 0.6789148921
0.6735460790 0.9859091345
0.4806159487 0.6607041859
0.2758939720 0.3662197062
0.3266818454 0.9322631334
0.6088966958 0.9733946298
0.7506501560 0.0423396000
0.7697815017 0.8738035000
0.7123585504 0.8447387056
0.0520006354 0.8348426853
0.2725322068 0.6408190462
0.5515559007 0.0216038560
0.3998366906 0.2696741509
0.2881796861 0.6415158419
0.4162046952 0.2709087285
0.6757891401 0.9893558811
0.9677535357 0.5898238459
0.7418837464 0.4077802697
0.1854553553 0.4471121682
0.3258098931 0.9374110731
0.3308085838 0.9295675438
0.3854957147 0.9460409447
0.0123096244 0.7089602590
0.7056277043 0.8236235835
0.0280672814 0.6830434751
0.6411803954 0.5867237596
0.3790084218 0.9471102838
0.2334115292 0.3740101794
0.5110610206 0.6740636495
0.2552277552 0.3644365117
0.5100182992 0.0090607767
0.6868211357 0.9762983661
0.6758678860 0.4150912610
0.4172238784 0.2906144273
0.4948015864 0.6649637873
0.1994402252 0.1011126891
0.2402592352 0.3895697180
0.9154606238 0.6144329900
0.4338122621 0.2751776514
0.7670211850 0.4162881123
0.7356751438 0.0326127414
0.7353700887 0.4144804285
0.3469984167 0.8681433798
0.2445344396 0.3898993145
0.2207199407 0.1334911805
0.7060326604 0.9633507012
0.9978565231 0.9175031278
0.1837107856 0.5217138741
0.7128756476 0.8429518504
0.2390863607 0.3783669732
0.5913742918 0.0500567214
0.6922403243 0.9632923164
0.2836654097 0.6610665582
0.9482757114 0.8802550906
0.2076059463 0.1492184597
0.9891387418 0.9012344756
0.9417300993 0.9142041661
0.7854718297 0.8845591990
0.3744276239 0.9531002323
0.6888098128 0.9860032917
0.9727331298 0.5705023481
0.8894396577 0.5221171525
0.6755771692 0.5220539013
0.3199149437 0.9432042429
0.6965738082 0.8291549481
0.9070443030 0.6099720920
0.2450761439 0.3843873497
0.9302010611 0.5276704240
0.8247106181 0.2648902981
0.9317284424 0.5327458721
0.7035398230 0.9780680457
0.7044778218 0.9716778365
0.8375935054 0.2681895687
0.2391865942 0.3731119636
0.1928440688 0.5238157759
0.2383157503 0.3616505028
0.3247660236 0.9448108773
0.3431811511 0.8770896418
0.2251870930 0.1342288070
0.2854702145 0.6493394925
0.3444333099 0.9556310468
0.2106572886 0.1244912600
0.5550092973 0.0184742722
0.8809376396 0.5224922927
0.3828540156 0.9422975783
0.3641256465 0.8656562459
0.8429462595 0.2668337113
0.5024621616 0.6594377129
0.5561275055 0.0231567702
0.7355567004 0.0390800867
0.7031479781 0.9658945828
0.3120756861 0.6680845284
0.4895889137 0.6458400143
0.4190270205 0.2929461771
0.7759227753 0.8960571890
0.2074634659 0.1436939221
0.6270556102 0.5862964765
0.0585334530 0.8226514599
0.1921681815 0.4164340359
0.6691963566 0.5986715525
0.6174195404 0.6019805540
0.3769674744 0.1852789053
0.7125861264 0.9680371224
0.9051711558 0.5117420153
0.6825703880 0.9801812693
0.0531955835 0.8312856872
0.4835443505 0.6331070374
0.7352932905 0.3918465737
0.4738708672 0.6460917025
0.6814584216 0.3768633155
0.4961086915 0.6559021070
0.2596502855 0.3799503926
0.5082347722 0.0000000000
0.8744255338 0.5223905594
0.6935975461 0.8233794791
0.7433033885 0.3850151725
0.8888547247 0.5136395257
0.2519916223 0.3775907014
0.3568659222 0.9325970702
0.7712400180 0.8977259770
0.6124402866 0.6081832520
0.7641080479 0.8906659172
0.4877453298 0.6740192893
0.7365481570 0.3906316431
0.7034023938 0.9755661147
0.7242911987 0.3499227729
0.5504645649 0.0068217631
0.4295621636 0.2778763919
0.6781120318 0.9829516780
0.9467006044 0.9118206422
0.0061921821 0.6785567364
0.4784010732 0.6440506954
0.8317956384 0.2676307420
0.6465961240 0.4249225868
0.8827006409 0.5300053586
0.2308575858 0.3655326645
0.5986711622 0.0473856596
0.3294114270 0.9378228873
0.7208997593 0.9799576459
0.5351885948 0.0158974912
0.6690059129 0.5969125691
0.5020399339 0.0116074076
0.6810954512 0.5329906204
0.3706821845 0.1830113480
0.6361032200 0.5939603062
0.3147337741 0.6393319000
0.4852477817 0.6609415405
0.9122312048 0.5279620289
0.2852303508 0.6437857856
0.8294839815 0.2700944602
0.8424500324 0.2716600708
0.2741716342 0.6485353721
0.0536760076 0.8199427414
0.2271751051 0.3708843798
0.4863311902 0.6536582434
0.2509177145 0.3874875558
0.4746297837 0.6714881350
0.1784344496 0.4472141255
0.7178913924 0.8415501191
0.2219460197 0.3598877274
0.7424545390 0.0445149154
0.5020105725 0.6755444320
0.7361652112 0.4023842252
0.7013084637 0.8220917065
0.3648862652 0.9538222277
0.2491764068 0.4003012598
0.6436616655 0.5814568877
0.4903374981 0.6579152423
0.3514989010 0.9329041932
0.2024650918 0.1242164495
0.1821920184 0.4592594197
0.4812479581 0.6516437721
0.2153084399 0.1408933325
0.4094827958 0.2689992032
0.5439406958 0.0164463091
0.4800423850 0.6299522538
0.3195135663 0.9232913241
0.7247045946 0.9798525841
0.6009913402 1.0000000000
0.3535419860 0.9580939618
0.6337765597 0.5803141350
0.7331936282 0.0460959099
0.4997698311 0.6646556913
0.9195808384 0.6117039991
0.3468505366 0.9232550884
0.6850173760 0.5516623074
0.6988939288 0.9768675414
0.2181138062 0.1318649300
0.2770874316 0.6439050499
0.4998469658 0.6706515941
0.2526715633 0.3804099496
0.2457362916 0.3813850079
0.7190373638 0.8530430429
0.4142029704 0.2813785732
0.3800432654 0.1883559119
0.7027114161 0.8390500416
0.0199521362 0.6854330692
0.6894898805 0.5445993809
0.7653216650 0.3946091977
0.7062357401 0.0190586770
0.2069529559 0.1270666817
0.7445716511 0.0420342996
0.9871032574 0.9027553862
0.3070335291 0.6368068622
0.4103541622 0.2747737146
0.4627066679 0.6768992855
0.7086803608 0.9747533602
0.0209872174 0.6879473722
0.4957990286 0.6642835186
0.7587889582 0.3845777339
0.4830212757 0.6578171310
0.9821903589 0.5853899509
0.8467041134 0.2675185442
0.3333895887 0.9397135996
0.6212566784 0.9702686603
0.3447566064 0.8652002878
0.9754724656 0.5748513456
0.3320006341 0.9450473824
0.6809126715 0.9873680768
0.2020259962 0.4102560047
0.0574803520 0.8234407987
0.4682303257 0.6739585412
0.2040913765 0.1385853999
0.7186832370 0.9676003170
0.3178750098 0.6601183446
0.6990987345 0.9809438870
0.4055858976 0.2975770554
0.6826813732 0.4184439893
0.2753062522 0.6437990921
0.9788313806 0.9150365676
0.0478573022 0.8199911484
0.2238780086 0.1344255856
0.4149431149 0.2916964628
0.5920004820 0.0517352402
0.2439806376 0.3963422400
0.6809567632 0.5491634579
0.2011366574 0.1311009222
0.4245491899 0.2731393705
0.7414194261 0.4165992898
0.7100137198 0.9664289125
0.0476952184 0.8328933719
0.7561707102 0.3869674824
0.9366945454 0.5720159027
0.8857491962 0.5267026126
0.2370620239 0.3904987017
0.9552588989 0.8836339995
0.3782685307 0.9397863181
0.7624774403 0.8904983619
0.2489329961 0.3606928827
0.4728878900 0.6877710282
0.9088471760 0.5353523002
0.6080537130 0.6166908320
0.2516638762 0.3744166030
0.9662150385 0.5705015662
0.2479626788 0.3634429185
0.3490270288 0.8738579926
0.0493624516 0.8142075858
0.4191357573 0.2990308389
0.0560620717 0.8155437345
0.5587212691 0.0054058217
0.1957736107 0.4082958174
0.1631175983 0.5079938935
0.4850828002 0.6612744424
0.3123193343 0.6441595879
0.7794160792 0.8967364615
0.2976634541 0.6380066251
0.0522900300 0.8197189636
0.6726628207 0.5401103012
0.0189225655 0.6741722793
0.0250812414 0.6857125289
0.8407606941 0.2756593730
0.9988392232 0.9133681503
0.7652960128 0.8837643924
0.2805981061 0.6269219089
0.2148130362 0.1288926765
0.6329753171 0.5928938709
0.5121233097 0.0620790632
0.5383846026 0.0018514493
0.0272009346 0.6882148151
0.9082854250 0.5147786157
0.0116296201 0.6949179858
0.7459361569 0.4039175696
0.6798819290 0.5253190938
0.9858456357 0.9086868571
0.6690852605 0.5464684977
0.7220291676 0.9721177001
0.6576207803 0.5351028979
0.7860920106 0.8966694888
0.2700926531 0.6327562647
0.6135511684 0.6176304269
0.2570071612 0.3753896843
0.2283048776 0.3649032354
0.7219317368 0.9858293110
0.3039578806 0.6559815058
0.7617242798 0.4051748369
0.6167777649 0.9734683369
0.2099684801 0.1269497266
0.4972650900 0.6678021341
0.2927675620 0.6396991687
0.9152019485 0.6063347220
0.9579833817 0.5756257909
0.0030556493 0.6819372361
0.2188565793 0.1422193797
0.4182624273 0.2989207417
0.0222769835 0.6966178815
0.3360809295 0.9480244859
0.3881966197 0.9411505781
0.7550810628 0.3931673075
0.3779009286 0.2089485356
0.5379017400 0.0190840698
0.3622364904 0.9398099810
0.5153634962 0.0663656561
0.9534740141 0.5701221591
0.2052013240 0.1387346984
0.3747808481 0.2008834528
0.0000000000 0.6784917871
0.7727050264 0.8776388612
0.6943250545 0.8354909737
0.7621536212 0.3854898199
0.5061687467 0.6676180904
0.6197598819 0.9712737143
0.3718217745 0.9611075172
0.9109595852 0.6164021435
0.6920178392 0.8296765815
0.3653465476 0.9475114713
0.0557487034 0.8055679834
0.7053715784 0.8291082711
0.7051773661 0.8224935736
0.0348035746 0.8187470562
0.3142434533 0.6365695463
0.2199745708 0.3670913245
0.3271131028 0.9427268771
0.3701405119 0.8654522077
0.3685908987 0.1845404757
0.6445075856 0.5786978046
0.7265784228 0.9757874212
0.0029626047 0.6873646819
0.0510996423 0.8163701431
0.6733112190 0.9813398538
0.7632379640 0.3996532958
0.8895658284 0.5193309757
0.4972860868 0.6669001650
0.7284461387 0.0433175312
0.3216435204 0.9196038713
0.7063342318 0.0191595068
0.0181275381 0.6907878273
0.9356342554 0.5391657357
0.2498091288 0.3935652823
0.8269371162 0.2911789226
0.8393679709 0.2743472888
0.5421923417 0.0102600453
0.6752897302 0.9775464432
0.7583513352 0.4007530939
0.9719216976 0.5838337738
0.0179973137 0.6838483369
0.7494607659 0.0507639507
0.5978639836 0.0524937802
0.4004158915 0.2378760484
0.3478316374 0.9291911931
0.6978887990 0.9863978376
0.3714823582 0.1897231683
0.7432963896 0.0371784387
0.3700113801 0.2017924033
0.6646014659 0.5300704247
0.0459140390 0.8271284060
0.4250388615 0.3047146529
0.7785681322 0.8837784480
0.3574620186 0.8735825952
0.0613895220 0.8088445488
0.7751411123 0.8857487059
0.6828340116 0.5236105098
0.7521942270 0.4027108870
0.0590331954 0.8204381479
0.3503988660 0.9292400325
0.8749834211 0.5392463445
0.3745649423 0.2026939400
0.2937233748 0.6591773210
0.7724048010 0.4157770284
0.6852088173 0.4068282410
0.3747373819 0.9437678578
0.6942079254 0.9759080524
0.2930901461 0.6437243966
0.3427376535 0.8683978946
0.3035110261 0.8318237239
0.2098125086 0.1259122675
0.4223189074 0.2577227668
0.5114535226 0.6671932555
0.2785026400 0.6378612112
0.7848993269 0.8962222730
0.2277115522 0.3516176333
0.2756333966 0.6270926460
0.1973656608 0.5397542546
0.7071174466 0.9633925592
0.6348907588 0.5799980188
0.4154637749 0.2916939606
0.5032426014 0.6702591643
0.3619061474 0.8586239265
0.6316038361 0.5886389843
0.2978719334 0.6449145676
0.6290834188 0.5963252412
0.4752738196 0.6516529623
0.9268107301 0.5241239492
0.2302278724 0.3556703160
0.1821157586 0.4442164019
0.2675145777 0.3796306505
0.4130232711 0.3023549617
0.2717258734 0.6388283691
0.2961357878 0.8307963045
0.0178990120 0.6902886366
0.9765756992 0.5815314288
0.2159088275 0.3604082332
0.0454918232 0.8238212271
0.8339601437 0.2855034029
0.7684274468 0.8905796064
0.6684386594 0.5316304169
0.0191388039 0.6852344679
0.7340552088 0.3977356615
0.6275420357 0.5780383181
0.9416091857 0.9143283807
0.3465316579 0.9438825578
0.1645553870 0.5058126739
0.3041249365 0.6474985927
0.7667949075 0.4019445778
0.2107972988 0.1377855889
0.6629122384 0.5362381650
0.9790931595 0.9193479664
0.4118599449 0.2732030070
0.3560226623 0.8682000656
0.5179997562 0.0686426353
0.9128732693 0.6119454468
0.7690097037 0.4070262090
0.0152683021 0.6666028346
0.8869704298 0.5293539454
0.5993900704 0.0531201357
0.9431758053 0.5713279149
0.1957850750 0.5184765852
0.5925786872 0.0440197870
0.6812404572 0.3664282082
0.7028155291 0.9716974525
0.4789515816 0.6493562666
0.9420908133 0.5674931947
0.8894020345 0.5233348170
0.2854052607 0.6508422157
0.7681043403 0.3882361178
0.7202101274 0.8450384764
0.0590432663 0.8286149652
0.9218690759 0.5281698754
0.9353958802 0.9547343910
0.8932649039 0.5268738972
0.9901335395 0.9047430360
0.7744241340 0.8912048807
0.0141176912 0.6742737269
0.5949112281 0.0498324802
0.5118648877 0.0675228196
0.9488987426 0.8824369551
0.6990704696 0.9775663991
0.2887983786 0.6328872986
0.7572367007 0.4064994785
0.7598433893 0.4008647665
0.1894811635 0.5392877159
0.5438310783 0.0154346135
0.7221336606 0.3702159657
0.2422179531 0.3799974094
0.2586482671 0.3701171130
0.9891268658 0.9086095049
0.3546909343 0.9392965030
0.0137984641 0.6931316711
0.2722519647 0.6445191491
0.3292340311 0.9320117695
0.6738212698 0.5280481726
0.7649471590 0.4154813044
0.5951643019 0.0593792724
0.8323756943 0.2884045134
0.3738103407 0.9414421627
0.6326958509 0.5833205275
0.2606416629 0.3707990576
0.8826454729 0.5299292864
0.2177163558 0.3675885845
0.3738051628 0.1844621967
0.7318242929 0.4013627679
0.0065151461 0.6860611700
0.6899747462 0.4035870154
0.6420933753 0.5950447165
0.3011167754 0.8244475825
0.4101404257 0.2914421179
0.7019399189 0.8259823016
0.4855307869 0.6435548796
0.3226551504 0.9230838261
0.7373989225 0.0355109481
0.6727859591 0.5443217993
0.3522249684 0.8634332958
0.4909623344 0.6395824993
0.6785417058 0.3811051466
0.4870437270 0.6588902543
0.6893917530 0.4156340781
0.3547734013 0.9490314243
0.2334389549 0.3685040531
0.3600426593 0.2031307762
0.3446528260 0.9591658957
0.4707012795 0.6816237495
0.8752140690 0.5293867830
0.4229768382 0.2659048357
0.7414366859 0.4032600910
0.8797690405 0.5203614127
0.4176755784 0.3046742777
0.3737946011 0.1919515553
0.7040536741 0.9829670310
0.8202685637 0.2651160838
0.6194143336 0.6059920970
0.7352427937 0.3928993086
0.3125183128 0.6348133045
0.7428204942 0.3949167532
0.6902376494 0.9888571692
0.8269981905 0.2658012566
0.4952435006 0.6539274780
0.7374425470 0.0410641530
0.2908655323 0.6564524617
0.1941054592 0.5305593314
0.7440527487 0.0482226949
0.7504825143 0.4196970013
0.2161221839 0.1420973584
0.7253921838 0.9681640246
0.7152614109 0.9793766392
0.6791022850 0.5179454605
0.3015859886 0.6380461430
0.2552015963 0.3869364056
0.5578381450 0.0085416147
0.8328699579 0.2637188627
0.3675596812 0.1901736586
0.6860584664 0.5284179657
0.1928494843 0.1023457838
0.7588138820 0.3953906438
0.2030287746 0.1401690820
0.3400965719 0.9290401956
0.8946585138 0.5331498215
0.1912299136 0.1021140360
0.3578252186 0.9552294886
0.7530601463 0.3884216983
0.5059093510 0.0057201115
0.0091347717 0.6864301377
0.6903389596 0.8269787059
0.7545956666 0.4103142042
0.4884565127 0.6625216623
0.6418323486 0.5819859659
0.0154238620 0.6849742537
0.3528807933 0.8722803344
0.0455212123 0.8126194245
0.9092285383 0.5207581094
0.2452324638 0.3867056000
0.4778576588 0.6709705021
0.2710070740 0.3731044107
0.7742780274 0.8795738102
0.4581733503 0.6733082140
0.5001353509 0.6642345865
0.3591114852 0.8666126457
0.3034940671 0.6416573326
0.6122903639 0.6132124526
0.7577418744 0.0503754595
0.2243898487 0.1278597584
0.7835113383 0.8905593107
0.2367144844 0.3655293283
0.9579553543 0.8798197063
0.6802256128 0.4198494121
0.7631958121 0.4027338085
0.4817795599 0.6660480006
0.5515496064 0.0158156906
0.6676869635 0.5922623451
0.5001877993 0.0207761191
0.6307018811 0.5895761504
0.7271530315 0.9871255788
0.3258218166 0.9268578060
0.6896596678 0.9901902596
0.0501210909 0.8285036942
0.2423080840 0.3644147641
0.7638596809 0.4138564903
0.7284493848 0.3948612103
0.6965929444 0.8229100832
0.0538675755 0.8135606258
0.6286248188 0.5866736999
0.8906441382 0.5276461810
0.3074545257 0.6600914613
0.6222023570 0.9625543810
0.6748461297 0.9805782247
0.3301082478 0.9238444977
0.0233290394 0.6905765760
0.0075994415 0.6906979795
0.4128617416 0.2711637067
0.4913201902 0.6551176954
0.2886600785 0.6487748119
0.2204005236 0.1277196656
0.6844613889 0.5448798663
0.5075786743 0.6613538180
0.4090146910 0.2833994931
0.6938299833 0.8409435960
0.2202087656 0.1332186560
0.0137333519 0.6776829557
0.0136125016 0.6820900408
0.1851315045 0.5268333878
0.7527664764 0.3963422400
0.4756494577 0.6860117436
0.0102478228 0.6738717517
0.4837029902 0.6473351922
0.5400494131 0.0125665259
0.3291437259 0.9207770366
0.8789033587 0.5380531737
0.6454667157 0.5857880840
0.4823007424 0.6345974040
0.2861866070 0.6523774059
0.7136395283 0.9811535165
0.3513202700 0.8694152433
0.7290638811 0.0437993763
0.4838719145 0.6708756962
0.3499879086 0.8688599383
0.7584488294 0.4126502789
0.0116909319 0.6796460622
0.4947130864 0.6539813527
0.9608158887 0.5773080939
0.2457454757 0.3518041869
0.8324885639 0.2781278176
0.8802378419 0.5231351316
0.9120276025 0.5115236570
0.4026108469 0.2720874851
0.4927997112 0.6622924862
0.3225196531 0.9333323798
0.8311084609 0.2711270076
0.3048519382 0.6509064468
0.9032651990 0.5169596751
0.9934525828 0.9054369819
0.2921002887 0.6288555681
0.7693123519 0.4113861923
0.2887732648 0.6373818683
0.7244199821 0.9792549886
0.8863915140 0.5222537256
0.8220742869 0.2702281585
0.2989016625 0.6569440454
0.4166757135 0.2576196511
0.2718330741 0.6475113354
0.7062952626 0.8359991384
0.9329722246 0.5294666963
0.4909184961 0.6576781889
0.4815884116 0.6740094967
0.8265995842 0.2599901388
0.8307032674 0.2866980378
0.7645726531 0.4092340222
0.5086557173 0.6536372681
0.7410797723 0.3981830009
0.7157680255 0.9722692536
0.4112597157 0.2838770752
0.4031061080 0.2737580958
0.9152458106 0.6073462400
0.5062483318 0.6576411114
0.4255992665 0.3034494001
0.7482723576 0.3981858274
0.5530231003 0.0039854320
0.7207738419 0.9666330434
0.4109169741 0.2558344022
0.2344299839 0.3817224508
0.7789728032 0.8900036968
0.2391718679 0.3842352092
0.5468787627 0.0110014406
0.7734351792 0.4002748167
0.9747308010 0.5883885008
0.3788605417 0.9320216239
0.4098849807 0.2600741327
0.2374341388 0.3568863895
0.2763924160 0.6395153413
0.6950059139 0.8178361595
0.4093860142 0.2954489731
0.2158842204 0.1344239175
0.6764678698 0.5314423023
0.2233419415 0.3579265980
0.2437537584 0.3875097049
