1	356
1	811
1	886
1	939
2	436
2	866
2	979
2	981
3	499
3	788
3	926
3	943
4	72
4	101
4	843
4	870
5	331
5	928
5	951
5	1000
6	268
6	810
6	942
6	996
7	195
7	619
7	636
7	946
8	307
8	586
8	915
8	977
9	62
9	925
9	927
9	972
10	93
10	293
10	823
10	838
11	385
11	811
11	890
11	956
12	83
12	741
12	900
12	960
13	409
13	827
13	862
13	900
14	438
14	567
14	682
14	766
15	751
15	981
15	983
15	989
16	658
16	670
16	928
16	969
17	81
17	885
17	895
17	998
18	333
18	579
18	730
18	769
19	222
19	795
19	913
19	924
20	663
20	694
20	976
20	984
21	275
21	729
21	828
21	968
22	173
22	399
22	491
22	911
23	547
23	585
23	875
23	901
24	587
24	693
24	694
24	901
25	567
25	815
25	881
25	969
26	818
26	985
26	999
26	1000
27	221
27	385
27	783
27	956
28	548
28	812
28	982
28	987
29	484
29	804
29	913
29	993
30	266
30	373
30	887
30	977
31	912
31	952
31	966
31	991
32	808
32	823
32	854
32	974
33	322
33	696
33	850
33	958
34	766
34	808
34	892
34	1000
35	289
35	305
35	922
35	986
36	733
36	807
36	834
36	857
37	555
37	723
37	943
37	977
38	174
38	873
38	888
38	943
39	711
39	768
39	938
39	941
40	730
40	908
40	967
40	995
41	861
41	898
41	984
41	996
42	296
42	359
42	809
42	982
43	592
43	655
43	785
43	963
44	452
44	801
44	916
44	979
45	508
45	702
45	824
45	917
46	117
46	935
46	944
46	968
47	864
47	918
47	963
47	997
48	692
48	812
48	938
48	941
49	596
49	613
49	643
49	858
50	419
50	898
50	980
50	983
51	124
51	793
51	890
51	956
52	274
52	831
52	981
52	989
53	789
53	931
53	939
53	988
54	193
54	864
54	890
54	956
55	315
55	977
55	992
55	996
56	896
56	950
56	976
56	984
57	840
57	958
57	972
57	983
58	568
58	964
58	975
58	983
59	203
59	745
59	790
59	870
60	936
60	976
60	977
60	980
61	373
61	798
61	864
61	994
62	9
62	790
62	845
62	958
63	514
63	818
63	894
63	934
64	822
64	882
64	940
64	975
65	121
65	587
65	899
65	952
66	277
66	838
66	932
66	952
67	583
67	804
67	941
67	1000
68	534
68	964
68	980
68	992
69	354
69	615
69	934
69	990
70	553
70	771
70	917
70	987
71	683
71	763
71	913
71	943
72	4
72	318
72	422
72	932
73	314
73	330
73	646
73	966
74	384
74	643
74	691
74	857
75	761
75	934
75	967
75	978
76	608
76	730
76	769
76	972
77	418
77	847
77	886
77	919
78	772
78	870
78	922
78	981
79	117
79	504
79	830
79	999
80	263
80	761
80	890
80	956
81	17
81	279
81	739
81	867
82	121
82	277
82	828
82	912
83	12
83	170
83	439
83	784
84	703
84	758
84	828
84	836
85	611
85	880
85	898
85	966
86	298
86	898
86	922
86	995
87	444
87	700
87	707
87	876
88	334
88	388
88	467
88	990
89	519
89	674
89	815
89	999
90	480
90	482
90	917
90	965
91	644
91	910
91	925
91	929
92	657
92	845
92	936
92	963
93	10
93	949
93	955
93	978
94	543
94	627
94	975
94	995
95	352
95	779
95	971
95	986
96	723
96	887
96	923
96	997
97	590
97	749
97	871
97	926
98	421
98	962
98	970
98	971
99	777
99	948
99	958
99	961
100	436
100	700
100	892
100	898
101	4
101	789
101	862
101	865
102	643
102	953
102	962
102	970
103	194
103	462
103	831
103	927
104	896
104	915
104	977
104	980
105	274
105	412
105	978
105	992
106	677
106	807
106	826
106	994
107	750
107	823
107	970
107	971
108	743
108	919
108	991
108	998
109	590
109	713
109	764
109	788
110	753
110	803
110	897
110	946
111	535
111	562
111	984
111	992
112	398
112	850
112	937
112	975
113	217
113	710
113	868
113	914
114	272
114	481
114	654
114	740
115	831
115	953
115	970
115	971
116	788
116	846
116	872
116	926
117	46
117	79
117	589
117	739
118	511
118	729
118	930
118	960
119	805
119	830
119	980
119	996
120	519
120	936
120	987
120	999
121	65
121	82
121	125
121	341
122	457
122	594
122	710
122	785
123	211
123	615
123	728
123	830
124	51
124	594
124	954
124	959
125	121
125	126
125	477
125	952
126	125
126	184
126	798
126	912
127	446
127	965
127	993
127	999
128	391
128	668
128	705
128	965
129	261
129	590
129	749
129	926
130	870
130	958
130	960
130	981
131	446
131	462
131	619
131	993
132	861
132	921
132	923
132	997
133	165
133	416
133	820
133	940
134	909
134	987
134	993
134	1000
135	722
135	726
135	744
135	897
136	575
136	577
136	635
136	912
137	646
137	707
137	903
137	989
138	294
138	599
138	620
138	946
139	920
139	942
139	972
139	974
140	369
140	633
140	817
140	939
141	654
141	722
141	895
141	998
142	959
142	965
142	984
142	998
143	808
143	879
143	984
143	992
144	784
144	947
144	962
144	971
145	915
145	964
145	991
145	996
146	535
146	900
146	937
146	989
147	595
147	666
147	701
147	899
148	210
148	713
148	739
148	902
149	645
149	905
149	966
149	986
150	388
150	880
150	986
150	995
151	481
151	785
151	884
151	954
152	497
152	508
152	687
152	956
153	445
153	885
153	907
153	998
154	222
154	312
154	338
154	946
155	411
155	976
155	992
155	996
156	215
156	964
156	987
156	993
157	423
157	597
157	924
157	943
158	492
158	765
158	982
158	988
159	439
159	485
159	940
159	997
160	586
160	922
160	986
160	995
161	418
161	528
161	855
161	939
162	782
162	817
162	982
162	988
163	204
163	474
163	649
163	721
164	589
164	784
164	937
164	960
165	133
165	575
165	817
165	939
166	585
166	875
166	901
166	952
167	424
167	700
167	799
167	891
168	258
168	450
168	991
168	994
169	348
169	546
169	660
169	999
170	83
170	419
170	718
170	960
171	189
171	568
171	896
171	988
172	625
172	662
172	807
172	834
173	22
173	388
173	554
173	747
174	38
174	672
174	737
174	914
175	527
175	870
175	910
175	942
176	404
176	915
176	987
176	999
177	740
177	872
177	875
177	906
178	470
178	526
178	895
178	998
179	637
179	957
179	963
179	994
180	658
180	898
180	985
180	993
181	540
181	930
181	951
181	969
182	493
182	702
182	865
182	889
183	667
183	962
183	970
183	971
184	126
184	403
184	952
184	991
185	212
185	425
185	564
185	962
186	330
186	451
186	948
186	960
187	372
187	564
187	858
187	913
188	853
188	909
188	913
188	963
189	171
189	470
189	982
189	996
190	525
190	691
190	807
190	857
191	564
191	747
191	811
191	998
192	797
192	816
192	899
192	922
193	54
193	890
193	939
193	956
194	103
194	437
194	916
194	944
195	7
195	229
195	659
195	985
196	563
196	830
196	897
196	987
197	752
197	792
197	987
197	1000
198	844
198	886
198	939
198	993
199	449
199	512
199	967
199	990
200	493
200	673
200	684
200	844
201	445
201	908
201	914
201	990
202	705
202	716
202	891
202	959
203	59
203	613
203	799
203	895
204	163
204	238
204	360
204	983
205	374
205	898
205	931
205	975
206	577
206	676
206	718
206	772
207	768
207	828
207	922
207	973
208	686
208	826
208	857
208	880
209	608
209	832
209	969
209	978
210	148
210	589
210	877
210	885
211	123
211	449
211	916
211	919
212	185
212	309
212	665
212	728
213	312
213	474
213	965
213	994
214	256
214	953
214	962
214	970
215	156
215	402
215	883
215	999
216	604
216	821
216	848
216	974
217	113
217	737
217	925
217	969
218	902
218	947
218	962
218	971
219	226
219	720
219	921
219	926
220	750
220	860
220	959
220	963
221	27
221	838
221	892
221	981
222	19
222	154
222	356
222	987
223	834
223	920
223	969
223	979
224	642
224	849
224	997
224	1000
225	719
225	917
225	958
225	994
226	219
226	499
226	764
226	886
227	531
227	700
227	754
227	783
228	577
228	924
228	957
228	959
229	195
229	680
229	900
229	937
229	975
230	810
230	838
230	903
230	965
230	984
231	677
231	818
231	872
231	907
231	998
232	741
232	964
232	977
232	980
232	984
233	762
233	789
233	896
233	924
233	982
234	383
234	551
234	631
234	819
234	997
235	777
235	950
235	964
235	980
235	992
236	600
236	631
236	637
236	686
236	704
237	372
237	488
237	881
237	928
237	1000
238	204
238	336
238	650
238	865
238	991
239	720
239	860
239	943
239	981
239	989
240	339
240	553
240	647
240	806
240	994
241	580
241	596
241	604
241	653
241	998
242	373
242	378
242	619
242	979
242	999
243	558
243	773
243	869
243	986
243	995
244	817
244	844
244	847
244	907
244	939
245	486
245	884
245	918
245	959
245	963
246	623
246	648
246	804
246	951
246	973
247	377
247	694
247	869
247	878
247	880
248	281
248	904
248	946
248	985
248	999
249	540
249	608
249	893
249	967
249	975
250	600
250	646
250	655
250	773
250	814
251	576
251	612
251	754
251	793
251	956
252	506
252	515
252	547
252	911
252	966
253	965
253	976
253	984
253	992
253	996
254	702
254	852
254	872
254	897
254	998
255	876
255	895
255	945
255	955
255	978
256	214
256	703
256	977
256	980
256	996
257	394
257	572
257	961
257	990
257	999
258	168
258	635
258	653
258	976
258	991
259	273
259	476
259	682
259	690
259	990
260	794
260	872
260	976
260	977
260	984
261	129
261	644
261	760
261	913
261	956
262	803
262	947
262	953
262	962
262	970
263	80
263	671
263	717
263	966
263	995
264	535
264	552
264	838
264	841
264	898
265	533
265	977
265	978
265	992
265	996
266	30
266	560
266	859
266	886
266	997
267	488
267	625
267	918
267	923
267	997
268	6
268	461
268	556
268	787
268	899
269	739
269	825
269	957
269	987
269	999
270	508
270	806
270	824
270	907
270	952
271	523
271	683
271	874
271	938
271	941
272	114
272	474
272	773
272	880
272	986
273	259
273	327
273	649
273	955
273	990
274	52
274	105
274	702
274	949
274	990
275	21
275	859
275	864
275	923
275	997
276	720
276	749
276	926
276	942
276	977
277	66
277	82
277	693
277	702
277	991
278	471
278	487
278	626
278	852
278	934
279	81
279	583
279	791
279	949
279	1000
280	558
280	736
280	776
280	933
280	956
281	248
281	676
281	753
281	985
281	997
282	507
282	850
282	861
282	960
282	983
283	472
283	478
283	691
283	834
283	938
284	950
284	954
284	964
284	976
284	980
285	386
285	869
285	880
285	922
285	927
286	642
286	850
286	851
286	937
286	975
287	810
287	854
287	889
287	946
287	987
288	809
288	822
288	968
288	969
288	979
289	35
289	806
289	889
289	946
289	985
290	928
290	933
290	948
290	967
290	978
291	627
291	936
291	954
291	992
291	994
292	714
292	940
292	976
292	980
292	996
293	10
293	676
293	896
293	982
293	988
294	138
294	659
294	826
294	902
294	985
295	767
295	874
295	883
295	938
295	941
296	42
296	673
296	789
296	896
296	988
297	442
297	953
297	962
297	970
297	971
298	86
298	775
298	966
298	986
298	995
299	316
299	590
299	926
299	975
299	993
300	409
300	660
300	748
300	817
300	991
301	308
301	581
301	745
301	808
301	939
302	590
302	878
302	940
302	968
302	974
303	653
303	802
303	827
303	893
303	991
304	710
304	884
304	940
304	954
304	959
305	35
305	450
305	610
305	652
305	995
306	412
306	704
306	863
306	933
306	967
307	8
307	744
307	780
307	925
307	991
308	301
308	610
308	940
308	946
308	989
309	212
309	613
309	692
309	919
309	976
310	460
310	500
310	818
310	935
310	994
311	327
311	698
311	770
311	876
311	978
312	154
312	213
312	427
312	665
312	902
313	326
313	631
313	911
313	974
313	997
314	73
314	349
314	447
314	575
314	797
315	55
315	717
315	840
315	903
315	989
316	299
316	706
316	764
316	846
316	877
317	609
317	682
317	703
317	775
317	956
318	72
318	387
318	865
318	874
318	991
319	908
319	933
319	961
319	978
319	993
320	575
320	639
320	862
320	966
320	991
321	641
321	863
321	869
321	948
321	995
322	33
322	400
322	784
322	891
322	911
323	540
323	703
323	884
323	908
323	933
324	638
324	685
324	800
324	982
324	993
325	347
325	607
325	609
325	780
325	873
326	313
326	631
326	918
326	947
326	997
327	273
327	311
327	389
327	948
327	991
328	648
328	764
328	843
328	846
328	926
329	449
329	490
329	550
329	626
329	973
330	73
330	186
330	388
330	908
330	949
331	5
331	882
331	930
331	973
331	996
332	804
332	879
332	916
332	951
332	999
333	18
333	737
333	862
333	932
333	991
334	88
334	457
334	624
334	627
334	664
335	673
335	847
335	886
335	939
335	961
336	238
336	779
336	880
336	966
336	993
337	680
337	695
337	869
337	963
337	966
338	154
338	520
338	569
338	697
338	901
339	240
339	931
339	934
339	954
339	994
340	455
340	588
340	864
340	894
340	909
341	121
341	813
341	950
341	980
341	992
342	621
342	727
342	936
342	954
342	957
343	940
343	950
343	976
343	980
343	984
344	829
344	900
344	910
344	911
344	937
345	629
345	948
345	961
345	984
345	990
346	527
346	540
346	903
346	936
346	958
347	325
347	699
347	732
347	846
347	926
348	169
348	405
348	702
348	797
348	949
349	314
349	639
349	782
349	816
349	952
350	595
350	634
350	635
350	734
350	899
351	665
351	889
351	924
351	925
351	929
352	95
352	392
352	492
352	698
352	986
353	795
353	809
353	929
353	943
353	978
354	69
354	693
354	852
354	895
354	897
355	575
355	702
355	722
355	759
355	932
356	1
356	222
356	833
356	987
356	999
357	389
357	475
357	916
357	973
357	979
358	712
358	733
358	905
358	946
358	1000
359	42
359	468
359	867
359	904
359	988
360	204
360	364
360	835
360	910
360	975
361	444
361	647
361	891
361	932
361	972
362	729
362	873
362	950
362	992
362	996
363	511
363	843
363	910
363	969
363	978
364	360
364	516
364	625
364	864
364	923
365	573
365	709
365	731
365	993
365	1000
366	606
366	669
366	945
366	948
366	978
367	490
367	830
367	921
367	950
367	984
368	787
368	795
368	810
368	958
368	989
369	140
369	817
369	844
369	939
369	978
370	596
370	903
370	972
370	974
370	981
371	573
371	736
371	747
371	938
371	941
372	187
372	237
372	825
372	946
372	987
373	30
373	61
373	242
373	550
373	923
373	997
374	205
374	767
374	898
374	917
374	960
374	983
375	420
375	600
375	612
375	778
375	937
375	956
376	486
376	590
376	748
376	788
376	926
376	976
377	247
377	829
377	851
377	869
377	905
377	995
378	242
378	571
378	620
378	877
378	985
378	999
379	411
379	562
379	713
379	896
379	982
379	988
380	547
380	721
380	784
380	871
380	883
380	911
381	647
381	716
381	884
381	909
381	936
381	959
382	612
382	778
382	783
382	890
382	930
382	956
383	234
383	507
383	625
383	642
383	752
383	997
384	74
384	612
384	676
384	776
384	793
384	956
385	11
385	27
385	747
385	793
385	890
385	956
386	285
386	695
386	922
386	926
386	986
386	988
387	318
387	794
387	899
387	939
387	957
387	991
388	88
388	150
388	173
388	330
388	543
388	983
389	327
389	357
389	888
389	933
389	945
389	990
390	601
390	761
390	876
390	949
390	951
390	961
391	128
391	495
391	663
391	811
391	858
391	942
392	352
392	466
392	639
392	952
392	957
392	991
393	425
393	694
393	742
393	966
393	986
393	995
394	257
394	860
394	955
394	961
394	978
394	990
395	484
395	577
395	810
395	902
395	908
395	993
396	414
396	628
396	829
396	832
396	949
396	967
397	426
397	436
397	947
397	962
397	970
397	971
398	112
398	408
398	442
398	651
398	738
398	967
399	22
399	828
399	841
399	883
399	975
399	983
400	322
400	419
400	574
400	767
400	975
400	983
401	594
401	929
401	947
401	953
401	970
401	971
402	215
402	745
402	791
402	877
402	990
402	1000
403	184
403	732
403	788
403	816
403	846
403	926
404	176
404	726
404	731
404	800
404	854
404	985
405	348
405	611
405	816
405	827
405	865
405	952
406	725
406	819
406	828
406	929
406	938
406	941
407	664
407	859
407	864
407	887
407	923
407	997
408	398
408	735
408	853
408	880
408	959
408	994
409	13
409	300
409	425
409	493
409	653
409	891
410	752
410	774
410	849
410	861
410	918
410	997
411	155
411	379
411	470
411	679
411	765
411	982
412	105
412	306
412	758
412	857
412	948
412	967
413	542
413	758
413	812
413	827
413	865
413	991
414	396
414	712
414	816
414	883
414	938
414	941
415	759
415	772
415	947
415	953
415	962
415	971
416	133
416	744
416	820
416	827
416	951
416	969
417	762
417	764
417	785
417	855
417	982
417	988
418	77
418	161
418	765
418	886
418	908
418	939
419	50
419	170
419	400
419	721
419	983
419	997
420	375
420	622
420	656
420	719
420	771
420	954
421	98
421	500
421	881
421	920
421	935
421	980
422	72
422	813
422	937
422	980
422	992
422	996
423	157
423	521
423	752
423	888
423	922
423	986
424	167
424	713
424	752
424	859
424	884
424	997
425	185
425	393
425	409
425	604
425	699
425	998
426	397
426	595
426	654
426	666
426	740
426	774
427	312
427	589
427	879
427	939
427	987
427	1000
428	469
428	726
428	837
428	969
428	990
428	998
429	762
429	885
429	897
429	919
429	934
429	976
430	523
430	634
430	689
430	807
430	857
430	974
431	543
431	649
431	684
431	885
431	898
431	975
432	571
432	608
432	818
432	876
432	930
432	955
433	507
433	531
433	911
433	949
433	960
433	983
434	740
434	774
434	854
434	901
434	906
434	960
435	527
435	768
435	878
435	909
435	935
435	940
436	2
436	100
436	397
436	831
436	840
436	972
437	194
437	503
437	881
437	904
437	940
437	969
438	14
438	550
438	707
438	821
438	942
438	987
439	83
439	159
439	483
439	580
439	940
439	969
440	834
440	862
440	889
440	987
440	993
440	999
441	800
441	847
441	855
441	867
441	894
441	982
442	297
442	398
442	738
442	761
442	948
442	967
443	568
443	779
443	811
443	922
443	966
443	995
444	87
444	361
444	801
444	810
444	927
444	981
445	153
445	201
445	761
445	949
445	986
445	990
446	127
446	131
446	581
446	903
446	985
446	1000
447	314
447	497
447	548
447	827
447	899
447	988
448	539
448	593
448	695
448	814
448	966
448	995
449	199
449	211
449	329
449	728
449	811
449	885
450	168
450	305
450	698
450	748
450	905
450	922
451	186
451	800
451	828
451	951
451	968
451	969
452	44
452	668
452	790
452	848
452	866
452	872
453	515
453	547
453	688
453	929
453	948
453	975
454	790
454	821
454	840
454	962
454	972
454	989
455	340
455	516
455	896
455	931
455	982
455	988
456	652
456	921
456	953
456	964
456	976
456	977
457	122
457	334
457	709
457	841
457	910
457	975
458	747
458	778
458	890
458	953
458	956
458	982
459	678
459	822
459	868
459	914
459	925
459	929
460	310
460	634
460	689
460	729
460	815
460	828
460	968
461	268
461	865
461	947
461	953
461	962
461	970
461	971
462	103
462	131
462	582
462	766
462	892
462	927
462	974
463	541
463	770
463	777
463	900
463	948
463	955
463	961
464	618
464	879
464	889
464	946
464	988
464	999
464	1000
465	679
465	711
465	781
465	839
465	867
465	931
465	988
466	392
466	702
466	794
466	797
466	806
466	923
466	991
467	88
467	543
467	554
467	732
467	937
467	960
467	990
468	359
468	555
468	588
468	757
468	855
468	894
468	972
469	428
469	495
469	509
469	573
469	753
469	895
469	991
470	178
470	189
470	411
470	762
470	793
470	800
470	867
471	278
471	580
471	699
471	782
471	798
471	876
471	998
472	283
472	516
472	689
472	704
472	826
472	834
472	878
473	618
473	650
473	897
473	907
473	934
473	979
473	998
474	163
474	213
474	272
474	839
474	845
474	884
474	965
475	357
475	715
475	722
475	841
475	968
475	969
475	973
476	259
476	489
476	545
476	730
476	775
476	846
476	955
477	125
477	727
477	771
477	839
477	917
477	936
477	961
478	283
478	881
478	947
478	950
478	953
478	970
478	971
479	681
479	947
479	953
479	962
479	966
479	970
479	971
480	90
480	602
480	839
480	925
480	931
480	954
480	994
481	114
481	151
481	693
481	697
481	875
481	901
481	906
482	90
482	578
482	854
482	985
482	987
482	999
482	1000
483	439
483	550
483	772
483	905
483	940
483	968
483	979
484	29
484	395
484	731
484	854
484	871
484	902
484	929
485	159
485	728
485	828
485	891
485	893
485	930
485	935
486	245
486	376
486	732
486	749
486	764
486	902
486	926
487	278
487	521
487	712
487	888
487	922
487	966
487	986
488	237
488	267
488	733
488	792
488	835
488	993
488	999
489	476
489	671
489	817
489	844
489	886
489	939
489	971
490	329
490	367
490	871
490	930
490	944
490	965
490	979
491	22
491	556
491	570
491	636
491	958
491	970
491	989
492	158
492	352
492	593
492	645
492	717
492	986
492	995
493	182
493	200
493	409
493	635
493	803
493	827
493	899
494	520
494	666
494	854
494	950
494	985
494	987
494	1000
495	391
495	469
495	623
495	872
495	934
495	981
495	998
496	741
496	920
496	928
496	932
496	944
496	951
496	979
497	152
497	447
497	506
497	702
497	865
497	952
497	969
498	501
498	565
498	631
498	849
498	949
498	971
498	997
499	3
499	226
499	732
499	749
499	788
499	869
499	926
500	310
500	421
500	720
500	893
500	936
500	951
500	969
501	498
501	529
501	631
501	766
501	785
501	849
501	997
502	866
502	887
502	921
502	977
502	980
502	984
502	992
503	437
503	638
503	747
503	757
503	867
503	931
503	988
504	79
504	807
504	815
504	878
504	935
504	944
504	979
505	672
505	708
505	748
505	816
505	829
505	862
505	960
506	252
506	497
506	851
506	910
506	937
506	960
506	996
507	282
507	383
507	433
507	688
507	709
507	835
507	899
508	45
508	152
508	270
508	660
508	750
508	827
508	910
509	469
509	682
509	726
509	746
509	811
509	934
509	985
510	528
510	714
510	739
510	844
510	847
510	886
510	939
511	118
511	363
511	724
511	806
511	893
511	947
511	968
512	199
512	738
512	863
512	867
512	967
512	978
512	987
513	546
513	634
513	636
513	639
513	687
513	729
513	862
514	63
514	692
514	728
514	824
514	919
514	977
514	998
515	252
515	453
515	903
515	910
515	937
515	983
515	1000
516	364
516	455
516	472
516	859
516	861
516	864
516	918
517	562
517	658
517	796
517	888
517	917
517	963
517	994
518	633
518	666
518	843
518	882
518	893
518	969
518	973
519	89
519	120
519	791
519	836
519	877
519	962
519	1000
520	338
520	494
520	548
520	620
520	806
520	902
520	946
521	423
521	487
521	524
521	566
521	576
521	922
521	938
522	764
522	883
522	950
522	964
522	977
522	984
522	996
523	271
523	430
523	643
523	807
523	826
523	857
523	865
524	521
524	635
524	645
524	656
524	966
524	975
524	995
525	190
525	598
525	744
525	760
525	914
525	924
525	936
526	178
526	743
526	849
526	919
526	934
526	952
526	998
527	175
527	346
527	435
527	701
527	772
527	942
527	989
528	161
528	510
528	673
528	883
528	886
528	939
528	960
529	501
529	642
529	827
529	849
529	887
529	903
529	997
530	536
530	661
530	690
530	844
530	847
530	886
530	939
531	227
531	433
531	600
531	776
531	778
531	858
531	956
532	592
532	717
532	936
532	954
532	957
532	965
532	985
533	265
533	782
533	838
533	915
533	964
533	992
533	996
534	68
534	670
534	776
534	815
534	878
534	928
534	930
535	111
535	146
535	264
535	592
535	898
535	910
535	937
536	530
536	630
536	737
536	868
536	929
536	943
536	961
537	699
537	790
537	871
537	916
537	928
537	968
537	969
538	687
538	787
538	808
538	823
538	848
538	890
538	891
539	448
539	882
539	888
539	916
539	944
539	969
539	979
540	181
540	249
540	323
540	346
540	738
540	763
540	990
541	463
541	946
541	947
541	953
541	962
541	970
541	971
542	413
542	600
542	602
542	634
542	862
542	912
542	991
543	94
543	388
543	431
543	467
543	649
543	954
543	983
543	992
544	609
544	711
544	712
544	736
544	874
544	938
544	941
544	951
545	476
545	582
545	617
545	762
545	769
545	945
545	978
545	990
546	169
546	513
546	650
546	797
546	816
546	827
546	844
546	993
547	23
547	252
547	380
547	453
547	552
547	624
547	898
547	949
548	28
548	447
548	520
548	589
548	877
548	889
548	902
548	995
549	569
549	587
549	595
549	693
549	774
549	901
549	912
549	924
550	329
550	373
550	438
550	483
550	670
550	828
550	944
550	969
551	234
551	861
551	864
551	918
551	920
551	926
551	977
551	997
552	264
552	547
552	664
552	851
552	853
552	941
552	960
552	975
553	70
553	240
553	783
553	845
553	909
553	936
553	962
553	994
554	173
554	467
554	621
554	900
554	975
554	983
554	988
554	995
555	37
555	468
555	857
555	950
555	964
555	976
555	992
555	996
556	268
556	491
556	792
556	891
556	892
556	970
556	981
556	995
557	658
557	735
557	839
557	845
557	861
557	959
557	967
557	994
558	243
558	280
558	612
558	776
558	783
558	793
558	956
558	973
559	587
559	657
559	774
559	818
559	875
559	901
559	906
559	998
560	266
560	660
560	715
560	752
560	887
560	918
560	923
560	997
561	662
561	730
561	921
561	950
561	976
561	977
561	984
561	992
562	111
562	379
562	517
562	640
562	765
562	781
562	982
562	988
563	196
563	565
563	676
563	792
563	854
563	987
563	997
563	1000
564	185
564	187
564	191
564	872
564	885
564	903
564	919
564	982
565	498
565	563
565	773
565	861
565	864
565	923
565	974
565	997
566	521
566	572
566	915
566	977
566	980
566	984
566	992
566	996
567	14
567	25
567	623
567	790
567	892
567	903
567	955
567	974
568	58
568	171
568	443
568	671
568	835
568	850
568	911
568	983
569	338
569	549
569	666
569	701
569	829
569	862
569	906
569	979
570	491
570	707
570	880
570	904
570	920
570	927
570	974
570	981
571	378
571	432
571	632
571	763
571	933
571	949
571	961
571	990
572	257
572	566
572	717
572	758
572	908
572	948
572	949
572	998
573	365
573	371
573	469
573	825
573	902
573	987
573	999
573	1000
574	400
574	600
574	776
574	778
574	783
574	800
574	865
574	956
575	136
575	165
575	314
575	320
575	355
575	773
575	952
575	991
576	251
576	521
576	593
576	623
576	655
576	742
576	966
576	986
577	136
577	206
577	228
577	395
577	659
577	833
577	993
577	1000
578	482
578	882
578	911
578	928
578	940
578	943
578	969
578	979
579	18
579	628
579	769
579	815
579	876
579	955
579	961
579	977
580	241
580	439
580	471
580	618
580	837
580	860
580	885
580	897
581	301
581	446
581	754
581	877
581	902
581	985
581	993
581	1000
582	462
582	545
582	667
582	675
582	863
582	933
582	949
582	990
583	67
583	279
583	632
583	854
583	954
583	993
583	999
583	1000
584	696
584	819
584	877
584	883
584	938
584	941
584	963
584	984
585	23
585	166
585	697
585	719
585	740
585	875
585	906
585	954
586	8
586	160
586	734
586	833
586	918
586	984
586	992
586	996
587	24
587	65
587	549
587	559
587	701
587	740
587	875
587	906
587	978
588	340
588	468
588	762
588	855
588	922
588	974
588	982
588	987
588	988
589	117
589	164
589	210
589	427
589	548
589	742
589	879
589	902
589	926
590	97
590	109
590	129
590	299
590	302
590	376
590	640
590	749
590	846
591	815
591	878
591	928
591	935
591	942
591	951
591	968
591	969
591	986
592	43
592	532
592	535
592	771
592	798
592	884
592	959
592	963
592	994
593	448
593	492
593	576
593	853
593	869
593	888
593	905
593	927
593	995
594	122
594	124
594	401
594	750
594	765
594	812
594	909
594	957
594	994
595	147
595	350
595	426
595	549
595	666
595	693
595	853
595	901
595	906
596	49
596	241
596	370
596	753
596	837
596	858
596	872
596	954
596	998
597	157
597	607
597	630
597	653
597	760
597	779
597	914
597	924
597	943
598	525
598	644
598	674
598	746
598	760
598	788
598	929
598	943
598	957
599	138
599	781
599	856
599	897
599	947
599	953
599	962
599	970
599	971
600	236
600	250
600	375
600	531
600	542
600	574
600	754
600	890
600	956
601	390
601	646
601	742
601	773
601	888
601	890
601	922
601	986
601	995
602	480
602	542
602	617
602	707
602	710
602	719
602	957
602	959
602	994
603	713
603	837
603	849
603	861
603	918
603	923
603	959
603	979
603	997
604	216
604	241
604	425
604	726
604	728
604	746
604	798
604	885
604	900
605	686
605	757
605	782
605	800
605	830
605	894
605	896
605	982
605	988
606	366
606	764
606	765
606	800
606	855
606	858
606	867
606	931
606	982
607	325
607	597
607	654
607	665
607	690
607	780
607	914
607	929
607	943
608	76
608	209
608	249
608	432
608	726
608	789
608	911
608	955
608	967
609	317
609	325
609	544
609	665
609	868
609	906
609	913
609	925
609	943
610	305
610	308
610	733
610	751
610	772
610	891
610	972
610	974
610	981
611	85
611	405
611	726
611	775
611	818
611	858
611	872
611	895
611	897
612	251
612	375
612	382
612	384
612	558
612	676
612	865
612	956
612	995
613	49
613	203
613	309
613	786
613	818
613	895
613	920
613	980
613	998
614	767
614	835
614	910
614	926
614	944
614	960
614	975
614	983
614	993
615	69
615	123
615	743
615	798
615	807
615	872
615	978
615	986
615	998
616	635
616	650
616	656
616	717
616	880
616	888
616	965
616	966
616	995
617	545
617	602
617	678
617	705
617	853
617	909
617	957
617	965
617	994
618	464
618	473
618	580
618	670
618	699
618	885
618	907
618	919
618	998
619	7
619	131
619	242
619	739
619	777
619	806
619	941
619	985
619	999
620	138
620	378
620	520
620	733
620	906
620	987
620	996
620	999
620	1000
621	342
621	554
621	664
621	688
621	706
621	767
621	841
621	900
621	910
622	420
622	658
622	834
622	856
622	917
622	936
622	954
622	959
622	965
623	246
623	495
623	567
623	576
623	636
623	786
623	838
623	927
623	972
624	334
624	547
624	649
624	721
624	755
624	870
624	900
624	937
624	983
625	172
625	267
625	364
625	383
625	713
625	859
625	923
625	947
625	997
626	278
626	329
626	768
626	787
626	828
626	882
626	940
626	944
626	989
627	94
627	291
627	334
627	876
627	884
627	954
627	957
627	959
627	965
628	396
628	579
628	748
628	779
628	805
628	829
628	911
628	967
628	978
629	345
629	758
629	770
629	945
629	949
629	955
629	961
629	969
629	992
630	536
630	597
630	684
630	913
630	914
630	924
630	925
630	946
630	990
631	234
631	236
631	313
631	326
631	498
631	501
631	821
631	909
631	918
631	997
632	571
632	583
632	830
632	833
632	863
632	964
632	976
632	977
632	992
632	996
633	140
633	518
633	809
633	868
633	873
633	913
633	914
633	924
633	929
633	970
634	350
634	430
634	460
634	513
634	542
634	635
634	664
634	794
634	797
634	824
635	136
635	258
635	350
635	493
635	524
635	616
635	634
635	650
635	797
635	991
636	7
636	491
636	513
636	623
636	771
636	799
636	808
636	838
636	860
636	974
637	179
637	236
637	686
637	691
637	704
637	807
637	826
637	834
637	977
637	993
638	324
638	503
638	685
638	701
638	782
638	864
638	894
638	943
638	982
638	988
639	320
639	349
639	392
639	513
639	708
639	794
639	858
639	912
639	985
639	991
640	562
640	590
640	757
640	762
640	782
640	866
640	931
640	982
640	987
640	988
641	321
641	761
641	763
641	769
641	770
641	869
641	885
641	945
641	948
641	974
642	224
642	286
642	383
642	529
642	861
642	864
642	887
642	935
642	945
642	997
643	49
643	74
643	102
643	523
643	686
643	704
643	807
643	826
643	834
643	857
644	91
644	261
644	598
644	795
644	825
644	845
644	913
644	929
644	943
644	992
645	149
645	492
645	524
645	781
645	794
645	869
645	888
645	905
645	986
645	995
646	73
646	137
646	250
646	601
646	773
646	945
646	966
646	970
646	986
646	995
647	240
647	361
647	381
647	706
647	790
647	831
647	923
647	942
647	974
647	989
648	246
648	328
648	699
648	724
648	871
648	916
648	928
648	930
648	945
648	979
649	163
649	273
649	431
649	543
649	624
649	851
649	910
649	937
649	963
649	991
650	238
650	473
650	546
650	616
650	635
650	797
650	816
650	865
650	952
650	991
651	398
651	730
651	758
651	792
651	866
651	955
651	961
651	978
651	990
651	997
652	305
652	456
652	717
652	895
652	905
652	922
652	930
652	966
652	986
652	995
653	241
653	258
653	303
653	409
653	597
653	794
653	802
653	899
653	932
653	1000
654	114
654	141
654	426
654	607
654	657
654	701
654	720
654	740
654	875
654	906
655	43
655	250
655	576
655	717
655	742
655	769
655	888
655	897
655	966
655	995
656	420
656	524
656	616
656	680
656	880
656	905
656	922
656	956
656	986
656	995
657	92
657	559
657	654
657	666
657	697
657	825
657	875
657	901
657	906
657	919
658	16
658	180
658	517
658	557
658	622
658	808
658	839
658	936
658	965
658	994
659	195
659	294
659	577
659	739
659	819
659	825
659	901
659	955
659	987
659	993
660	169
660	300
660	508
660	560
660	816
660	868
660	899
660	912
660	932
660	992
661	530
661	725
661	756
661	819
661	832
661	874
661	883
661	938
661	941
661	996
662	172
662	561
662	686
662	689
662	691
662	807
662	831
662	834
662	857
662	987
663	20
663	391
663	699
663	722
663	811
663	872
663	905
663	934
663	998
663	1000
664	334
664	407
664	552
664	621
664	634
664	688
664	849
664	850
664	960
664	983
665	212
665	312
665	351
665	607
665	609
665	873
665	914
665	924
665	925
665	943
666	147
666	426
666	494
666	518
666	569
666	595
666	657
666	875
666	906
666	952
667	183
667	582
667	680
667	709
667	789
667	841
667	910
667	911
667	960
667	983
668	128
668	452
668	681
668	706
668	810
668	851
668	958
668	962
668	974
668	989
669	366
669	719
669	863
669	916
669	933
669	948
669	955
669	978
669	990
669	996
670	16
670	534
670	550
670	618
670	716
670	788
670	920
670	940
670	944
670	973
671	263
671	489
671	568
671	673
671	684
671	690
671	724
671	847
671	886
671	939
672	174
672	505
672	802
672	824
672	827
672	912
672	932
672	964
672	972
672	991
673	200
673	296
673	335
673	528
673	671
673	684
673	690
673	759
673	847
673	939
673	983
674	89
674	598
674	737
674	780
674	795
674	852
674	860
674	868
674	913
674	925
674	943
675	582
675	689
675	702
675	829
675	832
675	873
675	908
675	933
675	945
675	967
675	978
676	206
676	281
676	293
676	384
676	563
676	612
676	825
676	877
676	902
676	993
676	1000
677	106
677	231
677	836
677	842
677	856
677	947
677	953
677	962
677	970
677	971
677	998
678	459
678	617
678	836
678	842
678	856
678	947
678	953
678	962
678	963
678	970
678	971
679	411
679	465
679	789
679	855
679	862
679	867
679	881
679	931
679	949
679	982
679	988
680	229
680	337
680	656
680	667
680	835
680	841
680	878
680	898
680	911
680	960
680	975
681	479
681	668
681	744
681	751
681	772
681	786
681	831
681	866
681	958
681	989
681	993
682	14
682	259
682	317
682	509
682	829
682	876
682	914
682	948
682	949
682	961
682	990
683	71
683	271
683	737
683	760
683	780
683	809
683	868
683	913
683	915
683	921
683	925
684	200
684	431
684	630
684	671
684	673
684	817
684	844
684	847
684	886
684	887
684	939
685	324
685	638
685	718
685	781
685	796
685	800
685	894
685	931
685	955
685	986
685	988
686	208
686	236
686	605
686	637
686	643
686	662
686	826
686	834
686	857
686	982
686	986
687	152
687	513
687	538
687	748
687	757
687	802
687	816
687	912
687	932
687	991
687	1000
688	453
688	507
688	621
688	664
688	851
688	898
688	900
688	911
688	955
688	995
688	996
689	430
689	460
689	472
689	662
689	675
689	704
689	826
689	832
689	834
689	857
689	892
690	259
690	530
690	607
690	671
690	673
690	817
690	844
690	847
690	886
690	939
690	989
691	74
691	190
691	283
691	637
691	662
691	749
691	826
691	834
691	847
691	857
691	978
692	48
692	309
692	514
692	746
692	798
692	821
692	885
692	897
692	907
692	919
692	936
693	24
693	277
693	354
693	481
693	549
693	595
693	701
693	774
693	901
693	906
693	944
694	20
694	24
694	247
694	393
694	734
694	950
694	964
694	976
694	984
694	992
694	996
695	337
695	386
695	448
695	779
695	814
695	873
695	904
695	966
695	979
695	986
695	995
696	33
696	584
696	736
696	756
696	819
696	850
696	874
696	883
696	895
696	938
696	941
697	338
697	481
697	585
697	657
697	739
697	774
697	875
697	887
697	901
697	906
697	999
698	311
698	352
698	450
698	773
698	814
698	880
698	888
698	902
698	982
698	986
698	995
699	347
699	425
699	471
699	537
699	618
699	648
699	663
699	746
699	852
699	858
699	919
700	87
700	100
700	167
700	227
700	823
700	860
700	958
700	966
700	974
700	989
700	994
701	147
701	527
701	569
701	587
701	638
701	654
701	693
701	738
701	774
701	875
701	901
702	45
702	182
702	254
702	274
702	277
702	348
702	355
702	466
702	497
702	675
702	991
703	84
703	256
703	317
703	323
703	761
703	805
703	933
703	949
703	955
703	984
703	987
704	236
704	306
704	472
704	637
704	643
704	689
704	826
704	834
704	857
704	863
704	866
704	886
705	128
705	202
705	617
705	796
705	847
705	871
705	876
705	909
705	914
705	917
705	936
705	965
706	316
706	621
706	647
706	668
706	759
706	870
706	958
706	959
706	972
706	974
706	981
706	989
707	87
707	137
707	438
707	570
707	602
707	751
707	823
707	839
707	904
707	927
707	942
707	968
708	505
708	639
708	735
708	793
708	794
708	802
708	824
708	865
708	912
708	920
708	932
708	952
709	365
709	457
709	507
709	667
709	841
709	850
709	900
709	937
709	967
709	968
709	983
709	989
710	113
710	122
710	304
710	602
710	802
710	853
710	868
710	882
710	954
710	957
710	963
710	965
711	39
711	465
711	544
711	725
711	756
711	759
711	874
711	883
711	911
711	938
711	941
711	955
712	358
712	414
712	487
712	544
712	736
712	756
712	812
712	819
712	874
712	938
712	941
712	994
713	109
713	148
713	379
713	424
713	603
713	625
713	849
713	861
713	887
713	918
713	923
713	997
714	292
714	510
714	755
714	882
714	915
714	923
714	964
714	977
714	980
714	984
714	992
714	996
715	475
715	560
715	745
715	815
715	843
715	878
715	893
715	910
715	935
715	940
715	951
715	979
716	202
716	381
716	670
716	771
716	796
716	845
716	853
716	869
716	959
716	960
716	963
716	994
717	263
717	315
717	492
717	532
717	572
717	616
717	652
717	655
717	814
717	888
717	901
717	966
718	170
718	206
718	685
718	879
718	889
718	902
718	946
718	985
718	993
718	995
718	999
718	1000
719	225
719	420
719	585
719	602
719	669
719	797
719	853
719	936
719	954
719	957
719	963
719	965
720	219
720	239
720	276
720	500
720	654
720	732
720	749
720	764
720	788
720	846
720	926
720	935
721	163
721	380
721	419
721	624
721	911
721	919
721	952
721	960
721	975
721	981
721	983
721	999
722	135
722	141
722	355
722	475
722	663
722	728
722	746
722	803
722	852
722	884
722	907
722	998
723	37
723	96
723	892
723	950
723	964
723	974
723	976
723	977
723	980
723	992
723	996
723	998
724	511
724	648
724	671
724	802
724	820
724	842
724	878
724	882
724	944
724	964
724	973
724	979
725	406
725	661
725	711
725	812
725	819
725	858
725	883
725	899
725	925
725	938
725	941
725	975
726	135
726	404
726	428
726	509
726	604
726	608
726	611
726	839
726	895
726	907
726	934
726	951
727	342
727	477
727	742
727	845
727	847
727	925
727	936
727	954
727	957
727	963
727	965
727	994
728	123
728	212
728	449
728	485
728	514
728	604
728	722
728	821
728	837
728	897
728	907
728	908
729	21
729	118
729	362
729	460
729	513
729	843
729	881
729	893
729	920
729	956
729	973
729	979
730	18
730	40
730	76
730	476
730	561
730	651
730	814
730	832
730	949
730	967
730	978
730	998
731	365
731	404
731	484
731	791
731	932
731	946
731	966
731	970
731	985
731	987
731	999
731	1000
732	347
732	403
732	467
732	486
732	499
732	720
732	749
732	846
732	857
732	926
732	997
732	999
733	36
733	358
733	488
733	610
733	620
733	791
733	927
733	946
733	961
733	985
733	993
733	1000
734	350
734	586
734	694
734	810
734	867
734	906
734	921
734	964
734	976
734	980
734	984
734	996
735	408
735	557
735	708
735	796
735	923
735	930
735	957
735	958
735	959
735	963
735	965
735	994
736	280
736	371
736	544
736	696
736	712
736	778
736	812
736	874
736	883
736	938
736	941
736	967
737	174
737	217
737	333
737	536
737	674
737	683
737	760
737	795
737	885
737	927
737	929
737	989
738	398
738	442
738	512
738	540
738	701
738	775
738	903
738	908
738	955
738	961
738	979
738	990
739	81
739	117
739	148
739	269
739	510
739	619
739	659
739	697
739	793
739	985
739	993
739	999
740	114
740	177
740	426
740	434
740	585
740	587
740	654
740	794
740	875
740	891
740	906
740	963
741	12
741	232
741	496
741	836
741	842
741	856
741	913
741	947
741	953
741	962
741	970
741	971
742	393
742	576
742	589
742	601
742	655
742	727
742	757
742	869
742	905
742	919
742	986
742	995
743	108
743	526
743	615
743	753
743	803
743	852
743	897
743	926
743	974
743	985
743	998
743	999
744	135
744	307
744	416
744	525
744	681
744	793
744	795
744	913
744	914
744	924
744	925
744	929
745	59
745	301
745	402
745	715
745	821
745	832
745	870
745	904
745	958
745	981
745	983
745	989
746	509
746	598
746	604
746	692
746	699
746	722
746	885
746	907
746	925
746	934
746	976
746	980
747	173
747	191
747	371
747	385
747	458
747	503
747	754
747	776
747	778
747	783
747	890
747	956
748	300
748	376
748	450
748	505
748	628
748	687
748	794
748	824
748	865
748	912
748	932
748	952
749	97
749	129
749	276
749	486
749	499
749	590
749	691
749	720
749	732
749	846
749	931
749	957
750	107
750	220
750	508
750	594
750	839
750	853
750	909
750	954
750	957
750	959
750	990
750	994
751	15
751	610
751	681
751	707
751	787
751	860
751	866
751	896
751	904
751	979
751	989
751	990
751	993
752	197
752	383
752	410
752	423
752	424
752	560
752	811
752	859
752	861
752	864
752	887
752	918
752	997
753	110
753	281
753	469
753	596
753	743
753	798
753	803
753	818
753	871
753	885
753	934
753	985
753	998
754	227
754	251
754	581
754	600
754	747
754	776
754	778
754	783
754	793
754	890
754	956
754	957
754	959
755	624
755	714
755	833
755	915
755	921
755	950
755	960
755	964
755	975
755	976
755	980
755	984
755	992
756	661
756	696
756	711
756	712
756	812
756	813
756	874
756	883
756	894
756	938
756	941
756	954
756	986
757	468
757	503
757	605
757	640
757	687
757	742
757	763
757	765
757	894
757	896
757	931
757	982
757	988
758	84
758	412
758	413
758	572
758	629
758	651
758	829
758	876
758	945
758	955
758	968
758	980
758	986
759	355
759	415
759	673
759	706
759	711
759	772
759	870
759	891
759	904
759	927
759	942
759	958
759	981
760	261
760	525
760	597
760	598
760	683
760	737
760	780
760	809
760	916
760	920
760	929
760	943
760	973
761	75
761	80
761	390
761	442
761	445
761	641
761	703
761	820
761	945
761	948
761	967
761	990
761	992
762	233
762	417
762	429
762	470
762	545
762	588
762	640
762	781
762	800
762	892
762	931
762	982
762	988
763	71
763	540
763	571
763	641
763	757
763	777
763	805
763	832
763	933
763	945
763	951
763	967
763	990
764	109
764	226
764	316
764	328
764	417
764	486
764	522
764	606
764	720
764	788
764	830
764	846
764	926
765	158
765	411
765	418
765	562
765	594
765	606
765	757
765	855
765	894
765	896
765	908
765	931
765	998
766	14
766	34
766	462
766	501
766	790
766	821
766	823
766	903
766	935
766	970
766	972
766	983
766	989
767	295
767	374
767	400
767	614
767	621
767	778
767	851
767	898
767	910
767	947
767	960
767	975
767	983
768	39
768	207
768	435
768	626
768	769
768	828
768	850
768	871
768	881
768	930
768	944
768	968
768	973
769	18
769	76
769	545
769	579
769	641
769	655
769	768
769	805
769	923
769	945
769	949
769	959
769	978
770	311
770	463
770	629
770	641
770	777
770	829
770	849
770	934
770	945
770	960
770	961
770	978
770	990
771	70
771	420
771	477
771	592
771	636
771	716
771	936
771	954
771	959
771	963
771	971
771	989
771	994
772	78
772	206
772	415
772	483
772	527
772	610
772	681
772	759
772	856
772	942
772	958
772	972
772	981
773	243
773	250
773	272
773	565
773	575
773	601
773	646
773	698
773	779
773	893
773	964
773	966
773	986
774	410
774	426
774	434
774	549
774	559
774	693
774	697
774	701
774	869
774	875
774	901
774	902
774	906
775	298
775	317
775	476
775	611
775	738
775	934
775	945
775	949
775	961
775	967
775	978
775	980
775	990
776	280
776	384
776	531
776	534
776	558
776	574
776	747
776	754
776	778
776	850
776	890
776	931
776	956
777	99
777	235
777	463
777	619
777	763
777	770
777	807
777	863
777	912
777	933
777	945
777	961
777	978
778	375
778	382
778	458
778	531
778	574
778	736
778	747
778	754
778	767
778	776
778	793
778	956
778	993
779	95
779	336
779	443
779	597
779	628
779	695
779	773
779	814
779	905
779	907
779	966
779	986
779	995
780	307
780	325
780	607
780	674
780	683
780	760
780	849
780	873
780	903
780	913
780	924
780	925
780	971
781	465
781	562
781	599
781	645
781	685
781	762
781	808
781	894
781	896
781	931
781	982
781	988
781	994
782	162
782	349
782	471
782	533
782	605
782	638
782	640
782	789
782	894
782	931
782	982
782	988
782	999
783	27
783	227
783	382
783	553
783	558
783	574
783	747
783	754
783	793
783	846
783	863
783	890
783	956
784	83
784	144
784	164
784	322
784	380
784	835
784	850
784	937
784	960
784	968
784	975
784	983
784	998
785	43
785	122
785	151
785	417
785	501
785	884
785	909
785	911
785	936
785	957
785	959
785	963
785	965
786	613
786	623
786	681
786	822
786	823
786	838
786	866
786	927
786	948
786	958
786	972
786	974
786	989
787	268
787	368
787	538
787	626
787	751
787	831
787	841
787	848
787	860
787	942
787	972
787	983
787	989
788	3
788	109
788	116
788	376
788	403
788	499
788	598
788	670
788	720
788	764
788	804
788	846
788	926
788	969
789	53
789	101
789	233
789	296
789	608
789	667
789	679
789	782
789	797
789	867
789	894
789	931
789	982
789	988
790	59
790	62
790	452
790	454
790	537
790	567
790	647
790	766
790	863
790	866
790	891
790	940
790	949
790	989
791	279
791	402
791	519
791	731
791	733
791	795
791	806
791	875
791	879
791	893
791	901
791	993
791	999
791	1000
792	197
792	488
792	556
792	563
792	651
792	804
792	806
792	889
792	927
792	946
792	982
792	985
792	993
792	1000
793	51
793	251
793	384
793	385
793	470
793	558
793	708
793	739
793	744
793	754
793	778
793	783
793	890
793	956
794	260
794	387
794	466
794	634
794	639
794	645
794	653
794	708
794	740
794	748
794	912
794	952
794	975
794	991
795	19
795	353
795	368
795	644
795	674
795	737
795	744
795	791
795	868
795	873
795	924
795	925
795	928
795	991
796	517
796	685
796	705
796	716
796	735
796	909
796	917
796	930
796	954
796	957
796	965
796	981
796	994
796	1000
797	192
797	314
797	348
797	466
797	546
797	634
797	635
797	650
797	719
797	789
797	862
797	879
797	899
797	930
798	61
798	126
798	471
798	592
798	604
798	615
798	692
798	753
798	818
798	897
798	919
798	934
798	972
798	998
799	167
799	203
799	636
799	808
799	819
799	848
799	890
799	892
799	914
799	942
799	958
799	972
799	981
799	989
800	324
800	404
800	441
800	451
800	470
800	574
800	605
800	606
800	685
800	762
800	837
800	855
800	931
800	988
801	44
801	444
801	802
801	836
801	842
801	856
801	935
801	947
801	953
801	962
801	970
801	971
802	303
802	653
802	672
802	687
802	708
802	710
802	724
802	801
802	824
802	896
802	899
802	932
802	952
802	991
803	110
803	262
803	493
803	722
803	743
803	753
803	837
803	858
803	872
803	877
803	907
803	919
803	968
803	998
804	29
804	67
804	246
804	332
804	788
804	792
804	879
804	946
804	973
804	985
804	987
804	993
804	999
804	1000
805	119
805	628
805	703
805	763
805	769
805	813
805	820
805	863
805	909
805	948
805	949
805	955
805	961
805	990
806	240
806	270
806	289
806	466
806	511
806	520
806	619
806	791
806	792
806	877
806	889
806	985
806	999
806	1000
807	36
807	106
807	172
807	190
807	430
807	504
807	523
807	615
807	637
807	643
807	662
807	777
807	857
807	939
808	32
808	34
808	143
808	301
808	538
808	636
808	658
808	781
808	799
808	823
808	860
808	866
808	892
808	984
809	42
809	288
809	353
809	633
809	683
809	760
809	868
809	873
809	913
809	914
809	925
809	929
809	943
809	981
809	983
810	6
810	230
810	287
810	368
810	395
810	444
810	668
810	734
810	821
810	823
810	872
810	904
810	942
810	958
810	972
811	1
811	11
811	191
811	391
811	443
811	449
811	509
811	663
811	752
811	818
811	852
811	872
811	907
811	919
811	998
812	28
812	48
812	413
812	594
812	712
812	725
812	736
812	756
812	819
812	874
812	877
812	883
812	884
812	938
812	941
813	341
813	422
813	756
813	805
813	879
813	915
813	921
813	950
813	964
813	977
813	980
813	984
813	992
813	996
813	999
814	250
814	448
814	695
814	698
814	717
814	730
814	779
814	871
814	880
814	888
814	905
814	962
814	981
814	986
814	995
815	25
815	89
815	460
815	504
815	534
815	579
815	591
815	715
815	916
815	944
815	945
815	951
815	968
815	971
815	973
816	192
816	349
816	403
816	405
816	414
816	505
816	546
816	650
816	660
816	687
816	900
816	925
816	932
816	952
816	991
817	140
817	162
817	165
817	244
817	300
817	369
817	489
817	684
817	690
817	844
817	845
817	847
817	886
817	939
817	978
818	26
818	63
818	231
818	310
818	432
818	559
818	611
818	613
818	753
818	798
818	811
818	852
818	895
818	897
818	934
819	234
819	406
819	584
819	659
819	661
819	696
819	712
819	725
819	799
819	812
819	874
819	883
819	887
819	938
819	941
820	133
820	416
820	724
820	761
820	805
820	871
820	878
820	920
820	924
820	935
820	940
820	968
820	973
820	979
820	983
821	216
821	438
821	454
821	631
821	692
821	728
821	745
821	766
821	810
821	838
821	904
821	972
821	981
821	988
821	989
822	64
822	288
822	459
822	786
822	823
822	854
822	878
822	882
822	893
822	916
822	928
822	930
822	968
822	969
822	979
823	10
823	32
823	107
823	538
823	700
823	707
823	766
823	786
823	808
823	810
823	822
823	891
823	976
823	987
823	989
824	45
824	270
824	514
824	634
824	672
824	708
824	748
824	802
824	825
824	862
824	865
824	920
824	932
824	979
824	991
825	269
825	372
825	573
825	644
825	657
825	659
825	676
825	824
825	889
825	955
825	985
825	987
825	993
825	999
825	1000
826	106
826	208
826	294
826	472
826	523
826	637
826	643
826	686
826	689
826	691
826	704
826	831
826	834
826	918
826	923
827	13
827	303
827	405
827	413
827	416
827	447
827	493
827	508
827	529
827	546
827	672
827	865
827	952
827	986
827	991
828	21
828	82
828	84
828	207
828	399
828	406
828	451
828	460
828	485
828	550
828	626
828	768
828	928
828	940
828	968
828	973
829	344
829	377
829	396
829	505
829	569
829	628
829	675
829	682
829	758
829	770
829	840
829	863
829	933
829	949
829	961
829	990
830	79
830	119
830	123
830	196
830	367
830	605
830	632
830	764
830	833
830	950
830	964
830	976
830	977
830	980
830	984
830	996
831	52
831	103
831	115
831	436
831	647
831	662
831	681
831	787
831	826
831	866
831	870
831	927
831	972
831	974
831	978
831	989
832	209
832	396
832	661
832	675
832	689
832	730
832	745
832	763
832	876
832	892
832	933
832	945
832	948
832	955
832	957
832	967
833	356
833	577
833	586
833	632
833	755
833	830
833	915
833	921
833	965
833	976
833	977
833	980
833	984
833	988
833	992
833	996
834	36
834	172
834	223
834	283
834	440
834	472
834	622
834	637
834	643
834	662
834	686
834	689
834	691
834	704
834	826
834	988
835	360
835	488
835	507
835	568
835	614
835	680
835	784
835	850
835	851
835	926
835	937
835	960
835	962
835	975
835	983
835	995
836	84
836	519
836	677
836	678
836	741
836	801
836	842
836	856
836	943
836	947
836	953
836	962
836	970
836	971
836	980
837	428
837	580
837	596
837	603
837	728
837	800
837	803
837	858
837	860
837	872
837	885
837	895
837	919
837	970
837	990
837	998
838	10
838	66
838	221
838	230
838	264
838	533
838	623
838	636
838	786
838	821
838	860
838	927
838	932
838	934
838	974
838	981
839	465
839	474
839	477
839	480
839	557
839	658
839	707
839	726
839	750
839	884
839	917
839	954
839	959
839	965
839	968
839	994
840	57
840	315
840	436
840	454
840	829
840	892
840	896
840	903
840	904
840	942
840	951
840	958
840	965
840	969
840	974
840	981
841	264
841	399
841	457
841	475
841	621
841	667
841	680
841	709
841	787
841	898
841	900
841	910
841	937
841	942
841	960
841	961
842	677
842	678
842	724
842	741
842	801
842	836
842	856
842	863
842	911
842	941
842	947
842	953
842	962
842	970
842	971
842	998
843	4
843	328
843	363
843	518
843	715
843	729
843	871
843	904
843	916
843	920
843	930
843	935
843	944
843	973
843	979
843	997
843	999
844	198
844	200
844	244
844	369
844	489
844	510
844	530
844	546
844	684
844	690
844	817
844	847
844	886
844	929
844	932
844	939
844	953
845	62
845	92
845	474
845	553
845	557
845	644
845	716
845	727
845	817
845	909
845	917
845	924
845	948
845	957
845	959
845	963
845	994
846	116
846	316
846	328
846	347
846	403
846	476
846	590
846	720
846	732
846	749
846	764
846	783
846	788
846	874
846	909
846	912
846	926
847	77
847	244
847	335
847	441
847	510
847	530
847	671
847	673
847	684
847	690
847	691
847	705
847	727
847	817
847	844
847	939
847	981
848	216
848	452
848	538
848	787
848	799
848	859
848	866
848	870
848	892
848	933
848	942
848	967
848	972
848	981
848	989
848	992
848	997
849	224
849	410
849	498
849	501
849	526
849	529
849	603
849	664
849	713
849	770
849	780
849	859
849	861
849	887
849	918
849	942
849	997
850	33
850	112
850	282
850	286
850	568
850	664
850	696
850	709
850	768
850	776
850	784
850	835
850	900
850	911
850	937
850	950
850	960
851	286
851	377
851	506
851	552
851	649
851	668
851	688
851	767
851	835
851	900
851	907
851	911
851	937
851	960
851	975
851	981
851	988
852	254
852	278
852	354
852	674
852	699
852	722
852	743
852	811
852	818
852	858
852	880
852	919
852	928
852	934
852	983
852	988
852	998
853	188
853	408
853	552
853	593
853	595
853	617
853	710
853	716
853	719
853	750
853	917
853	957
853	959
853	963
853	968
853	994
853	996
854	32
854	287
854	404
854	434
854	482
854	484
854	494
854	563
854	583
854	822
854	877
854	940
854	968
854	985
854	987
854	993
854	999
855	161
855	417
855	441
855	468
855	588
855	606
855	679
855	765
855	800
855	867
855	870
855	894
855	965
855	970
855	972
855	982
855	988
856	599
856	622
856	677
856	678
856	741
856	772
856	801
856	836
856	842
856	893
856	947
856	953
856	959
856	962
856	970
856	971
856	997
857	36
857	74
857	190
857	208
857	412
857	430
857	523
857	555
857	643
857	662
857	686
857	689
857	691
857	704
857	732
857	807
857	889
857	1000
858	49
858	187
858	391
858	531
858	596
858	606
858	611
858	639
858	699
858	725
858	803
858	837
858	852
858	872
858	895
858	907
858	973
858	998
859	266
859	275
859	407
859	424
859	516
859	625
859	752
859	848
859	849
859	864
859	887
859	918
859	923
859	941
859	949
859	952
859	985
859	997
860	220
860	239
860	394
860	580
860	636
860	674
860	700
860	751
860	787
860	808
860	837
860	838
860	927
860	942
860	958
860	974
860	981
860	989
861	41
861	132
861	282
861	410
861	516
861	551
861	557
861	565
861	603
861	642
861	713
861	752
861	849
861	882
861	884
861	887
861	918
861	997
862	13
862	101
862	320
862	333
862	440
862	505
862	513
862	542
862	569
862	679
862	797
862	824
862	865
862	888
862	912
862	932
862	952
862	971
863	306
863	321
863	512
863	582
863	632
863	669
863	704
863	777
863	783
863	790
863	805
863	829
863	842
863	876
863	945
863	948
863	955
863	967
863	978
864	47
864	54
864	61
864	275
864	340
864	364
864	407
864	516
864	551
864	565
864	638
864	642
864	752
864	859
864	918
864	923
864	933
864	962
864	997
865	101
865	182
865	238
865	318
865	405
865	413
865	461
865	497
865	523
865	574
865	612
865	650
865	708
865	748
865	824
865	827
865	862
865	899
865	948
866	2
866	452
866	502
866	640
866	651
866	681
866	704
866	751
866	786
866	790
866	808
866	831
866	848
866	870
866	892
866	903
866	974
866	981
866	983
867	81
867	359
867	441
867	465
867	470
867	503
867	512
867	606
867	679
867	734
867	789
867	855
867	896
867	902
867	931
867	937
867	939
867	982
867	988
868	113
868	459
868	536
868	609
868	633
868	660
868	674
868	683
868	710
868	795
868	809
868	873
868	913
868	914
868	924
868	943
868	951
868	963
868	997
869	243
869	247
869	285
869	321
869	337
869	377
869	499
869	593
869	641
869	645
869	716
869	742
869	774
869	888
869	905
869	921
869	922
869	986
869	995
870	4
870	59
870	78
870	130
870	175
870	624
870	706
870	745
870	759
870	831
870	848
870	855
870	866
870	891
870	903
870	904
870	955
870	958
870	996
871	97
871	380
871	484
871	490
871	537
871	648
871	705
871	753
871	768
871	814
871	820
871	843
871	882
871	893
871	920
871	928
871	951
871	968
871	979
872	116
872	177
872	231
872	254
872	260
872	452
872	495
872	564
872	596
872	611
872	615
872	663
872	803
872	810
872	811
872	837
872	858
872	885
872	919
873	38
873	325
873	362
873	633
873	665
873	675
873	695
873	780
873	795
873	809
873	868
873	913
873	914
873	924
873	929
873	943
873	958
873	961
873	980
874	271
874	295
874	318
874	544
874	661
874	696
874	711
874	712
874	736
874	756
874	812
874	819
874	846
874	883
874	938
874	941
874	944
874	980
874	991
875	23
875	166
875	177
875	481
875	559
875	585
875	587
875	654
875	657
875	666
875	697
875	701
875	740
875	774
875	791
875	901
875	931
875	956
875	958
875	975
876	87
876	255
876	311
876	390
876	432
876	471
876	579
876	627
876	682
876	705
876	758
876	832
876	863
876	945
876	949
876	967
876	969
876	972
876	978
876	990
877	210
877	316
877	378
877	402
877	519
877	548
877	581
877	584
877	676
877	803
877	806
877	812
877	854
877	882
877	946
877	984
877	985
877	987
877	993
877	1000
878	247
878	302
878	435
878	472
878	504
878	534
878	591
878	680
878	715
878	724
878	820
878	822
878	899
878	920
878	928
878	935
878	953
878	958
878	969
878	979
879	143
879	332
879	427
879	464
879	589
879	718
879	791
879	797
879	804
879	813
879	889
879	901
879	902
879	938
879	946
879	957
879	985
879	987
879	993
879	999
880	85
880	150
880	208
880	247
880	272
880	285
880	336
880	408
880	570
880	616
880	656
880	698
880	814
880	852
880	900
880	905
880	966
880	967
880	986
880	995
881	25
881	237
881	421
881	437
881	478
881	679
881	729
881	768
881	892
881	916
881	920
881	927
881	928
881	930
881	935
881	940
881	944
881	973
881	978
881	979
882	64
882	331
882	518
882	539
882	578
882	626
882	710
882	714
882	724
882	822
882	861
882	871
882	877
882	920
882	930
882	935
882	951
882	968
882	973
882	989
883	215
883	295
883	380
883	399
883	414
883	522
883	528
883	584
883	661
883	696
883	711
883	725
883	736
883	756
883	812
883	819
883	874
883	901
883	938
883	941
884	151
884	245
884	304
884	323
884	381
884	424
884	474
884	592
884	627
884	722
884	785
884	812
884	839
884	861
884	907
884	909
884	917
884	963
884	965
884	971
885	17
885	153
885	210
885	429
885	431
885	449
885	564
885	580
885	604
885	618
885	641
885	692
885	737
885	746
885	753
885	837
885	872
885	959
885	977
885	998
886	1
886	77
886	198
886	226
886	266
886	335
886	418
886	489
886	510
886	528
886	530
886	671
886	684
886	690
886	704
886	817
886	844
886	939
886	958
886	989
887	30
887	96
887	407
887	502
887	529
887	560
887	642
887	684
887	697
887	713
887	752
887	819
887	849
887	859
887	861
887	889
887	918
887	923
887	985
887	997
888	38
888	389
888	423
888	487
888	517
888	539
888	593
888	601
888	616
888	645
888	655
888	698
888	717
888	814
888	862
888	869
888	905
888	966
888	986
888	995
889	182
889	287
889	289
889	351
889	440
889	464
889	548
889	718
889	792
889	806
889	825
889	857
889	879
889	887
889	943
889	985
889	987
889	988
889	993
889	1000
890	11
890	51
890	54
890	80
890	193
890	382
890	385
890	458
890	538
890	600
890	601
890	747
890	754
890	776
890	783
890	793
890	799
890	930
890	944
890	956
891	167
891	202
891	322
891	361
891	409
891	485
891	538
891	556
891	610
891	740
891	759
891	790
891	823
891	870
891	904
891	927
891	942
891	953
891	958
891	989
892	34
892	100
892	221
892	462
892	556
892	567
892	689
892	723
892	762
892	799
892	808
892	832
892	840
892	848
892	866
892	881
892	904
892	927
892	974
892	989
892	990
893	249
893	303
893	485
893	500
893	511
893	518
893	715
893	729
893	773
893	791
893	822
893	856
893	871
893	916
893	920
893	928
893	935
893	944
893	951
893	952
893	979
894	63
894	340
894	441
894	468
894	605
894	638
894	685
894	756
894	757
894	765
894	781
894	782
894	789
894	855
894	896
894	933
894	953
894	976
894	982
894	984
894	988
895	17
895	141
895	178
895	203
895	255
895	354
895	469
895	611
895	613
895	652
895	696
895	726
895	818
895	837
895	858
895	897
895	934
895	935
895	947
895	985
895	998
896	56
896	104
896	171
896	233
896	293
896	296
896	379
896	455
896	605
896	751
896	757
896	765
896	781
896	802
896	840
896	867
896	894
896	931
896	955
896	982
896	988
897	110
897	135
897	196
897	254
897	354
897	429
897	473
897	580
897	599
897	611
897	655
897	692
897	728
897	743
897	798
897	818
897	895
897	907
897	936
897	947
897	986
898	41
898	50
898	85
898	86
898	100
898	180
898	205
898	264
898	374
898	431
898	535
898	547
898	680
898	688
898	767
898	841
898	910
898	960
898	975
898	976
898	983
899	65
899	147
899	192
899	268
899	350
899	387
899	447
899	493
899	507
899	653
899	660
899	725
899	797
899	802
899	865
899	878
899	912
899	932
899	938
899	952
899	991
900	12
900	13
900	146
900	229
900	344
900	463
900	554
900	604
900	621
900	624
900	688
900	709
900	816
900	841
900	850
900	851
900	880
900	960
900	975
900	983
900	998
901	23
901	24
901	166
901	338
901	434
901	481
901	549
901	559
901	595
901	657
901	659
901	693
901	697
901	701
901	717
901	774
901	791
901	875
901	879
901	883
901	906
901	984
902	148
902	218
902	294
902	312
902	395
902	484
902	486
902	520
902	548
902	573
902	581
902	589
902	676
902	698
902	718
902	774
902	867
902	879
902	946
902	965
902	985
902	993
903	137
903	230
903	315
903	346
903	370
903	446
903	515
903	529
903	564
903	567
903	738
903	766
903	780
903	840
903	866
903	870
903	904
903	927
903	958
903	972
903	974
903	981
904	248
904	359
904	437
904	570
904	695
904	707
904	745
904	751
904	759
904	810
904	821
904	840
904	843
904	870
904	891
904	892
904	903
904	942
904	964
904	972
904	974
904	981
905	149
905	358
905	377
905	450
905	483
905	593
905	645
905	652
905	656
905	663
905	742
905	779
905	814
905	869
905	880
905	888
905	913
905	922
905	941
905	966
905	973
905	995
906	177
906	434
906	481
906	559
906	569
906	585
906	587
906	595
906	609
906	620
906	654
906	657
906	666
906	693
906	697
906	734
906	740
906	774
906	901
906	945
906	948
906	1000
907	153
907	231
907	244
907	270
907	473
907	618
907	692
907	722
907	726
907	728
907	746
907	779
907	803
907	811
907	851
907	858
907	884
907	897
907	919
907	934
907	947
907	998
908	40
908	201
908	319
908	323
908	330
908	395
908	418
908	572
908	675
908	728
908	738
908	765
908	933
908	945
908	948
908	955
908	961
908	967
908	971
908	978
908	990
908	996
909	134
909	188
909	340
909	381
909	435
909	553
909	594
909	617
909	631
909	705
909	750
909	785
909	796
909	805
909	845
909	846
909	884
909	936
909	957
909	963
909	965
909	994
910	91
910	175
910	344
910	360
910	363
910	457
910	506
910	508
910	515
910	535
910	614
910	621
910	649
910	667
910	715
910	767
910	841
910	898
910	937
910	960
910	975
910	977
910	983
911	22
911	252
911	313
911	322
911	344
911	380
911	433
911	568
911	578
911	608
911	628
911	667
911	680
911	688
911	711
911	721
911	785
911	842
911	850
911	851
911	960
911	975
911	983
912	31
912	82
912	126
912	136
912	542
912	549
912	639
912	660
912	672
912	687
912	708
912	748
912	777
912	794
912	846
912	862
912	899
912	932
912	937
912	952
912	954
912	968
912	991
913	19
913	29
913	71
913	187
913	188
913	261
913	609
913	630
913	633
913	644
913	674
913	683
913	741
913	744
913	780
913	809
913	868
913	873
913	905
913	924
913	928
913	929
913	943
914	113
914	174
914	201
914	459
914	525
914	597
914	607
914	630
914	633
914	665
914	682
914	705
914	744
914	799
914	809
914	868
914	873
914	924
914	925
914	929
914	943
914	979
914	983
915	8
915	104
915	145
915	176
915	533
915	566
915	683
915	714
915	755
915	813
915	833
915	921
915	935
915	964
915	976
915	977
915	979
915	980
915	983
915	984
915	990
915	992
915	996
916	44
916	194
916	211
916	332
916	357
916	537
916	539
916	648
916	669
916	760
916	815
916	822
916	843
916	881
916	893
916	917
916	930
916	935
916	951
916	969
916	973
916	979
916	995
917	45
917	70
917	90
917	225
917	374
917	477
917	517
917	622
917	705
917	796
917	839
917	845
917	853
917	884
917	916
917	925
917	928
917	936
917	954
917	957
917	963
917	965
917	982
917	994
918	47
918	245
918	267
918	326
918	410
918	516
918	551
918	560
918	586
918	603
918	631
918	713
918	752
918	826
918	849
918	859
918	861
918	864
918	887
918	923
918	935
918	966
918	972
918	997
919	77
919	108
919	211
919	309
919	429
919	514
919	526
919	564
919	618
919	657
919	692
919	699
919	721
919	742
919	798
919	803
919	811
919	837
919	852
919	872
919	907
919	924
919	934
919	977
920	139
920	223
920	421
920	496
920	551
920	570
920	613
920	670
920	708
920	729
920	760
920	820
920	824
920	843
920	871
920	878
920	881
920	882
920	893
920	944
920	951
920	968
920	973
920	979
921	132
921	219
921	367
921	456
921	502
921	561
921	683
921	734
921	755
921	813
921	833
921	869
921	915
921	950
921	961
921	964
921	976
921	977
921	980
921	984
921	987
921	992
921	996
921	1000
922	35
922	78
922	86
922	160
922	192
922	207
922	285
922	386
922	423
922	443
922	450
922	487
922	521
922	588
922	601
922	652
922	656
922	869
922	905
922	938
922	950
922	986
922	995
922	999
923	96
923	132
923	267
923	275
923	364
923	373
923	407
923	466
923	560
923	565
923	603
923	625
923	647
923	713
923	714
923	735
923	769
923	826
923	859
923	864
923	887
923	918
923	992
923	997
924	19
924	157
924	228
924	233
924	351
924	525
924	549
924	597
924	630
924	633
924	665
924	744
924	780
924	795
924	820
924	845
924	868
924	873
924	913
924	914
924	919
924	925
924	929
924	943
924	989
925	9
925	91
925	217
925	307
925	351
925	459
925	480
925	609
925	630
925	665
925	674
925	683
925	725
925	727
925	744
925	746
925	780
925	795
925	809
925	816
925	914
925	917
925	924
925	929
925	943
926	3
926	97
926	116
926	129
926	219
926	276
926	299
926	328
926	347
926	376
926	386
926	403
926	486
926	499
926	551
926	589
926	614
926	720
926	732
926	743
926	764
926	788
926	835
926	846
926	974
927	9
927	103
927	285
927	444
927	462
927	570
927	593
927	623
927	707
927	733
927	737
927	759
927	786
927	792
927	831
927	838
927	860
927	881
927	891
927	892
927	903
927	929
927	942
927	958
927	972
927	977
928	5
928	16
928	237
928	290
928	496
928	534
928	537
928	578
928	591
928	648
928	795
928	822
928	828
928	852
928	871
928	878
928	881
928	893
928	913
928	917
928	935
928	951
928	968
928	969
928	973
928	981
929	91
929	351
929	353
929	401
929	406
929	453
929	459
929	484
929	536
929	598
929	607
929	633
929	644
929	737
929	744
929	760
929	809
929	844
929	873
929	913
929	914
929	924
929	925
929	927
929	943
929	984
930	118
930	181
930	331
930	382
930	432
930	485
930	490
930	534
930	648
930	652
930	735
930	768
930	796
930	797
930	822
930	843
930	881
930	882
930	890
930	916
930	935
930	940
930	951
930	968
930	973
930	979
931	53
931	205
931	339
931	455
931	465
931	480
931	503
931	606
931	640
931	679
931	685
931	749
931	757
931	762
931	765
931	776
931	781
931	782
931	789
931	800
931	867
931	875
931	896
931	948
931	982
931	988
932	66
932	72
932	333
932	355
932	361
932	496
932	653
932	660
932	672
932	687
932	708
932	731
932	748
932	802
932	816
932	824
932	838
932	844
932	862
932	899
932	912
932	947
932	952
932	991
932	993
932	1000
933	280
933	290
933	306
933	319
933	323
933	389
933	571
933	582
933	669
933	675
933	703
933	763
933	777
933	829
933	832
933	848
933	864
933	894
933	908
933	941
933	942
933	945
933	955
933	961
933	976
933	978
933	990
934	63
934	69
934	75
934	278
934	339
934	429
934	473
934	495
934	509
934	526
934	663
934	726
934	746
934	753
934	770
934	775
934	798
934	818
934	838
934	852
934	895
934	907
934	919
934	939
934	948
934	981
934	998
935	46
935	310
935	421
935	435
935	485
935	504
935	591
935	642
935	715
935	720
935	766
935	801
935	820
935	843
935	878
935	881
935	882
935	893
935	895
935	915
935	916
935	918
935	928
935	930
935	944
935	951
935	961
936	60
936	92
936	120
936	291
936	342
936	346
936	381
936	477
936	500
936	525
936	532
936	553
936	622
936	658
936	692
936	705
936	719
936	727
936	771
936	785
936	897
936	909
936	917
936	954
936	957
936	963
936	994
937	112
937	146
937	164
937	229
937	286
937	344
937	375
937	422
937	467
937	506
937	515
937	535
937	624
937	649
937	709
937	784
937	835
937	841
937	850
937	851
937	867
937	910
937	912
937	950
937	975
937	981
937	983
937	990
938	39
938	48
938	271
938	283
938	295
938	371
938	406
938	414
938	521
938	544
938	584
938	661
938	696
938	711
938	712
938	725
938	736
938	756
938	812
938	819
938	874
938	879
938	883
938	899
938	922
938	941
938	955
938	970
938	980
939	1
939	53
939	140
939	161
939	165
939	193
939	198
939	244
939	301
939	335
939	369
939	387
939	418
939	427
939	489
939	510
939	528
939	530
939	671
939	673
939	684
939	690
939	807
939	817
939	844
939	847
939	867
939	886
939	934
940	64
940	133
940	159
940	292
940	302
940	304
940	308
940	343
940	435
940	437
940	439
940	483
940	578
940	626
940	670
940	715
940	790
940	820
940	828
940	854
940	881
940	930
940	944
940	946
940	951
940	968
940	973
940	978
940	979
941	39
941	48
941	67
941	271
941	295
941	371
941	406
941	414
941	544
941	552
941	584
941	619
941	661
941	696
941	711
941	712
941	725
941	736
941	756
941	812
941	819
941	842
941	859
941	874
941	883
941	905
941	933
941	938
941	951
942	6
942	139
942	175
942	276
942	391
942	438
942	527
942	591
942	647
942	707
942	759
942	772
942	787
942	799
942	810
942	840
942	841
942	848
942	849
942	860
942	891
942	904
942	927
942	933
942	954
942	962
942	972
942	973
942	974
942	981
943	3
943	37
943	38
943	71
943	157
943	239
943	353
943	536
943	578
943	597
943	598
943	607
943	609
943	638
943	644
943	665
943	674
943	760
943	809
943	836
943	868
943	873
943	889
943	913
943	914
943	924
943	925
943	929
943	976
943	992
944	46
944	194
944	490
944	496
944	504
944	539
944	550
944	614
944	626
944	670
944	693
944	724
944	768
944	815
944	843
944	874
944	881
944	890
944	893
944	920
944	935
944	940
944	950
944	968
944	969
944	973
944	979
944	982
944	985
944	995
945	255
945	366
945	389
945	545
945	629
945	641
945	642
945	646
945	648
945	675
945	758
945	761
945	763
945	769
945	770
945	775
945	777
945	815
945	832
945	863
945	876
945	906
945	908
945	933
945	949
945	964
945	967
945	978
945	985
945	990
945	998
946	7
946	110
946	138
946	154
946	248
946	287
946	289
946	308
946	358
946	372
946	464
946	520
946	541
946	630
946	718
946	731
946	733
946	792
946	804
946	877
946	879
946	902
946	940
946	972
946	976
946	985
946	987
946	988
946	993
946	994
946	999
947	144
947	218
947	262
947	326
947	397
947	401
947	415
947	461
947	478
947	479
947	511
947	541
947	599
947	625
947	677
947	678
947	741
947	767
947	801
947	836
947	842
947	856
947	895
947	897
947	907
947	932
947	953
947	962
947	967
947	970
947	971
948	99
948	186
948	290
948	321
948	327
948	345
948	366
948	412
948	442
948	453
948	463
948	572
948	641
948	669
948	682
948	761
948	786
948	805
948	832
948	845
948	863
948	865
948	906
948	908
948	931
948	934
948	949
948	967
948	975
948	981
948	990
949	93
949	274
949	279
949	330
949	348
949	390
949	396
949	433
949	445
949	498
949	547
949	571
949	572
949	582
949	629
949	679
949	682
949	703
949	730
949	769
949	775
949	790
949	805
949	829
949	859
949	876
949	945
949	948
949	955
949	961
949	978
949	999
950	56
950	235
950	284
950	341
950	343
950	362
950	367
950	478
950	494
950	522
950	555
950	561
950	694
950	723
950	755
950	813
950	830
950	850
950	921
950	922
950	937
950	944
950	952
950	964
950	968
950	972
950	976
950	977
950	980
950	984
950	992
950	996
951	5
951	181
951	246
951	332
951	390
951	416
951	451
951	496
951	500
951	544
951	591
951	715
951	726
951	763
951	815
951	840
951	868
951	871
951	882
951	893
951	916
951	920
951	928
951	930
951	935
951	940
951	941
951	968
951	969
951	973
951	979
951	997
952	31
952	65
952	66
952	125
952	166
952	184
952	270
952	349
952	392
952	405
952	497
952	526
952	575
952	650
952	666
952	708
952	721
952	748
952	794
952	802
952	816
952	827
952	859
952	862
952	893
952	899
952	912
952	932
952	950
952	959
952	963
952	991
953	102
953	115
953	214
953	262
953	297
953	401
953	415
953	456
953	458
953	461
953	478
953	479
953	541
953	599
953	677
953	678
953	741
953	801
953	836
953	842
953	844
953	856
953	878
953	891
953	894
953	947
953	962
953	970
953	971
953	975
953	985
953	986
954	124
954	151
954	284
954	291
954	304
954	339
954	342
954	420
954	480
954	532
954	543
954	583
954	585
954	596
954	622
954	627
954	710
954	719
954	727
954	750
954	756
954	771
954	796
954	839
954	912
954	917
954	936
954	942
954	957
954	963
954	965
954	992
954	994
955	93
955	255
955	273
955	394
955	432
955	463
955	476
955	567
955	579
955	608
955	629
955	651
955	659
955	669
955	685
955	688
955	703
955	711
955	738
955	758
955	805
955	825
955	832
955	863
955	870
955	896
955	908
955	933
955	938
955	949
955	961
955	984
955	990
956	11
956	27
956	51
956	54
956	80
956	152
956	193
956	251
956	261
956	280
956	317
956	375
956	382
956	384
956	385
956	458
956	531
956	558
956	574
956	600
956	612
956	656
956	729
956	747
956	754
956	776
956	778
956	783
956	793
956	875
956	890
956	963
956	964
956	982
957	179
957	228
957	269
957	342
957	387
957	392
957	532
957	594
957	598
957	602
957	617
957	627
957	710
957	719
957	727
957	735
957	749
957	750
957	754
957	785
957	796
957	832
957	845
957	853
957	879
957	909
957	917
957	936
957	954
957	959
957	963
957	965
957	971
957	985
957	994
958	33
958	57
958	62
958	99
958	130
958	225
958	346
958	368
958	491
958	668
958	681
958	700
958	706
958	735
958	745
958	759
958	772
958	786
958	799
958	810
958	840
958	860
958	870
958	873
958	875
958	878
958	886
958	891
958	903
958	927
958	972
958	974
958	981
958	989
958	999
959	124
959	142
959	202
959	220
959	228
959	245
959	304
959	381
959	408
959	557
959	592
959	602
959	603
959	622
959	627
959	706
959	716
959	735
959	750
959	754
959	769
959	771
959	785
959	839
959	845
959	853
959	856
959	885
959	952
959	957
959	965
959	969
959	971
959	982
959	994
960	12
960	118
960	130
960	164
960	170
960	186
960	282
960	374
960	433
960	434
960	467
960	505
960	506
960	528
960	552
960	614
960	664
960	667
960	680
960	716
960	721
960	755
960	767
960	770
960	784
960	835
960	841
960	850
960	851
960	898
960	900
960	910
960	911
960	975
960	983
961	99
961	257
961	319
961	335
961	345
961	390
961	394
961	463
961	477
961	536
961	571
961	579
961	629
961	651
961	682
961	733
961	738
961	770
961	775
961	777
961	805
961	829
961	841
961	873
961	908
961	921
961	933
961	935
961	949
961	955
961	967
961	973
961	978
961	990
961	1000
962	98
962	102
962	144
962	183
962	185
962	214
962	218
962	262
962	297
962	397
962	415
962	454
962	461
962	479
962	519
962	541
962	553
962	599
962	668
962	677
962	678
962	741
962	801
962	814
962	835
962	836
962	842
962	856
962	864
962	942
962	947
962	953
962	970
962	971
962	989
963	43
963	47
963	92
963	179
963	188
963	220
963	245
963	337
963	517
963	584
963	592
963	649
963	678
963	710
963	716
963	719
963	727
963	735
963	740
963	771
963	785
963	845
963	853
963	868
963	884
963	909
963	917
963	936
963	952
963	954
963	956
963	957
963	965
963	986
963	994
964	58
964	68
964	145
964	156
964	232
964	235
964	284
964	456
964	522
964	533
964	555
964	632
964	672
964	694
964	714
964	723
964	724
964	734
964	755
964	773
964	813
964	830
964	904
964	915
964	921
964	945
964	950
964	956
964	975
964	976
964	977
964	980
964	981
964	984
964	992
964	996
965	90
965	127
965	128
965	142
965	213
965	230
965	253
965	474
965	490
965	532
965	616
965	617
965	622
965	627
965	658
965	705
965	710
965	719
965	727
965	735
965	785
965	796
965	833
965	839
965	840
965	855
965	884
965	902
965	909
965	917
965	954
965	957
965	959
965	963
965	973
965	994
966	31
966	73
966	85
966	149
966	252
966	263
966	298
966	320
966	336
966	337
966	393
966	443
966	448
966	479
966	487
966	524
966	576
966	616
966	646
966	652
966	655
966	695
966	700
966	717
966	731
966	773
966	779
966	880
966	888
966	905
966	918
966	986
966	987
966	991
966	995
966	1000
967	40
967	75
967	199
967	249
967	290
967	306
967	396
967	398
967	412
967	442
967	512
967	557
967	608
967	628
967	675
967	709
967	730
967	736
967	761
967	763
967	775
967	832
967	848
967	863
967	876
967	880
967	908
967	945
967	947
967	948
967	961
967	972
967	977
967	978
967	989
967	994
968	21
968	46
968	288
968	302
968	451
968	460
968	475
968	483
968	511
968	537
968	591
968	707
968	709
968	758
968	768
968	784
968	803
968	815
968	820
968	822
968	828
968	839
968	853
968	854
968	871
968	882
968	912
968	920
968	928
968	930
968	940
968	944
968	950
968	951
968	973
968	979
969	16
969	25
969	181
969	209
969	217
969	223
969	288
969	363
969	416
969	428
969	437
969	439
969	451
969	475
969	497
969	500
969	518
969	537
969	539
969	550
969	578
969	591
969	629
969	788
969	822
969	840
969	876
969	878
969	916
969	928
969	944
969	951
969	959
969	973
969	979
969	991
970	98
970	102
970	107
970	115
970	183
970	214
970	262
970	297
970	397
970	401
970	461
970	478
970	479
970	491
970	541
970	556
970	599
970	633
970	646
970	677
970	678
970	731
970	741
970	766
970	801
970	836
970	837
970	842
970	855
970	856
970	938
970	947
970	953
970	962
970	971
970	994
971	95
971	98
971	107
971	115
971	144
971	183
971	218
971	297
971	397
971	401
971	415
971	461
971	478
971	479
971	489
971	498
971	541
971	599
971	677
971	678
971	741
971	771
971	780
971	801
971	815
971	836
971	842
971	856
971	862
971	884
971	908
971	947
971	953
971	957
971	959
971	962
971	970
972	9
972	57
972	76
972	139
972	361
972	370
972	436
972	454
972	468
972	610
972	623
972	672
972	706
972	766
972	772
972	786
972	787
972	798
972	799
972	810
972	821
972	831
972	848
972	855
972	876
972	903
972	904
972	918
972	927
972	942
972	946
972	950
972	958
972	967
972	974
972	981
972	989
973	207
973	246
973	329
973	331
973	357
973	475
973	518
973	558
973	670
973	724
973	729
973	760
973	768
973	804
973	815
973	820
973	828
973	843
973	858
973	881
973	882
973	905
973	916
973	920
973	928
973	930
973	940
973	942
973	944
973	951
973	961
973	965
973	968
973	969
973	979
973	995
973	998
974	32
974	139
974	216
974	302
974	313
974	370
974	430
974	462
974	565
974	567
974	570
974	588
974	610
974	636
974	641
974	647
974	668
974	700
974	706
974	723
974	743
974	786
974	831
974	838
974	840
974	860
974	866
974	892
974	903
974	904
974	926
974	942
974	958
974	972
974	981
974	984
974	989
975	58
975	64
975	94
975	112
975	205
975	229
975	249
975	286
975	299
975	360
975	399
975	400
975	431
975	453
975	457
975	524
975	552
975	554
975	614
975	680
975	721
975	725
975	755
975	767
975	784
975	794
975	835
975	851
975	875
975	898
975	900
975	910
975	911
975	937
975	948
975	953
975	960
975	964
975	983
976	20
976	56
976	60
976	155
976	253
976	258
976	260
976	284
976	292
976	309
976	343
976	376
976	429
976	456
976	555
976	561
976	632
976	694
976	723
976	734
976	746
976	755
976	823
976	830
976	833
976	894
976	898
976	915
976	921
976	933
976	943
976	946
976	950
976	964
976	977
976	980
976	984
976	992
976	996
977	8
977	30
977	37
977	55
977	60
977	104
977	232
977	256
977	260
977	265
977	276
977	456
977	502
977	514
977	522
977	551
977	561
977	566
977	579
977	632
977	637
977	714
977	723
977	813
977	830
977	833
977	885
977	910
977	915
977	919
977	921
977	927
977	950
977	964
977	967
977	976
977	980
977	984
977	992
977	996
978	75
978	93
978	105
978	209
978	255
978	265
978	290
978	311
978	319
978	353
978	363
978	366
978	369
978	394
978	512
978	545
978	587
978	615
978	628
978	651
978	669
978	675
978	691
978	730
978	769
978	770
978	775
978	777
978	817
978	831
978	863
978	876
978	881
978	908
978	933
978	940
978	945
978	949
978	961
978	967
979	2
979	44
979	223
979	242
979	288
979	357
979	473
979	483
979	490
979	496
979	504
979	539
979	569
979	578
979	603
979	648
979	695
979	715
979	724
979	729
979	738
979	751
979	820
979	822
979	824
979	843
979	871
979	878
979	881
979	893
979	914
979	915
979	916
979	920
979	930
979	940
979	944
979	951
979	968
979	969
979	973
980	50
980	60
980	68
980	104
980	119
980	232
980	235
980	256
980	284
980	292
980	341
980	343
980	421
980	422
980	502
980	566
980	613
980	714
980	723
980	734
980	746
980	755
980	758
980	775
980	813
980	830
980	833
980	836
980	873
980	874
980	915
980	921
980	938
980	950
980	964
980	976
980	977
980	984
980	992
980	994
980	996
981	2
981	15
981	52
981	78
981	130
981	221
981	239
981	370
981	444
981	495
981	556
981	570
981	610
981	706
981	721
981	745
981	759
981	772
981	796
981	799
981	809
981	814
981	821
981	838
981	840
981	847
981	848
981	851
981	860
981	866
981	903
981	904
981	928
981	934
981	937
981	942
981	948
981	958
981	964
981	972
981	974
982	28
982	42
982	158
982	162
982	189
982	233
982	293
982	324
982	379
982	411
982	417
982	441
982	455
982	458
982	562
982	564
982	588
982	605
982	606
982	638
982	640
982	679
982	686
982	698
982	757
982	762
982	781
982	782
982	789
982	792
982	855
982	867
982	894
982	896
982	917
982	931
982	944
982	956
982	959
982	986
982	988
982	994
983	15
983	50
983	57
983	58
983	204
983	282
983	374
983	388
983	399
983	400
983	419
983	433
983	515
983	543
983	554
983	568
983	614
983	624
983	664
983	667
983	673
983	709
983	721
983	745
983	766
983	767
983	784
983	787
983	809
983	820
983	835
983	852
983	866
983	898
983	900
983	910
983	911
983	914
983	915
983	937
983	960
983	975
984	20
984	41
984	56
984	111
984	142
984	143
984	230
984	232
984	253
984	260
984	343
984	345
984	367
984	502
984	522
984	561
984	566
984	584
984	586
984	694
984	703
984	714
984	734
984	755
984	808
984	813
984	830
984	833
984	877
984	894
984	901
984	915
984	921
984	929
984	950
984	955
984	964
984	974
984	976
984	977
984	980
984	992
984	996
985	26
985	180
985	195
985	248
985	281
985	289
985	294
985	378
985	404
985	446
985	482
985	494
985	509
985	532
985	581
985	619
985	639
985	718
985	731
985	733
985	739
985	743
985	753
985	792
985	804
985	806
985	825
985	854
985	859
985	877
985	879
985	887
985	889
985	895
985	902
985	944
985	945
985	946
985	953
985	957
985	987
985	993
985	999
986	35
986	95
986	149
986	150
986	160
986	243
986	272
986	298
986	352
986	386
986	393
986	423
986	445
986	487
986	492
986	576
986	591
986	601
986	615
986	645
986	646
986	652
986	656
986	685
986	686
986	695
986	698
986	742
986	756
986	758
986	773
986	779
986	814
986	827
986	869
986	880
986	888
986	897
986	922
986	953
986	963
986	966
986	982
986	995
987	28
987	70
987	120
987	134
987	156
987	176
987	196
987	197
987	222
987	269
987	287
987	356
987	372
987	427
987	438
987	440
987	482
987	494
987	512
987	563
987	573
987	588
987	620
987	640
987	659
987	662
987	703
987	731
987	804
987	823
987	825
987	854
987	877
987	879
987	889
987	921
987	946
987	966
987	985
987	988
987	993
987	996
987	999
987	1000
988	53
988	158
988	162
988	171
988	293
988	296
988	359
988	379
988	386
988	417
988	447
988	455
988	464
988	465
988	503
988	554
988	562
988	588
988	605
988	638
988	640
988	679
988	685
988	757
988	762
988	781
988	782
988	789
988	800
988	821
988	833
988	834
988	851
988	852
988	855
988	867
988	889
988	894
988	896
988	931
988	946
988	982
988	987
988	993
989	15
989	52
989	137
989	146
989	239
989	308
989	315
989	368
989	454
989	491
989	527
989	626
989	647
989	668
989	681
989	690
989	700
989	706
989	709
989	737
989	745
989	751
989	766
989	771
989	786
989	787
989	790
989	799
989	821
989	823
989	831
989	848
989	860
989	882
989	886
989	891
989	892
989	924
989	958
989	962
989	967
989	972
989	974
989	991
990	69
990	88
990	199
990	201
990	257
990	259
990	273
990	274
990	345
990	389
990	394
990	402
990	428
990	445
990	467
990	540
990	545
990	571
990	582
990	630
990	651
990	669
990	682
990	738
990	750
990	751
990	761
990	763
990	770
990	775
990	805
990	829
990	837
990	876
990	892
990	908
990	915
990	933
990	937
990	945
990	948
990	955
990	961
990	991
991	31
991	108
991	145
991	168
991	184
991	238
991	258
991	277
991	300
991	303
991	307
991	318
991	320
991	327
991	333
991	387
991	392
991	413
991	466
991	469
991	542
991	575
991	635
991	639
991	649
991	650
991	672
991	687
991	702
991	794
991	795
991	802
991	816
991	824
991	827
991	874
991	899
991	912
991	932
991	952
991	966
991	969
991	989
991	990
991	994
992	55
992	68
992	105
992	111
992	143
992	155
992	235
992	253
992	265
992	291
992	341
992	362
992	422
992	502
992	533
992	543
992	555
992	561
992	566
992	586
992	629
992	632
992	644
992	660
992	694
992	714
992	723
992	755
992	761
992	813
992	833
992	848
992	915
992	921
992	923
992	943
992	950
992	954
992	964
992	976
992	977
992	980
992	984
992	996
992	997
993	29
993	127
993	131
993	134
993	156
993	180
993	198
993	299
993	319
993	324
993	336
993	365
993	395
993	440
993	488
993	546
993	577
993	581
993	583
993	614
993	637
993	659
993	676
993	681
993	718
993	733
993	739
993	751
993	778
993	791
993	792
993	804
993	825
993	854
993	877
993	879
993	889
993	902
993	932
993	946
993	985
993	987
993	988
993	999
993	1000
994	61
994	106
994	168
994	179
994	213
994	225
994	240
994	291
994	310
994	339
994	408
994	480
994	517
994	553
994	557
994	592
994	594
994	602
994	617
994	658
994	700
994	712
994	716
994	727
994	735
994	750
994	771
994	781
994	796
994	839
994	845
994	853
994	909
994	917
994	936
994	946
994	954
994	957
994	959
994	963
994	965
994	967
994	970
994	980
994	982
994	991
995	40
995	86
995	94
995	150
995	160
995	243
995	263
995	298
995	305
995	321
995	377
995	393
995	443
995	448
995	492
995	524
995	548
995	554
995	556
995	593
995	601
995	612
995	616
995	645
995	646
995	652
995	655
995	656
995	688
995	695
995	698
995	718
995	742
995	779
995	814
995	835
995	869
995	880
995	888
995	905
995	916
995	922
995	944
995	966
995	973
995	986
996	6
996	41
996	55
996	119
996	145
996	155
996	189
996	253
996	256
996	265
996	292
996	331
996	362
996	422
996	506
996	522
996	533
996	555
996	566
996	586
996	620
996	632
996	661
996	669
996	688
996	694
996	714
996	723
996	734
996	813
996	830
996	833
996	853
996	870
996	908
996	915
996	921
996	950
996	964
996	976
996	977
996	980
996	984
996	987
996	992
996	999
997	47
997	96
997	132
997	159
997	224
997	234
997	266
997	267
997	275
997	281
997	313
997	326
997	373
997	383
997	407
997	410
997	419
997	424
997	498
997	501
997	529
997	551
997	560
997	563
997	565
997	603
997	625
997	631
997	642
997	651
997	713
997	732
997	752
997	843
997	848
997	849
997	856
997	859
997	861
997	864
997	868
997	887
997	918
997	923
997	951
997	992
997	998
998	17
998	108
998	141
998	142
998	153
998	178
998	191
998	231
998	241
998	254
998	425
998	428
998	471
998	473
998	495
998	514
998	526
998	559
998	572
998	596
998	613
998	615
998	618
998	663
998	677
998	722
998	723
998	730
998	743
998	753
998	765
998	784
998	798
998	803
998	811
998	837
998	842
998	852
998	858
998	885
998	895
998	900
998	907
998	934
998	945
998	973
998	997
999	26
999	79
999	89
999	120
999	127
999	169
999	176
999	215
999	242
999	248
999	257
999	269
999	332
999	356
999	378
999	440
999	464
999	482
999	488
999	573
999	583
999	619
999	620
999	697
999	718
999	721
999	731
999	732
999	739
999	743
999	782
999	791
999	804
999	806
999	813
999	825
999	843
999	854
999	879
999	922
999	946
999	949
999	958
999	985
999	987
999	993
999	996
999	1000
1000	5
1000	26
1000	34
1000	67
1000	134
1000	197
1000	224
1000	237
1000	279
1000	358
1000	365
1000	402
1000	427
1000	446
1000	464
1000	482
1000	494
1000	515
1000	519
1000	563
1000	573
1000	577
1000	581
1000	583
1000	620
1000	653
1000	663
1000	676
1000	687
1000	718
1000	731
1000	733
1000	791
1000	792
1000	796
1000	804
1000	806
1000	825
1000	857
1000	877
1000	889
1000	906
1000	921
1000	932
1000	961
1000	966
1000	987
1000	993
1000	999
