3 97 109 116 129 219 226 276 299 316 328 347 376 403 486 499 590 720 732 749 764 788 846 926 
2 6 9 10 14 15 32 34 52 57 59 62 78 87 100 103 130 137 139 167 175 216 221 230 239 268 301 308 315 346 361 368 370 436 438 444 452 454 462 491 527 538 556 567 570 610 623 636 647 668 681 700 706 707 745 751 759 766 772 786 787 790 799 808 810 821 823 831 838 840 848 860 866 870 891 892 903 904 927 942 958 972 974 981 989 
23 24 114 147 166 177 338 426 434 481 549 559 569 585 587 595 654 657 666 693 697 701 740 774 875 901 906 
11 27 51 54 80 193 227 251 280 375 382 384 385 458 531 558 574 600 612 747 754 776 778 783 793 890 956 
35 73 85 86 95 149 150 160 243 247 250 263 272 285 298 305 336 337 352 377 386 393 423 443 448 450 487 492 521 524 576 593 601 616 645 646 652 655 656 695 698 717 742 773 779 814 869 880 888 905 922 966 986 995 
30 47 61 96 132 224 234 266 267 275 313 326 364 373 383 407 410 424 498 501 516 529 551 560 565 603 625 631 642 713 752 849 859 861 864 887 918 923 997 
36 74 106 172 190 208 236 283 430 472 523 637 643 662 686 689 691 704 807 826 834 857 
7 26 28 29 67 79 81 89 117 120 127 131 134 138 148 154 156 176 180 195 196 197 206 210 215 222 237 242 248 269 279 281 287 289 294 312 332 356 358 365 372 378 395 402 404 427 440 446 464 482 484 488 494 519 520 548 563 573 577 581 583 589 619 620 659 676 718 731 733 739 791 792 804 806 825 854 877 879 889 902 946 985 987 993 999 1000 
1 77 140 161 165 198 200 244 335 369 418 489 510 528 530 671 673 684 690 817 844 847 886 939 
5 16 21 25 44 46 64 118 133 159 181 194 207 223 246 288 302 310 329 331 357 363 416 421 435 437 439 451 460 475 483 485 490 496 500 504 511 518 534 537 539 550 578 591 626 648 670 715 724 729 768 815 820 822 828 843 871 878 881 882 893 916 920 928 930 935 940 944 951 968 969 973 979 
17 49 63 69 108 110 123 135 141 153 178 185 187 191 203 211 212 231 241 254 278 309 354 391 425 428 429 449 469 471 473 495 509 514 526 564 580 596 604 611 613 615 618 663 692 699 722 726 728 743 746 753 798 803 811 818 837 852 858 872 885 895 897 907 919 934 998 
12 22 33 50 58 83 88 94 112 146 163 164 170 173 204 205 229 252 264 282 286 322 334 344 360 374 380 388 399 400 419 431 433 453 457 467 506 507 515 535 543 547 552 554 568 614 621 624 649 664 667 680 688 709 721 767 784 835 841 850 851 898 900 910 911 937 960 975 983 
39 48 271 295 371 406 414 544 584 661 696 711 712 725 736 756 812 819 874 883 938 941 
4 13 31 45 65 66 72 82 101 121 125 126 136 152 168 169 182 184 192 238 258 270 277 300 303 314 318 320 333 348 349 350 355 387 392 405 409 413 447 466 493 497 505 508 513 542 546 575 634 635 639 650 653 660 672 687 702 708 748 794 797 802 816 824 827 862 865 899 912 932 952 991 
8 20 37 41 55 56 60 68 104 111 119 143 145 155 232 235 253 256 260 265 284 292 341 343 362 367 422 456 502 522 533 555 561 566 586 632 694 714 723 734 755 813 830 833 915 921 950 964 976 977 980 984 992 996 
43 70 90 92 122 124 128 142 151 179 188 202 213 220 225 228 240 245 291 304 339 342 381 408 420 474 477 480 517 532 553 557 592 594 602 617 622 627 658 705 710 716 719 727 735 750 771 785 796 839 845 853 884 909 917 936 954 957 959 963 965 994 
19 38 71 91 113 157 174 217 261 307 325 351 353 459 525 536 597 598 607 609 630 633 644 665 674 683 737 744 760 780 795 809 868 873 913 914 924 925 929 943 
98 102 107 115 144 183 214 218 262 297 397 401 415 461 478 479 541 599 677 678 741 801 836 842 856 947 953 962 970 971 
42 53 158 162 171 189 233 293 296 324 340 359 379 411 417 441 455 465 468 470 503 562 588 605 606 638 640 679 685 757 762 765 781 782 789 800 855 867 894 896 931 982 988 
18 40 75 76 84 93 99 105 186 199 201 209 249 255 257 259 273 274 290 306 311 317 319 321 323 327 330 345 366 389 390 394 396 398 412 432 442 445 463 476 512 540 545 571 572 579 582 608 628 629 641 651 669 675 682 703 730 738 758 761 763 769 770 775 777 805 829 832 863 876 908 933 945 948 949 955 961 967 978 990 
