72 79 97 160 185 198 202 220 229 243 267 304 311 322 348 358 427 446 530 542 550 601 642 670 676 692 706 718 720 746 789 804 845 873 964 965 996 
115 120 121 136 152 231 343 449 473 475 479 483 514 541 677 698 739 767 773 782 896 
16 60 147 156 197 207 257 307 316 382 398 408 414 435 519 523 529 537 627 639 687 748 786 788 827 839 866 876 935 937 
3 9 22 54 56 77 106 150 157 166 181 196 203 206 233 239 244 252 253 258 262 269 282 317 328 359 360 374 402 412 431 462 466 498 501 515 517 520 557 562 565 571 579 580 605 613 633 653 656 683 741 753 760 764 780 791 808 816 826 828 831 850 859 860 887 891 906 909 946 951 984 994 
6 15 25 43 55 71 96 107 129 132 140 145 167 182 205 208 249 259 263 271 279 281 289 300 312 314 333 352 395 397 406 419 451 456 465 490 495 511 518 532 545 546 584 618 625 635 643 644 650 651 664 723 727 740 744 752 779 792 796 817 822 841 848 852 893 900 902 904 908 915 921 938 939 944 947 955 961 974 981 992 1000 
8 11 12 161 210 216 234 255 293 296 320 337 344 388 391 420 434 469 531 563 658 663 734 757 832 851 898 913 925 953 962 990 
29 35 58 61 76 180 186 199 238 280 294 298 305 340 366 373 378 384 405 430 432 448 481 491 500 506 533 553 564 583 587 599 616 620 657 661 662 672 675 678 711 865 867 869 871 875 879 897 918 942 960 970 979 986 987 999 
59 88 138 155 242 264 266 457 463 474 513 528 570 640 684 756 772 781 884 885 949 958 
26 36 47 100 108 144 168 176 178 191 230 232 237 256 260 265 278 286 291 297 318 325 350 361 370 417 422 424 470 494 496 535 555 566 586 595 602 608 626 668 685 689 714 729 747 770 776 793 815 820 829 856 857 872 895 912 928 940 956 988 
24 33 63 101 111 142 174 189 217 248 371 413 464 472 525 704 717 728 732 801 889 
4 28 31 34 39 68 73 89 102 103 117 125 127 137 141 165 193 194 200 224 240 241 250 273 277 287 326 329 335 347 351 353 355 356 363 396 400 403 411 440 444 447 455 460 461 471 477 486 505 527 536 540 600 630 647 648 649 659 660 669 671 679 693 710 724 737 775 785 803 813 847 858 878 883 911 957 967 975 980 991 
19 91 93 95 99 113 133 170 213 272 301 321 332 338 349 364 404 439 476 487 569 611 673 726 735 743 751 765 769 810 818 886 916 924 932 943 966 968 985 
20 49 67 81 87 92 149 159 162 179 251 276 308 309 368 480 582 597 681 695 731 800 837 890 936 954 972 
2 32 37 41 42 45 51 75 80 82 131 151 158 188 209 222 226 236 327 334 339 377 394 416 423 438 482 485 503 504 507 543 549 552 560 588 598 636 655 694 712 742 755 758 762 763 774 783 799 834 835 855 877 927 959 982 995 998 
5 10 13 23 44 50 53 65 66 69 78 83 90 104 105 109 126 130 139 171 175 190 192 195 204 212 218 219 223 225 227 270 283 299 306 357 365 375 386 392 407 421 428 436 442 453 459 468 484 502 521 526 539 567 574 576 581 585 593 604 606 612 622 628 641 645 646 667 680 688 699 705 725 745 749 761 790 805 811 824 833 838 842 849 862 868 870 874 882 901 907 920 929 931 945 963 976 978 
14 30 86 94 98 112 114 116 123 128 134 163 169 201 211 221 246 254 261 268 315 331 367 383 387 401 409 415 418 499 524 558 572 590 592 610 617 634 674 691 702 777 784 795 807 809 825 853 854 894 905 910 917 922 933 941 948 950 983 997 
7 21 27 62 84 124 135 143 148 154 164 173 228 247 285 288 292 295 302 303 319 324 345 346 354 376 379 380 381 389 399 425 437 450 452 454 478 492 512 516 538 544 548 554 559 561 573 577 591 596 609 614 619 621 623 665 666 682 703 709 715 716 730 736 738 794 798 802 812 814 823 830 843 844 863 864 903 914 952 971 
18 38 40 57 110 119 146 153 172 313 330 342 390 393 441 467 493 497 509 522 547 578 607 624 629 638 652 713 719 721 722 759 771 778 787 797 821 836 861 888 923 969 973 989 
1 17 46 48 52 64 70 74 85 118 122 177 183 184 187 214 215 235 245 274 275 284 290 310 323 336 341 362 369 372 385 410 426 429 433 443 445 458 488 489 508 510 534 551 556 568 575 589 594 603 615 631 632 637 654 686 690 696 697 700 701 707 708 733 750 754 766 768 806 819 840 846 880 881 892 899 919 926 930 934 977 993 
