25 32 34 65 105 131 167 186 235 322 326 342 385 387 396 441 470 496 522 524 525 568 577 580 612 623 630 635 651 738 774 822 928 
63 96 101 150 164 218 234 255 293 311 364 376 399 415 419 432 488 548 559 585 591 634 664 668 673 679 691 703 733 734 742 799 808 821 836 885 894 895 908 955 
5 6 10 14 15 17 18 26 31 54 84 85 100 124 137 143 171 191 199 203 207 217 247 282 285 289 302 324 336 340 353 366 374 402 411 418 443 444 453 454 458 481 487 492 497 504 516 535 554 556 564 571 575 578 600 617 629 638 647 655 672 685 701 707 708 713 723 728 754 767 786 798 800 806 814 823 832 846 853 854 856 861 876 882 884 888 892 913 916 917 941 956 963 965 966 980 982 987 
12 30 91 95 132 163 220 251 254 283 298 330 393 409 461 494 498 515 530 555 592 595 660 661 675 690 764 779 787 813 817 825 843 859 935 945 970 
87 92 168 183 226 264 277 307 325 357 395 412 427 457 489 509 552 614 695 749 835 842 880 891 
24 73 79 117 126 140 210 216 243 260 272 275 308 355 373 394 408 413 474 502 514 551 603 620 676 678 714 722 775 863 874 920 930 940 
22 29 45 64 77 83 103 133 146 153 161 166 176 177 185 211 219 230 281 315 317 321 329 332 354 362 365 367 371 380 383 407 455 475 477 482 485 508 511 518 520 523 544 561 566 576 593 616 633 641 659 671 687 692 693 719 731 756 757 760 771 785 790 811 850 879 881 907 960 968 971 991 
16 36 37 52 61 68 76 81 86 111 112 116 123 151 158 175 181 205 222 223 225 233 238 263 265 290 291 305 306 313 323 327 328 333 337 341 343 345 346 356 358 359 368 377 397 401 436 446 451 467 490 507 517 541 550 587 606 611 618 631 658 669 683 684 689 704 716 724 726 736 739 740 744 745 753 776 778 784 792 802 804 826 837 857 878 889 890 897 898 924 934 936 942 953 959 961 974 978 992 994 
19 28 38 42 57 99 102 104 110 114 138 156 187 209 244 257 259 261 297 304 352 405 423 424 463 472 479 484 546 553 565 567 584 599 613 626 644 665 682 711 729 735 751 809 829 852 862 864 868 871 887 922 929 931 949 950 967 985 995 996 
50 128 135 192 201 206 221 242 256 271 292 295 335 344 361 381 539 588 637 747 766 772 789 795 830 896 
11 58 71 107 120 147 174 198 204 286 320 350 386 425 428 527 542 579 643 697 755 758 761 781 873 886 906 921 
7 27 40 49 59 60 67 88 89 90 93 94 113 118 127 129 130 134 136 148 149 182 184 208 212 213 231 236 240 241 253 270 273 278 294 319 334 379 400 416 421 431 438 450 462 464 465 471 476 499 510 512 557 574 581 607 652 681 706 712 768 769 791 812 818 833 849 866 900 902 905 912 919 948 951 954 958 981 986 990 998 999 
9 39 69 159 162 180 189 239 250 360 389 410 414 426 437 473 500 628 636 639 662 674 715 717 750 762 810 860 893 952 
3 41 179 188 193 232 269 314 316 349 369 372 375 388 422 439 466 478 536 543 549 583 696 765 788 855 925 
47 53 74 106 115 139 152 169 178 215 224 318 338 378 392 406 433 440 528 529 582 610 619 621 624 640 666 670 694 699 709 727 732 741 759 824 932 937 988 
1 4 46 70 72 82 109 155 170 190 246 268 276 296 339 370 390 398 404 417 420 434 435 442 448 449 483 486 503 506 526 547 598 627 654 656 686 718 725 746 770 838 845 848 870 875 899 904 909 910 923 927 957 969 984 
8 80 108 227 228 245 279 309 391 452 468 589 602 632 649 677 688 721 782 797 844 851 865 
23 62 75 98 121 142 154 165 197 252 267 274 288 303 312 456 459 480 491 493 532 545 560 642 646 653 663 705 743 748 783 801 827 847 858 867 869 964 975 976 979 993 
2 35 43 48 56 78 144 145 202 287 300 310 348 351 363 445 495 519 537 540 562 569 572 573 604 625 680 702 730 816 834 839 877 901 903 914 938 946 
13 33 44 51 55 66 97 119 122 141 157 173 194 196 200 214 229 237 248 249 258 262 266 280 284 301 347 382 429 469 501 505 513 521 531 533 534 538 558 586 596 597 601 605 608 622 645 648 650 698 700 710 737 773 777 794 796 807 815 819 820 828 831 841 915 918 926 939 944 962 983 989 997 1000 
20 21 125 160 172 195 299 331 384 403 430 447 460 563 570 590 594 609 615 657 667 720 752 763 780 793 803 805 840 872 883 911 933 943 947 972 973 977 
