2 38 41 43 50 58 60 65 70 71 72 92 97 108 111 113 127 155 160 174 177 186 208 213 215 216 261 277 298 301 329 349 366 367 378 385 398 406 443 444 447 449 453 496 514 525 529 535 538 541 542 544 553 563 602 611 626 628 635 670 685 693 698 699 715 724 743 752 757 773 774 784 789 821 837 842 849 851 852 870 871 875 880 894 912 933 940 941 942 954 970 972 977 985 988 993 
17 39 40 56 59 69 99 123 142 145 169 224 227 229 299 302 310 312 340 379 437 469 485 487 521 523 524 530 532 561 571 584 589 639 644 658 674 678 679 692 719 738 753 763 790 823 824 825 834 874 891 901 915 952 958 978 994 
24 62 157 188 222 246 255 326 337 343 344 375 409 422 463 464 473 495 508 519 531 540 545 574 605 606 647 663 664 683 718 754 755 796 830 861 866 911 913 922 935 946 951 
32 91 96 121 147 172 173 185 197 217 223 270 295 307 334 357 377 382 429 432 433 457 491 564 586 657 682 684 710 716 737 767 779 828 838 868 873 883 917 966 
14 27 30 112 114 115 150 159 170 205 228 327 351 352 373 376 383 389 396 411 436 501 515 607 708 725 748 831 839 955 967 
21 35 46 67 88 93 203 232 241 271 292 413 415 480 510 546 552 559 567 568 592 612 688 707 808 827 835 836 878 910 962 963 
20 33 66 89 107 168 212 225 259 268 278 282 285 288 317 330 331 341 418 434 439 459 483 492 517 565 594 632 667 676 729 744 772 777 783 800 809 811 815 840 850 907 919 939 948 949 953 968 969 981 987 992 
23 25 28 42 64 73 74 82 98 100 101 120 124 149 176 183 192 204 214 219 221 231 234 242 247 256 265 266 267 272 273 275 290 332 339 374 391 395 400 416 423 424 454 486 507 511 516 526 549 551 555 558 562 579 590 596 603 608 619 624 629 638 643 646 661 681 690 704 705 717 720 721 728 749 786 788 793 810 822 854 857 858 864 872 877 890 892 896 904 926 931 937 938 976 989 995 997 
137 187 211 236 293 296 300 320 353 380 384 390 435 467 505 578 615 637 652 665 672 785 787 920 
29 36 51 52 75 83 116 128 138 196 198 313 347 358 381 404 408 410 427 489 520 554 569 609 671 680 706 712 730 770 776 832 855 867 884 887 928 932 934 944 980 982 983 
9 26 68 90 105 109 133 135 144 154 163 209 226 239 365 370 393 426 472 475 534 539 550 600 617 709 711 731 802 895 959 
7 10 12 31 44 49 54 79 80 95 110 117 141 152 167 200 243 252 253 264 281 309 363 417 430 441 455 470 474 476 482 509 512 573 580 641 645 668 673 700 702 703 714 722 745 746 751 756 761 762 765 805 847 853 879 898 900 905 908 918 956 961 991 
1 4 13 15 18 19 34 57 61 63 76 85 87 94 103 119 126 131 132 136 161 162 164 181 184 189 190 193 194 201 206 207 220 235 244 249 250 280 291 294 304 305 318 319 336 345 359 364 369 372 387 392 438 446 448 451 458 461 479 494 498 499 506 527 536 557 570 572 577 591 593 618 621 627 634 648 653 654 659 677 696 701 735 736 747 758 764 766 780 791 799 804 806 812 829 859 860 865 885 923 924 957 960 979 984 999 1000 
3 146 179 237 240 262 388 401 407 425 428 478 513 547 575 583 587 604 610 620 630 660 666 675 807 833 876 888 902 925 929 930 950 
37 45 48 55 78 84 104 118 125 134 139 140 148 151 153 156 158 166 178 180 182 202 210 254 257 274 286 289 311 315 335 354 355 356 360 386 399 402 419 442 445 450 456 462 471 477 481 490 497 500 522 528 556 560 566 576 597 614 616 625 640 651 656 669 686 687 694 697 723 727 741 759 760 775 782 795 797 798 801 813 814 817 818 820 841 843 844 845 862 964 965 971 974 975 998 
16 86 106 129 171 195 199 218 233 263 279 283 308 314 324 328 333 342 350 362 420 421 431 452 488 537 548 585 650 662 695 726 733 742 768 781 826 848 889 906 914 927 947 
5 11 47 122 130 258 284 297 321 394 465 504 518 581 582 598 642 655 713 750 771 792 819 863 869 
8 22 53 77 143 165 175 230 238 245 260 276 287 306 316 325 338 346 348 361 371 397 405 412 414 440 460 466 468 502 503 533 543 588 595 601 613 623 631 633 636 649 689 691 732 740 769 778 816 856 881 882 897 899 903 909 916 936 943 945 973 986 990 996 
6 81 102 191 248 251 269 303 322 323 368 403 484 493 599 622 734 739 794 803 846 886 893 921 
