24 136 137 189 243 372 374 394 403 406 410 417 429 471 549 555 665 690 782 794 833 902 910 
3 8 41 52 63 71 77 89 94 103 157 172 188 198 215 223 256 269 270 286 288 302 326 336 360 366 383 402 411 416 436 492 502 551 559 587 603 610 640 675 679 722 739 759 763 781 825 847 854 889 898 914 939 945 951 954 967 972 989 990 
72 139 156 160 165 213 245 282 283 341 398 430 437 652 678 701 715 727 829 832 857 866 918 920 923 926 934 935 943 
53 57 62 110 150 161 179 196 214 221 234 268 309 313 354 371 375 407 420 422 442 450 553 575 579 583 586 592 629 634 638 685 709 761 774 812 844 874 922 932 944 955 971 
5 6 17 20 54 114 140 166 229 247 259 271 272 293 312 334 335 342 356 369 391 443 475 490 494 497 514 533 538 550 554 566 594 661 677 689 700 702 729 772 801 827 878 909 924 995 1000 
13 47 116 143 226 274 278 298 320 413 424 487 499 508 564 574 643 682 725 768 796 810 823 851 863 870 921 940 
4 9 10 15 16 22 31 44 46 58 61 90 118 130 144 164 167 168 169 182 187 190 194 201 205 206 233 299 301 314 316 321 325 337 338 347 351 379 386 390 392 399 421 425 426 438 439 484 489 504 510 517 520 523 531 536 541 552 567 581 591 599 605 611 642 647 669 683 684 707 712 714 732 735 741 744 764 770 771 791 793 797 803 811 831 838 846 883 885 886 895 900 930 948 969 982 986 987 997 
109 163 228 294 381 432 445 457 461 465 537 580 602 621 624 674 716 730 776 815 834 884 
39 40 43 78 106 125 162 173 222 246 281 290 322 328 626 645 657 696 719 762 769 786 836 879 903 
87 91 93 105 115 263 319 329 376 427 509 513 527 545 563 565 595 620 658 680 720 738 819 893 
19 30 33 92 96 100 101 126 135 149 153 171 176 183 199 202 211 250 323 331 396 405 412 419 423 446 448 456 458 486 488 522 526 542 578 582 589 590 597 598 615 618 633 636 639 667 695 703 708 753 754 779 783 798 816 848 852 858 880 892 906 912 952 956 957 959 961 963 974 980 994 996 999 
28 32 67 82 111 123 124 146 186 192 225 227 237 242 251 253 261 273 279 296 373 433 453 459 483 528 568 606 617 623 625 651 698 752 775 780 785 808 859 875 941 942 958 965 970 
18 23 50 81 107 197 209 210 220 254 255 330 362 384 400 401 409 415 460 463 474 477 478 482 485 498 500 516 529 539 562 607 650 654 660 676 724 746 747 766 789 820 824 845 849 869 904 927 938 953 998 
12 64 79 80 83 102 175 208 216 284 289 307 311 317 324 355 361 378 385 451 454 464 470 472 473 480 511 535 543 561 569 601 612 622 644 748 758 773 787 788 828 865 896 908 919 929 931 937 962 979 985 
55 59 65 69 76 88 113 132 142 148 152 174 178 207 219 241 248 260 266 267 285 287 332 358 359 365 370 380 382 408 414 506 515 524 556 557 576 604 635 648 659 666 672 681 692 699 706 710 721 750 784 817 821 835 837 841 850 872 876 877 881 897 905 916 960 
1 25 34 38 42 49 51 56 74 84 85 104 122 134 147 151 158 159 191 203 218 231 238 244 249 258 308 310 318 340 346 349 350 387 395 397 447 455 466 467 495 496 501 521 525 544 547 558 570 600 608 614 627 632 646 653 664 671 686 717 718 723 731 734 743 749 751 757 765 767 807 809 814 822 826 842 853 864 871 873 901 911 913 928 949 964 968 973 975 976 977 
2 11 14 21 35 36 37 70 73 75 97 98 121 127 133 154 185 193 195 200 204 212 235 240 252 265 291 300 304 327 333 339 343 344 348 352 367 368 393 435 444 452 462 468 469 493 503 512 519 530 540 546 584 588 613 631 655 656 663 670 673 694 704 705 713 726 737 742 760 792 799 800 802 830 840 855 868 946 947 950 984 
26 27 29 48 60 86 95 108 117 129 155 170 177 181 184 236 257 264 275 276 280 295 297 303 306 345 353 363 377 388 418 428 431 440 449 476 479 481 507 532 534 560 573 577 585 593 609 619 628 630 637 641 668 687 688 697 728 736 740 756 777 778 795 804 806 843 860 862 867 882 888 890 891 894 925 933 966 978 981 983 988 991 992 993 
45 66 99 112 120 217 224 232 239 262 315 434 441 548 571 693 711 733 745 839 887 899 907 915 917 
7 68 119 128 131 138 141 145 180 230 277 292 305 357 364 389 404 491 505 518 572 596 616 649 662 691 755 790 805 813 818 856 861 936 
