9 22 23 24 45 127 157 216 266 333 347 376 458 463 507 532 548 578 612 615 651 679 693 738 748 784 787 794 795 821 834 838 855 862 872 886 887 933 1000 
1 7 10 44 50 52 60 68 71 72 93 102 103 122 129 131 153 163 166 175 178 211 217 218 232 242 247 263 286 317 320 342 359 365 372 375 387 397 408 412 428 434 443 493 505 527 530 541 556 557 558 579 613 618 652 656 674 688 690 697 708 716 755 762 780 830 841 845 846 848 859 875 885 891 894 900 910 911 928 969 979 984 
12 19 20 41 43 53 67 81 90 108 110 119 124 135 177 182 184 186 191 201 212 223 229 238 269 280 285 288 306 327 328 334 338 364 369 383 391 402 409 416 456 462 471 513 533 534 536 549 551 564 607 611 633 683 712 714 726 731 737 759 766 769 777 797 806 854 893 897 907 922 925 927 938 948 952 957 958 971 976 985 990 996 999 
42 61 75 92 111 198 207 254 260 275 295 316 343 380 436 499 553 603 617 719 753 771 874 883 923 934 974 
13 74 87 121 142 148 161 231 258 262 274 299 311 348 356 368 370 396 400 438 444 447 508 514 538 550 567 589 598 671 681 739 742 752 773 812 813 820 981 997 
86 167 174 185 237 240 313 337 385 427 432 465 469 472 490 569 686 689 709 764 774 823 826 866 895 905 940 
3 35 38 48 95 98 125 140 158 193 196 252 259 290 291 293 332 335 336 420 424 425 435 439 448 449 453 468 480 488 521 547 563 584 593 604 620 621 640 642 658 661 685 696 699 707 711 720 727 802 831 877 941 942 945 964 967 968 978 982 988 992 994 
25 28 32 33 37 49 80 82 88 123 170 203 205 224 239 277 282 283 296 298 308 324 329 341 366 377 470 482 510 518 545 562 577 594 606 619 623 631 637 645 648 650 666 694 695 701 702 746 776 791 793 796 807 817 832 865 871 878 880 884 903 908 915 920 929 930 936 939 963 973 975 980 986 989 993 998 
8 40 46 152 168 221 257 450 455 475 494 503 529 554 582 587 616 646 789 827 869 914 931 961 
85 91 180 234 241 271 289 318 330 346 386 388 406 509 522 555 778 799 833 858 889 
54 56 63 66 70 79 100 133 162 197 210 219 225 227 245 270 279 287 292 307 351 355 367 392 403 411 417 426 433 454 461 464 483 485 489 517 523 544 552 561 566 572 573 575 583 591 597 602 627 644 673 734 743 744 765 792 804 816 824 829 867 926 951 959 960 972 995 
34 62 104 138 156 160 188 202 268 310 379 452 473 500 526 568 624 629 647 657 698 721 724 770 837 898 912 
2 4 47 58 76 77 78 89 97 114 126 134 139 215 265 281 284 294 345 363 373 382 389 410 415 429 467 481 486 515 542 574 581 614 632 659 664 677 705 706 723 803 809 810 843 901 902 916 935 947 
6 26 27 64 65 83 84 113 117 118 120 130 136 137 143 151 169 171 172 189 199 200 206 233 236 253 255 267 312 322 326 331 353 358 378 395 401 418 457 459 476 479 495 501 519 528 535 608 630 643 655 667 672 700 710 733 735 740 751 754 756 763 772 782 783 786 788 800 801 811 825 840 850 868 873 876 879 888 892 919 921 937 954 956 
36 173 222 228 297 360 445 491 496 516 626 635 636 676 703 730 732 745 767 798 844 932 943 
14 16 115 132 165 176 181 195 235 251 256 300 321 381 430 446 477 625 638 680 749 775 842 847 881 917 
5 15 106 112 146 150 179 304 354 384 394 421 512 585 595 609 610 660 665 687 691 715 741 747 790 808 819 852 861 882 966 
17 29 30 39 51 57 69 94 99 101 144 145 154 155 159 164 187 192 194 204 213 214 244 250 261 273 276 301 302 323 325 344 349 350 361 362 393 398 399 404 405 422 440 441 442 451 487 537 539 571 588 592 596 622 628 641 649 654 669 682 692 717 725 728 736 750 758 760 768 781 785 818 835 849 856 857 860 896 899 906 918 924 944 946 955 991 
11 31 55 59 73 96 105 109 128 149 190 208 209 230 243 248 249 264 278 305 309 319 339 340 352 371 374 413 414 419 423 460 466 484 497 498 504 543 546 560 565 570 576 580 586 599 600 601 605 634 639 653 663 668 675 678 704 713 718 722 729 805 815 822 828 836 851 853 863 864 890 909 913 949 950 953 965 970 977 983 987 
18 21 107 116 141 147 183 220 226 246 272 303 314 315 357 390 407 431 437 474 478 492 502 506 511 520 524 525 531 540 559 590 662 670 684 757 761 779 814 839 870 904 962 
