23 34 49 73 85 90 94 101 138 144 153 206 232 237 246 254 256 260 295 299 320 335 345 351 365 370 388 395 397 401 414 415 462 463 473 476 486 490 491 509 530 534 545 550 556 558 563 585 607 613 616 633 649 655 666 667 678 700 703 705 717 725 738 751 780 795 802 811 821 827 832 853 896 897 901 921 925 928 935 937 958 965 968 986 990 996 
1 11 25 38 48 86 109 136 154 188 192 207 225 228 248 271 355 366 375 379 386 465 496 519 527 539 544 573 587 608 691 698 701 758 804 817 846 847 850 873 924 938 952 956 982 
56 67 68 71 77 106 113 115 120 164 176 184 185 186 193 204 217 247 255 282 330 339 360 369 383 439 467 478 515 516 517 529 577 582 589 635 651 658 659 669 673 697 704 716 724 742 752 767 774 790 822 823 855 904 910 953 995 999 
2 32 60 66 81 87 96 98 134 142 171 190 191 201 209 234 252 258 278 288 290 291 305 306 307 308 327 368 404 419 422 459 466 468 494 525 535 540 547 600 625 626 641 653 661 663 683 689 692 706 711 727 731 744 755 791 820 829 842 877 933 964 969 991 992 
3 29 40 44 61 83 104 122 126 127 128 133 158 161 162 172 178 222 227 245 250 257 261 287 298 301 313 318 321 338 361 364 373 376 409 410 417 420 424 426 427 429 431 437 452 458 460 482 483 487 488 504 510 512 537 554 555 565 566 572 594 595 596 609 617 627 628 631 638 643 647 652 656 665 674 682 690 712 730 734 763 772 816 826 837 843 845 857 864 867 872 879 898 903 906 920 936 949 966 973 
16 151 182 242 266 296 316 334 342 392 538 676 718 728 760 762 787 800 803 905 929 
35 37 46 74 92 111 125 167 174 199 202 238 346 348 372 374 399 451 499 511 549 567 574 618 679 714 722 852 862 927 985 
8 17 22 24 53 59 69 72 78 80 91 112 116 124 137 170 177 211 213 215 220 221 229 233 241 259 286 297 302 315 324 325 328 332 337 340 341 349 356 371 382 396 408 418 421 432 447 480 484 502 506 514 520 536 569 578 583 591 601 604 606 612 614 619 621 629 637 646 660 693 757 759 771 784 788 797 824 876 889 890 902 912 914 941 946 957 981 983 
9 12 39 41 55 76 114 135 145 175 181 243 289 343 347 377 384 389 412 433 444 446 448 479 489 498 518 528 541 570 623 634 639 650 662 670 675 688 696 702 713 729 733 737 739 756 792 796 798 809 818 835 841 849 854 871 883 894 919 940 944 959 989 1000 
13 14 42 63 95 173 187 195 200 280 294 309 314 358 400 405 438 445 455 576 590 648 671 745 750 828 882 909 942 955 
6 10 20 28 31 43 54 89 105 129 130 139 147 148 155 157 183 198 214 218 240 277 292 326 350 357 359 390 434 440 461 470 471 472 474 475 477 497 533 548 552 560 568 575 580 588 602 603 622 654 664 685 694 695 726 736 743 754 768 793 814 831 851 859 866 869 870 880 887 892 895 916 923 931 939 947 963 972 975 998 
30 64 93 97 107 117 132 140 149 208 236 265 273 283 284 285 311 398 449 450 469 481 495 500 513 521 542 543 551 557 564 579 592 611 624 642 645 668 680 687 699 708 746 748 753 777 785 884 886 891 899 976 979 980 994 
4 33 57 88 99 156 163 244 251 263 269 333 336 363 385 403 423 436 493 581 636 721 773 782 807 858 885 918 926 943 948 987 
7 27 36 50 70 102 108 118 131 146 150 189 203 212 216 223 239 264 267 274 310 344 354 362 435 443 453 464 492 523 584 684 709 710 732 741 769 770 775 779 805 838 875 888 913 932 977 
5 18 26 45 47 58 62 79 84 100 103 123 143 152 159 169 197 219 230 231 249 253 270 272 300 303 304 317 323 331 353 367 380 387 391 393 406 413 416 425 428 430 441 454 457 485 501 503 507 532 553 562 586 593 599 630 644 657 677 681 723 747 749 764 765 783 786 789 794 808 810 812 830 836 844 848 863 865 874 908 911 915 917 961 962 967 971 988 
15 19 21 51 110 179 194 210 262 268 276 279 281 322 329 381 508 559 561 610 620 707 720 806 815 833 839 861 893 900 970 978 
52 65 75 82 119 121 141 160 165 166 168 180 196 205 224 226 235 275 293 312 319 352 378 394 402 407 411 442 456 505 522 524 526 531 546 571 597 598 605 615 632 640 672 686 715 719 735 740 761 766 776 778 781 799 801 813 819 825 834 840 856 860 868 878 881 907 922 930 934 945 950 951 954 960 974 984 993 997 
