8 99 118 122 134 157 161 188 214 234 252 280 285 298 331 333 349 434 503 510 519 551 553 582 591 593 594 624 631 649 666 667 711 715 716 721 803 847 850 898 900 920 924 943 962 965 989 
22 61 64 80 89 163 169 181 205 213 227 235 302 324 339 341 367 412 446 461 471 473 474 509 540 563 613 622 654 681 784 789 802 808 809 819 824 831 846 852 853 870 886 909 927 929 961 974 975 979 
4 44 67 91 101 108 131 145 146 152 165 168 170 197 199 218 219 239 242 284 294 300 313 315 319 345 353 354 366 380 393 401 435 440 462 490 496 516 526 530 569 571 578 579 657 699 713 738 744 750 757 791 793 794 804 815 825 832 837 866 883 894 915 923 933 960 969 999 
10 17 29 35 37 42 53 85 90 96 100 112 115 120 125 138 139 174 179 185 186 207 220 232 237 262 291 295 296 304 310 318 320 342 363 385 391 406 407 426 429 442 447 456 467 477 491 495 501 505 507 520 531 535 536 543 547 549 597 601 627 642 663 672 684 694 695 708 719 726 735 740 754 756 758 762 774 778 782 786 817 818 841 880 889 893 918 931 942 946 959 976 978 
54 136 142 175 178 254 279 311 357 418 427 514 603 611 628 653 693 724 806 835 888 910 
19 141 166 180 189 202 209 212 221 222 238 248 265 274 283 303 343 344 352 368 376 404 419 420 423 433 436 451 479 483 525 538 542 558 564 585 587 595 608 644 656 679 725 741 742 752 766 777 811 820 855 869 890 896 904 948 951 983 988 991 
33 41 86 97 98 111 230 240 251 257 263 293 334 377 379 388 399 411 438 500 522 550 559 612 615 637 639 648 680 687 720 723 747 767 801 805 813 830 868 895 899 908 936 937 950 986 995 997 
23 116 140 151 190 194 244 281 288 365 413 414 415 439 453 463 487 513 533 554 580 623 655 669 748 753 763 785 798 839 851 858 873 911 912 956 967 
7 9 14 21 58 66 71 123 153 156 162 171 172 183 216 256 268 282 317 329 374 403 428 445 489 515 529 548 552 560 576 584 589 634 650 668 732 737 764 776 783 792 799 827 840 863 871 878 881 885 921 941 971 987 998 
11 20 27 28 32 62 73 79 84 88 102 106 110 114 137 144 155 173 176 184 200 224 229 241 253 259 260 272 278 287 301 305 306 323 327 332 337 351 356 360 369 370 382 389 410 441 466 470 480 482 488 508 517 523 537 565 573 575 577 586 605 614 640 646 665 690 705 707 718 727 730 733 736 759 765 780 781 810 829 836 838 856 859 862 864 892 897 907 935 955 970 973 981 985 996 
3 5 48 51 57 68 75 81 94 119 127 128 130 133 143 182 193 211 245 258 277 321 322 326 336 355 381 387 392 398 485 504 521 557 570 610 619 636 652 671 674 775 790 816 833 905 932 939 952 972 992 993 
13 56 60 77 147 187 226 231 362 386 555 568 572 596 606 632 651 662 706 714 844 861 879 906 
30 31 45 47 78 87 103 210 233 261 273 275 325 328 358 396 454 465 502 518 544 546 561 600 625 635 658 673 760 828 940 947 
12 50 59 69 117 132 154 198 225 249 269 270 276 292 299 314 335 373 383 394 402 422 457 458 460 486 492 566 607 616 630 659 660 678 697 698 704 709 717 722 761 772 795 848 854 917 928 938 944 968 977 982 984 1000 
34 39 40 70 82 93 129 160 164 208 223 271 286 297 309 312 340 346 347 371 384 395 417 430 437 459 464 468 475 484 497 499 512 534 556 567 590 602 604 609 618 633 641 661 664 676 682 685 689 700 728 734 739 743 779 788 800 807 812 857 865 874 875 882 884 887 902 913 914 926 930 949 954 957 958 963 
2 6 18 26 38 46 65 92 104 109 124 148 158 167 195 201 203 228 267 308 350 372 378 390 397 416 424 432 448 476 493 498 506 511 528 539 541 562 583 592 617 638 647 675 692 696 746 749 751 755 770 773 822 826 834 867 877 901 925 945 953 964 
16 24 25 55 63 95 105 107 149 150 177 191 192 204 217 243 246 255 289 290 316 375 408 425 431 444 469 494 524 643 645 683 686 712 768 769 787 796 843 845 872 876 891 903 922 966 
1 15 36 43 49 52 72 74 76 83 113 121 126 135 159 196 206 215 236 247 250 264 266 307 330 338 348 359 361 364 400 405 409 421 443 449 450 452 455 472 478 481 527 532 545 574 581 588 598 599 620 621 626 629 670 677 688 691 701 702 703 710 729 731 745 771 797 814 821 823 842 849 860 916 919 934 980 990 994 
