3 50 52 163 171 180 197 204 220 261 298 305 344 367 444 479 495 498 525 606 617 655 691 693 706 758 766 793 806 827 874 883 887 889 916 961 984 996 
48 67 100 101 151 188 218 234 236 250 277 278 332 382 399 403 415 420 429 436 446 514 624 642 677 682 725 743 796 879 913 949 
7 8 18 26 74 207 246 273 308 333 348 490 513 578 580 607 660 673 675 713 753 856 893 902 935 
34 38 64 70 73 84 107 128 191 252 324 331 347 406 451 463 464 480 516 579 638 651 667 676 728 802 804 837 846 858 897 907 944 
56 81 90 123 160 190 198 205 210 217 330 355 370 445 456 460 609 644 670 695 712 800 853 873 895 921 
13 23 42 82 106 113 115 120 122 131 137 142 155 170 185 209 215 222 225 228 268 270 280 295 306 307 335 377 398 408 411 413 414 424 439 453 455 457 470 520 526 527 539 550 553 559 560 572 582 584 587 599 601 616 620 627 631 641 663 664 665 668 683 690 699 716 720 770 775 780 797 807 823 859 875 886 904 942 943 948 952 954 972 975 
25 119 229 239 240 289 302 304 318 379 384 419 423 465 521 633 705 733 750 810 817 844 955 
1 6 31 35 60 78 124 125 136 138 143 149 154 166 179 201 245 249 265 301 319 328 368 392 397 410 426 428 442 448 450 459 510 517 531 561 565 568 581 586 595 596 612 636 647 657 674 686 702 729 732 741 792 820 825 829 836 898 912 919 922 933 934 940 960 989 992 
95 102 135 164 181 226 294 313 320 478 484 515 522 556 591 703 756 759 783 787 815 822 876 939 
11 16 40 57 68 87 108 118 121 144 159 165 189 203 227 232 242 247 286 340 353 369 385 391 394 430 447 475 482 487 501 505 506 537 545 552 573 590 605 615 619 621 646 656 679 704 721 727 735 776 785 798 813 826 831 833 841 888 906 920 929 947 957 963 982 988 
9 28 36 46 51 62 75 80 96 130 141 157 167 177 178 184 231 244 258 284 287 293 311 322 338 339 380 381 401 405 425 427 433 438 440 461 486 508 532 534 544 549 555 571 575 604 618 652 672 680 726 731 757 773 774 811 816 849 852 855 857 864 867 881 917 926 956 967 968 986 
53 148 208 235 251 279 435 462 483 485 503 540 542 562 698 717 736 742 744 782 835 861 868 870 880 884 923 928 966 
12 39 44 45 61 88 93 112 126 150 152 156 174 176 202 211 223 260 272 291 351 362 363 418 449 467 477 502 504 511 518 529 533 547 554 564 592 600 603 608 648 650 685 714 719 730 749 755 761 771 850 872 900 901 938 951 987 
2 30 49 65 76 109 147 173 183 193 195 230 241 253 254 264 283 285 288 315 317 337 342 361 365 374 376 386 388 390 402 409 421 434 454 507 509 530 548 567 577 613 625 643 653 662 678 681 710 765 767 768 789 799 808 819 828 832 842 863 892 894 915 927 932 936 945 969 971 974 978 981 985 993 998 
4 5 10 14 15 32 43 54 55 58 66 69 86 89 104 110 111 117 133 139 172 182 192 194 206 214 216 237 238 243 255 256 263 266 274 275 290 297 299 309 314 323 325 336 341 343 346 359 371 373 375 383 417 432 471 492 496 512 519 523 524 536 538 551 558 566 576 583 588 614 623 626 629 632 649 666 688 689 694 700 715 722 724 734 740 751 762 778 805 824 843 848 862 865 878 890 914 918 924 970 976 983 994 1000 
19 92 98 140 145 158 199 200 259 267 271 292 316 350 354 356 360 378 389 393 400 412 468 488 499 541 570 634 639 645 658 696 708 711 718 737 739 746 752 760 763 809 814 860 869 896 950 965 973 980 999 
20 37 97 99 116 127 153 186 196 326 327 416 473 481 491 494 597 610 661 687 784 788 790 794 818 840 851 905 910 
63 77 162 213 221 281 282 303 349 404 422 472 476 543 546 598 602 622 669 697 701 707 754 764 777 786 830 854 931 953 962 979 
17 22 27 29 33 71 72 79 83 85 103 129 132 161 168 169 175 212 219 233 276 300 312 321 329 334 372 387 395 437 443 452 469 497 500 535 585 593 594 611 630 635 637 640 659 671 684 692 709 769 781 795 801 812 821 847 871 877 882 899 903 908 930 958 964 977 990 997 
21 24 41 47 59 91 94 105 114 134 146 187 224 248 257 262 269 296 310 345 352 357 358 364 366 396 407 431 441 458 466 474 489 493 528 557 563 569 574 589 628 654 723 738 745 747 748 772 779 791 803 834 838 839 845 866 885 891 909 911 925 937 941 946 959 991 995 
