27 38 50 51 53 72 83 85 91 101 115 121 141 148 161 170 175 178 182 185 188 196 198 202 212 252 269 281 285 288 315 320 344 352 353 359 364 370 441 491 495 523 524 530 553 559 571 573 590 604 609 638 648 665 667 672 674 693 697 740 770 779 784 792 794 800 818 830 832 838 847 856 857 877 911 916 938 940 945 951 962 972 984 993 996 
24 55 78 100 133 135 157 193 251 312 341 345 374 403 412 420 482 513 564 581 585 589 606 675 684 687 699 727 829 933 971 
10 13 58 60 62 65 98 184 189 201 204 211 220 248 254 284 292 321 323 335 336 340 361 404 428 455 470 477 499 510 519 531 535 540 558 570 602 603 612 617 618 627 641 642 689 692 704 705 712 715 728 734 754 759 798 815 828 842 862 866 867 890 892 896 921 926 961 967 968 
32 37 41 42 47 74 106 143 147 222 236 243 257 274 316 343 351 373 378 417 423 493 512 522 659 660 664 673 775 776 789 827 858 865 883 900 942 946 
17 28 43 80 219 279 300 309 317 328 338 385 419 473 494 503 509 565 597 598 622 730 749 752 760 816 823 841 852 939 953 973 
34 48 52 59 111 129 164 192 195 203 221 225 241 263 301 303 329 330 339 367 381 396 398 408 418 445 469 472 476 481 501 511 518 528 538 539 545 557 574 647 671 721 723 735 737 780 791 812 819 820 824 826 837 876 884 885 891 898 907 913 923 924 931 936 954 981 985 
5 23 26 31 54 66 69 86 89 102 127 130 139 140 146 149 153 155 160 199 205 214 231 232 234 238 283 294 314 327 337 358 366 389 409 415 421 422 424 429 457 459 462 466 478 485 517 525 551 568 593 608 611 631 632 639 644 662 663 669 681 714 756 765 772 773 774 787 788 796 809 814 831 834 860 868 869 873 879 918 928 934 979 983 990 
2 4 11 68 75 77 84 87 119 122 123 124 152 179 181 190 210 258 267 280 308 318 322 325 331 334 350 354 380 392 399 410 427 432 435 447 448 454 465 488 508 520 521 529 532 534 546 555 562 576 591 595 619 636 643 690 703 706 709 722 725 729 732 744 746 755 769 778 793 811 821 822 825 836 844 849 871 895 901 903 904 932 937 949 963 964 976 982 992 994 
9 70 88 114 134 154 163 223 244 250 277 282 298 464 474 484 599 646 666 716 724 785 807 839 874 888 948 952 966 
1 22 99 156 176 207 290 296 362 376 382 393 433 452 458 504 527 572 578 579 580 654 702 739 799 803 840 846 853 859 917 950 957 975 991 1000 
25 81 120 137 158 174 186 209 213 247 260 271 390 430 443 492 497 506 507 514 554 582 601 633 634 637 649 652 657 668 701 717 719 726 761 848 872 886 919 930 943 956 980 
6 12 20 21 33 73 94 108 118 132 136 151 177 253 259 289 306 342 356 365 371 388 401 431 438 498 537 542 543 566 575 594 624 625 629 645 655 680 686 733 736 758 786 801 881 893 905 977 
18 36 56 61 64 96 216 217 227 266 276 278 302 319 324 333 425 437 449 533 547 613 635 677 707 731 745 899 902 959 
7 8 15 16 30 39 49 63 79 92 95 97 103 104 105 125 180 206 208 218 229 246 287 293 299 305 311 332 348 360 375 411 414 416 426 434 439 451 471 480 483 489 490 500 502 587 596 605 607 616 630 650 653 656 691 700 747 748 750 751 757 766 783 795 875 878 880 908 910 912 915 927 941 958 978 988 989 998 999 
3 44 45 57 67 71 90 107 109 113 138 145 159 162 165 167 171 172 173 187 224 255 256 262 264 268 273 275 286 291 313 346 368 377 379 384 395 397 400 402 405 436 440 453 456 475 486 487 515 516 536 544 550 560 561 569 577 620 621 628 640 651 661 670 685 688 695 696 698 708 743 762 767 768 777 781 805 806 810 835 843 845 850 851 854 855 864 870 882 887 894 947 955 960 986 
14 46 76 93 110 112 126 128 142 144 150 169 194 197 228 230 233 239 240 265 272 297 307 347 363 372 391 442 463 479 496 552 556 563 583 584 586 592 614 623 626 682 694 710 718 720 738 742 753 797 802 813 833 863 906 909 922 935 969 970 
19 29 35 40 82 116 117 131 166 168 183 191 200 215 226 235 237 242 245 249 261 270 295 304 310 326 349 355 357 369 383 386 387 394 406 407 413 444 446 450 460 461 467 468 505 526 541 548 549 567 588 600 610 615 658 676 678 679 683 711 713 741 763 764 771 782 790 804 808 817 861 889 897 914 920 925 929 944 965 974 987 995 997 
