81 83 104 185 196 239 255 287 364 413 469 492 566 604 617 622 759 771 783 786 850 860 
12 20 21 24 38 48 65 74 100 122 128 150 151 187 190 195 199 208 221 224 243 253 257 263 297 327 337 341 347 359 369 378 379 392 394 397 408 410 416 425 465 467 472 474 516 522 564 568 569 577 578 588 609 612 619 653 655 662 704 716 727 731 752 761 768 804 849 856 859 868 879 904 921 938 941 949 952 959 966 971 987 997 1000 
26 44 67 85 86 90 98 103 148 149 161 177 180 198 260 272 282 300 320 333 344 353 362 368 383 393 401 404 417 418 459 476 484 504 514 532 551 571 572 579 587 594 598 605 606 621 638 657 676 685 694 696 702 705 709 734 784 787 789 795 813 847 861 865 866 872 877 890 892 900 905 907 915 929 930 936 950 953 960 965 967 
8 10 17 18 40 50 54 55 62 66 69 70 72 73 76 80 84 91 106 121 127 129 130 146 166 168 179 203 205 213 225 231 248 262 271 275 277 280 313 321 324 328 332 340 345 412 415 429 461 468 481 485 501 549 561 580 585 603 632 636 637 640 670 678 699 706 711 735 749 755 756 785 794 799 807 837 840 846 853 869 876 878 903 909 911 913 914 934 947 958 963 969 982 986 990 992 994 999 
15 34 53 97 132 142 145 156 215 220 233 240 247 279 286 377 399 435 455 482 496 542 556 575 586 590 620 650 672 690 708 721 728 732 744 750 763 773 774 791 806 816 951 980 
9 167 197 229 278 301 309 311 363 373 388 414 453 464 473 478 517 554 558 584 614 630 635 667 675 692 703 743 747 790 814 833 855 873 925 940 
2 78 89 123 125 178 244 265 283 289 305 322 386 402 423 432 438 565 631 665 746 765 796 852 897 918 
3 11 19 45 75 96 109 119 120 124 134 137 140 152 160 173 184 192 201 207 212 217 234 235 236 256 268 270 306 307 310 318 325 330 336 343 367 371 375 380 387 406 407 442 443 451 457 458 463 477 488 489 491 495 498 500 506 507 512 520 525 526 530 546 570 618 643 673 679 681 683 700 701 720 738 741 742 770 775 825 828 831 838 839 858 870 880 884 893 922 927 942 948 964 968 974 976 977 981 984 991 993 
13 58 68 71 82 88 92 102 113 169 170 182 186 189 202 206 241 242 258 261 273 285 290 293 312 334 335 350 360 372 382 385 389 390 405 434 450 456 486 497 518 560 583 607 659 660 668 684 689 691 693 707 710 713 717 725 745 751 760 762 810 812 817 821 834 851 864 886 895 896 901 906 933 946 955 970 973 995 
46 59 93 115 219 381 395 409 480 527 533 552 576 600 608 646 651 658 661 663 726 757 766 772 793 801 802 808 820 824 844 891 916 
60 61 79 138 176 209 216 252 267 295 302 304 348 361 384 403 445 545 592 641 792 798 854 874 902 917 
16 27 32 39 64 94 99 101 110 112 143 164 183 188 210 227 228 237 276 284 292 298 329 354 358 366 396 400 411 421 428 440 444 447 448 454 470 505 524 536 537 538 539 553 573 601 610 616 628 642 645 652 654 656 664 666 682 688 715 718 723 729 748 769 776 778 788 818 826 829 830 862 867 875 882 885 894 910 920 924 926 935 975 989 996 
1 5 14 155 171 172 194 211 250 308 339 365 374 424 433 490 493 503 589 597 623 733 764 779 782 800 887 912 919 923 943 957 962 
29 30 87 95 114 131 135 136 141 175 218 246 314 342 349 355 370 419 422 427 436 441 466 471 528 613 615 634 719 736 777 809 819 827 842 889 899 979 
22 23 33 36 47 108 117 126 165 191 200 204 223 232 238 319 338 376 398 426 439 446 475 487 494 509 529 548 567 593 629 648 669 674 680 695 698 714 730 803 805 811 815 822 835 845 857 888 928 944 988 
4 31 35 37 105 107 111 133 144 157 158 163 181 193 245 249 254 259 269 281 296 317 323 326 346 430 437 452 502 508 513 515 521 531 555 602 627 647 649 677 687 724 737 754 758 767 781 871 898 945 954 956 972 983 985 998 
7 25 42 56 63 77 147 153 154 162 174 214 226 230 251 274 288 299 352 357 391 431 460 510 534 535 541 550 559 562 563 582 599 611 626 639 671 686 697 722 739 753 780 823 832 836 841 843 863 881 908 931 932 937 
6 28 41 43 49 51 52 57 116 118 139 159 222 264 266 291 294 303 315 316 331 351 356 420 449 462 479 483 499 511 519 523 540 543 544 547 557 574 581 591 595 596 624 625 633 644 712 740 797 848 883 939 961 978 
