7 8 15 53 83 102 124 151 164 246 261 300 346 348 358 678 718 740 757 770 772 779 838 845 911 912 969 
3 30 71 92 126 172 197 215 225 264 271 306 369 388 404 407 424 426 491 518 520 533 569 599 635 689 699 731 778 840 903 927 938 959 965 968 994 
4 5 9 36 37 74 85 104 113 133 145 154 160 170 196 205 226 251 253 272 282 283 290 307 327 331 334 353 363 400 401 414 425 441 449 488 492 494 535 583 615 620 622 625 629 636 638 642 716 726 741 746 782 784 787 796 808 824 839 868 873 877 897 905 936 943 961 966 977 998 
46 121 134 203 207 278 294 302 313 336 343 354 422 429 454 464 476 502 508 538 566 575 645 657 658 674 703 836 899 909 919 948 957 983 
10 22 41 62 115 136 224 238 266 299 303 317 325 330 374 395 455 478 489 522 551 552 568 586 610 649 651 669 701 776 798 813 895 
1 28 32 78 87 98 119 181 217 239 293 312 355 360 377 379 394 397 447 467 468 490 493 532 546 548 550 553 608 663 670 677 717 751 768 786 802 819 834 865 878 882 940 960 986 997 
23 25 43 176 188 191 208 279 280 281 440 448 474 480 543 563 572 685 720 812 828 871 928 934 946 962 988 
66 84 118 147 183 202 210 359 475 481 486 501 521 570 666 780 875 902 954 956 
31 33 67 93 101 108 120 138 146 148 153 157 165 171 173 175 199 204 206 209 220 221 231 240 245 255 259 287 291 318 322 338 339 341 366 384 385 387 406 416 432 435 445 456 458 463 470 516 517 527 530 539 542 578 588 597 600 617 619 621 634 643 687 695 727 733 738 747 749 758 792 797 801 805 821 826 833 842 858 861 864 866 870 876 887 888 890 894 918 925 926 952 971 980 995 
27 48 52 56 73 94 99 105 137 141 143 174 186 234 275 289 297 311 324 329 368 417 420 436 466 472 505 513 519 523 547 549 555 558 585 593 605 623 631 660 661 680 683 694 698 709 732 734 745 765 793 830 835 857 863 869 872 884 891 893 901 907 917 950 963 975 996 
39 111 142 200 268 273 314 316 390 438 529 556 637 652 654 693 723 775 847 924 933 945 
6 19 47 50 58 112 122 155 189 193 228 247 269 288 309 310 357 376 383 410 412 453 528 576 592 609 613 641 697 702 721 737 748 781 790 823 825 827 852 906 921 930 931 937 953 972 
11 14 20 34 38 42 54 61 95 129 150 168 177 211 233 235 254 257 258 284 304 305 372 373 393 408 419 433 451 484 485 500 511 515 536 541 561 577 591 601 606 607 614 630 640 644 647 655 664 667 684 752 769 815 859 874 881 914 915 989 
16 18 21 40 57 59 65 90 106 140 178 192 241 248 265 267 326 342 350 351 392 405 446 495 503 504 514 603 612 648 662 672 706 722 724 739 743 753 755 774 856 883 898 913 932 974 978 984 990 993 
26 29 63 86 116 135 263 274 276 381 428 444 471 545 581 604 681 803 804 807 811 816 829 844 922 939 967 
80 107 114 117 214 230 244 250 262 277 301 344 352 361 375 382 391 398 411 413 452 479 510 571 596 616 659 692 708 710 728 750 756 767 773 806 837 848 849 853 880 896 904 910 979 982 
2 13 24 49 51 64 68 72 96 109 110 125 139 152 161 162 163 166 169 185 187 190 195 212 227 229 232 242 260 285 286 319 321 323 333 365 367 399 403 423 427 431 443 462 473 482 524 531 537 540 544 564 580 587 590 595 602 611 624 626 646 653 675 682 688 696 704 714 742 759 761 771 777 788 789 809 810 814 832 846 855 860 867 886 900 908 935 958 987 991 1000 
12 17 35 45 69 77 88 91 97 100 103 123 127 130 131 132 144 159 184 198 216 222 243 292 295 298 315 332 337 345 347 380 415 439 460 461 469 497 498 509 512 534 557 560 565 574 579 650 665 671 676 679 691 700 707 711 760 785 799 820 822 851 854 885 944 955 970 985 
44 55 60 76 81 82 89 128 179 180 182 194 201 213 218 223 237 252 256 320 335 340 362 389 396 418 430 434 437 442 450 457 459 465 477 487 496 499 506 507 559 567 573 589 594 598 618 627 633 639 656 668 686 712 719 725 730 735 754 764 783 791 794 795 800 817 818 831 841 850 879 916 929 941 949 964 973 976 981 992 999 
70 75 79 149 156 158 167 219 236 249 270 296 308 328 349 356 364 370 371 378 386 402 409 421 483 525 526 554 562 582 584 628 632 673 690 705 713 715 729 736 744 762 763 766 843 862 889 892 920 923 942 947 951 
