16 37 42 108 136 137 156 163 167 195 199 212 213 214 222 228 266 306 310 319 343 346 353 354 398 403 410 446 497 524 538 543 544 565 597 608 621 622 653 662 670 674 678 690 716 747 759 766 772 811 814 817 843 845 846 855 874 885 897 905 908 921 926 927 929 941 942 943 953 989 990 994 
38 128 261 280 300 309 394 412 420 455 505 518 573 604 609 665 667 689 756 760 794 837 899 
29 30 49 61 73 120 188 208 316 365 378 448 491 557 671 676 677 680 735 790 822 827 840 
11 22 64 85 135 166 173 187 250 254 291 305 379 409 419 485 530 566 612 639 642 656 700 708 720 751 801 821 847 857 891 914 931 938 961 979 983 
24 44 51 63 76 92 132 142 158 162 189 242 246 275 286 311 324 328 335 393 432 444 464 501 503 522 533 540 550 552 568 574 588 589 593 601 623 632 634 636 652 702 734 750 813 841 860 884 907 960 966 978 997 999 
40 55 66 207 221 241 299 313 333 370 381 388 417 440 452 490 494 525 537 619 644 648 651 800 828 878 
4 6 8 32 33 52 56 62 83 103 122 157 200 223 240 257 297 312 339 345 363 387 406 413 447 458 459 465 476 553 575 578 580 598 618 706 719 731 736 743 754 797 803 815 819 839 850 851 859 894 910 937 952 957 958 963 984 995 
9 36 54 60 68 72 91 97 152 164 184 204 232 239 248 249 276 282 292 315 332 348 361 364 366 372 377 384 411 434 451 457 468 469 478 481 493 512 545 549 556 563 571 582 600 610 615 624 661 687 693 695 703 717 727 732 749 762 774 792 793 810 825 835 848 861 870 887 936 946 956 980 998 
1 2 7 35 48 57 65 100 109 146 148 149 160 183 205 225 258 270 273 287 338 359 374 376 401 414 422 430 431 436 445 453 472 475 487 495 498 523 527 531 532 554 584 605 628 649 679 688 698 724 755 767 768 770 776 781 791 799 802 826 853 880 886 892 896 920 924 928 930 959 973 993 
3 20 25 31 75 77 111 113 118 252 263 308 321 357 368 400 425 488 506 520 539 579 643 681 729 733 783 784 805 809 858 890 947 951 965 
12 46 80 110 226 233 235 289 301 317 352 438 461 504 546 585 594 616 629 657 742 798 873 909 934 940 949 
26 41 50 114 192 202 216 224 295 296 318 322 342 356 397 404 564 586 595 596 602 611 647 663 697 769 866 900 
10 15 17 21 34 39 53 58 70 71 95 98 105 124 141 165 168 196 229 234 243 247 267 272 285 307 340 347 380 385 386 418 427 442 443 449 454 477 496 500 502 509 516 519 526 583 617 620 626 645 650 668 704 730 737 738 741 744 757 765 773 778 789 812 823 829 831 832 836 868 882 883 889 933 944 945 950 962 968 971 974 982 992 
14 43 74 89 90 96 123 147 154 170 179 185 197 268 284 303 341 344 395 415 416 421 470 471 482 529 536 567 569 603 666 694 705 709 714 721 745 779 830 844 867 888 898 904 917 932 964 967 986 
5 13 23 45 47 79 101 159 172 177 178 190 198 209 211 238 253 256 269 351 391 424 428 433 463 467 480 489 492 535 555 576 587 625 635 637 654 660 673 675 692 712 715 728 740 752 753 761 785 796 807 808 818 838 863 872 875 877 879 902 913 919 955 975 981 1000 
19 78 81 86 104 112 129 143 191 237 255 259 329 330 331 334 355 362 382 392 399 407 408 429 456 474 499 513 515 542 558 560 561 562 592 682 683 684 691 696 707 722 723 764 771 806 864 881 893 901 918 969 970 977 
59 99 102 115 150 180 201 206 279 293 302 314 336 350 383 423 441 450 473 479 483 484 508 541 547 606 630 641 664 669 725 842 849 869 935 948 954 972 976 991 
82 84 94 106 119 139 144 153 169 176 186 217 231 265 277 325 367 369 426 591 627 640 739 748 852 865 895 
27 69 87 93 107 117 121 125 133 140 145 155 161 171 174 193 203 215 227 245 264 278 283 290 337 349 375 396 402 435 462 466 486 510 514 521 528 534 551 570 577 590 599 607 633 646 658 659 672 686 711 746 758 775 777 780 787 795 820 824 834 854 903 912 915 923 939 987 996 
18 28 67 88 116 126 127 130 131 134 138 151 175 181 182 218 219 230 244 271 288 294 298 304 320 326 358 360 373 389 390 405 439 460 507 511 559 572 613 638 701 710 713 718 763 782 788 804 816 833 856 862 876 906 916 925 985 988 
194 210 220 236 251 260 262 274 281 323 327 371 437 517 548 581 614 631 655 685 699 726 786 871 911 922 
