11 12 21 26 32 38 75 122 125 126 141 163 172 197 209 211 219 235 240 241 260 272 278 289 303 319 341 343 371 373 397 403 424 433 437 442 465 474 497 501 547 591 605 616 622 636 670 671 672 674 682 697 734 761 767 800 802 804 806 814 838 841 863 864 876 881 896 917 940 967 
5 17 22 27 36 48 50 63 69 73 79 89 94 134 140 153 158 162 180 188 199 214 233 234 236 238 257 275 306 309 335 337 353 372 380 381 388 402 414 418 419 428 453 472 481 498 500 502 514 544 548 561 562 563 573 574 579 584 596 600 601 615 647 651 654 678 693 715 718 724 726 731 741 754 763 812 849 854 898 905 906 908 933 934 938 965 983 987 
19 45 95 106 107 112 132 147 160 165 173 185 212 215 221 222 239 258 259 262 269 300 315 348 352 378 386 404 438 447 455 464 475 487 489 513 523 541 577 594 595 602 611 652 673 730 771 776 785 788 815 826 830 843 857 861 871 884 888 915 922 945 975 979 988 995 
76 90 99 129 156 164 194 205 246 255 312 324 332 382 383 410 445 448 462 486 491 507 532 553 578 587 588 620 634 648 669 683 772 786 794 807 808 845 867 870 878 907 923 960 982 
14 28 30 31 33 58 61 65 85 86 96 113 123 150 178 200 218 232 280 283 298 299 310 313 314 316 333 334 340 342 362 394 401 415 441 512 515 518 524 528 585 590 598 606 627 631 637 644 653 657 660 663 680 687 701 706 711 714 723 750 759 760 766 781 837 851 862 873 883 914 921 927 931 948 953 991 993 
1 8 15 29 40 41 72 97 98 119 142 146 148 192 198 207 237 249 311 317 354 363 395 406 431 459 467 470 473 478 482 495 506 517 542 551 554 556 581 592 624 642 646 649 656 658 668 676 684 695 721 799 816 821 833 840 848 852 872 894 912 958 984 992 
103 139 227 245 265 276 325 384 423 463 492 534 582 604 607 623 640 707 784 875 
43 83 84 93 111 116 133 137 176 183 196 251 291 376 377 412 499 505 511 583 589 629 638 662 664 681 692 770 777 856 868 877 882 930 935 944 961 962 980 990 
18 23 35 42 54 70 82 104 115 118 120 130 149 159 170 204 210 217 226 244 247 256 268 281 287 304 321 326 328 331 338 356 358 360 368 370 396 409 413 420 421 425 429 452 454 461 471 479 485 494 496 503 508 527 531 545 546 549 550 565 575 593 603 610 619 625 645 675 686 691 694 705 712 716 733 737 738 739 742 745 753 779 790 809 828 829 846 869 879 892 897 946 959 989 994 1000 
25 44 49 101 102 114 117 135 145 155 161 175 189 190 206 231 243 252 271 282 285 290 296 301 350 393 426 427 521 571 621 630 665 736 797 817 836 842 866 886 903 937 943 947 954 
10 16 53 91 108 131 144 152 169 184 216 220 225 254 261 270 273 279 293 330 351 367 369 390 399 432 434 460 476 488 490 509 516 519 526 536 539 540 569 612 626 650 659 661 699 703 722 728 743 748 768 795 798 801 818 819 822 834 844 885 889 902 909 925 929 957 976 
4 37 60 62 66 67 80 87 88 124 128 154 166 167 168 187 208 228 277 288 295 297 305 327 336 345 349 357 361 364 366 387 408 417 439 444 446 449 451 469 480 510 566 568 586 633 677 689 696 732 744 752 764 775 820 850 858 874 890 895 900 904 941 950 966 969 974 977 978 996 997 998 
6 9 20 47 55 59 64 71 78 81 109 110 136 157 182 186 193 307 318 375 416 422 443 450 456 522 525 535 570 580 641 655 688 709 749 751 756 778 793 831 847 853 859 910 918 926 928 942 949 951 955 971 972 999 
24 56 68 151 213 322 379 385 457 504 559 560 572 632 643 735 747 758 805 827 911 920 932 
13 138 143 174 223 263 267 284 292 294 344 346 389 392 400 405 407 430 435 458 466 477 493 537 543 558 608 614 618 635 667 698 700 704 762 773 782 787 796 811 832 860 865 880 963 970 
34 51 52 57 127 171 177 179 195 203 224 229 242 248 264 274 286 320 329 339 347 359 374 398 411 436 468 520 529 530 533 555 567 576 597 599 609 666 679 685 702 708 717 719 720 725 727 729 765 774 780 783 810 813 823 835 839 887 891 893 913 916 919 924 952 956 968 981 985 986 
2 3 7 39 46 74 77 92 100 105 121 181 191 201 202 230 250 253 266 302 308 323 355 365 391 440 483 484 538 552 557 564 613 617 628 639 690 710 713 740 746 755 757 769 789 791 792 803 824 825 855 899 901 936 939 964 973 
