4 9 29 67 102 122 146 158 167 173 216 227 228 236 239 248 254 267 278 291 294 300 306 324 338 342 348 389 399 404 420 435 437 445 450 463 471 473 481 487 488 492 493 512 513 524 546 568 584 602 626 633 635 642 652 691 711 714 722 735 747 749 766 772 777 798 815 817 819 820 836 838 856 858 869 872 875 901 921 922 927 948 961 983 994 995 
17 53 88 96 113 117 128 163 174 177 200 201 230 255 256 310 320 343 349 354 391 401 410 434 447 476 489 490 499 504 505 531 541 549 553 556 559 571 604 651 700 713 715 730 740 746 750 752 757 793 808 835 844 860 864 892 894 941 965 969 984 989 
30 57 65 76 78 80 84 116 124 130 131 133 151 168 194 220 259 283 330 333 346 367 384 454 465 468 507 544 552 567 583 673 683 701 704 716 728 729 733 743 775 780 799 806 850 873 900 904 917 939 946 951 978 
8 13 25 43 59 73 100 153 157 183 217 326 350 368 370 390 421 430 469 521 562 586 594 606 640 690 742 761 769 782 786 789 841 868 881 906 909 947 958 
3 32 52 83 85 91 97 98 156 179 212 238 241 260 269 271 319 340 365 366 382 412 424 449 459 474 534 540 551 555 585 608 629 637 644 656 657 668 723 737 779 810 811 824 825 846 874 928 957 976 985 
44 48 55 71 75 77 90 108 110 127 143 160 165 175 207 211 225 245 266 272 286 295 329 358 386 397 407 438 451 486 514 522 548 576 609 612 617 662 664 689 696 699 738 739 753 754 759 771 778 795 814 830 833 834 848 871 880 888 895 919 931 987 996 
34 39 60 74 79 115 132 138 142 145 162 178 187 199 208 229 279 288 308 312 344 347 353 360 381 398 422 427 443 452 456 484 496 511 515 523 525 526 574 619 623 661 675 694 703 708 709 736 762 794 801 818 837 853 896 911 959 967 991 
18 19 31 42 109 123 144 154 169 172 185 188 190 191 231 270 273 313 322 323 357 362 376 379 383 406 409 418 472 475 503 516 517 527 532 533 545 564 565 578 614 620 631 648 692 695 712 721 727 758 764 770 827 839 863 866 890 915 923 937 949 966 992 1000 
7 14 15 16 72 89 92 114 119 121 148 176 203 209 218 240 252 301 304 315 317 345 359 378 387 402 403 411 415 426 428 453 458 477 479 485 510 520 528 536 542 560 577 580 581 582 597 615 647 649 672 678 679 680 681 687 710 717 781 788 791 802 809 812 849 855 886 889 903 905 907 914 929 932 943 953 971 975 977 980 982 997 
12 24 49 82 87 104 120 125 134 161 198 202 232 250 263 299 305 318 356 369 395 408 429 444 457 470 494 538 557 572 588 595 596 601 605 616 636 645 741 751 773 774 783 784 831 913 924 930 935 938 981 998 
5 50 68 94 95 126 135 170 189 242 285 297 388 413 416 439 441 462 497 558 610 625 658 660 724 756 776 816 845 885 908 916 
27 45 46 47 99 105 139 140 196 219 224 253 281 311 337 352 364 377 442 464 483 529 543 575 593 603 607 622 643 659 667 669 693 726 744 760 857 862 865 884 887 918 920 926 955 960 970 990 999 
38 41 54 58 61 66 70 103 106 118 136 147 181 205 226 257 264 268 274 275 282 296 321 325 334 339 351 355 373 394 400 405 423 446 448 480 498 537 554 561 579 613 638 650 666 671 676 677 684 686 706 707 767 768 805 826 840 877 882 891 933 945 968 974 988 993 
6 22 23 28 37 51 62 111 141 152 180 184 197 206 221 233 244 246 261 284 327 374 539 592 627 634 655 688 720 755 804 854 898 910 912 962 
2 21 26 35 64 86 101 192 195 204 213 235 237 243 277 280 292 293 298 335 336 371 380 385 414 417 419 431 432 433 466 491 495 501 506 508 518 563 566 591 628 630 632 646 653 670 685 697 698 702 719 734 745 803 813 821 829 842 843 852 870 883 936 942 952 954 956 986 
1 11 36 40 56 63 69 81 129 137 182 193 223 249 251 262 289 303 314 316 328 331 332 341 363 372 375 393 425 478 502 519 587 589 598 599 621 641 654 663 665 682 732 765 797 800 823 828 832 878 940 944 964 979 
155 159 171 186 215 247 258 302 307 467 570 600 748 763 785 790 867 876 879 899 902 925 
10 20 33 93 107 112 149 150 164 166 210 214 222 234 265 276 287 290 309 361 392 396 436 440 455 460 461 482 500 509 530 535 547 550 569 573 590 611 618 624 639 674 705 718 725 731 787 792 796 807 822 847 851 859 861 893 897 934 950 963 972 973 
