1 6 7 22 30 31 37 39 49 50 96 104 115 136 154 159 161 163 167 175 179 296 327 352 369 375 388 407 444 498 587 603 667 698 712 763 783 785 790 792 826 828 870 879 881 893 903 951 955 961 980 982 984 988 996 
4 82 151 153 164 166 182 195 198 211 228 235 242 254 286 288 292 355 367 384 447 457 487 499 513 560 566 594 616 625 659 681 683 692 714 724 735 752 798 801 887 913 919 939 954 965 973 977 985 987 
29 48 53 54 94 123 132 158 176 181 191 217 269 316 325 346 364 393 397 405 422 428 429 431 436 458 462 501 509 521 527 546 555 571 602 614 630 639 651 656 671 676 687 695 696 719 761 788 815 836 850 918 929 943 978 992 
66 84 129 146 256 306 319 366 368 398 423 438 488 582 593 601 655 686 706 746 759 778 841 842 868 
40 51 64 139 148 215 248 249 250 273 277 278 283 294 295 297 310 320 322 324 332 342 343 353 360 376 463 483 516 520 525 539 542 574 606 645 657 665 669 689 690 702 711 727 739 760 771 777 795 805 853 905 917 936 957 
8 11 27 65 127 135 173 178 192 201 213 214 233 244 305 331 362 403 433 468 474 477 544 628 633 664 680 682 757 799 823 861 877 894 
26 33 36 45 57 70 76 79 86 99 105 114 119 120 134 143 188 193 194 205 208 219 237 238 257 258 274 281 300 307 340 341 383 389 400 408 416 434 445 450 452 456 467 470 485 492 505 515 531 533 554 556 559 567 573 583 596 611 615 620 622 624 635 652 708 718 722 723 725 734 747 750 753 773 784 793 796 818 821 837 846 858 859 864 869 906 915 916 944 950 
12 15 34 47 62 67 72 74 83 102 107 111 124 141 142 155 157 183 190 204 224 247 251 270 279 314 330 370 374 377 420 441 453 473 475 478 512 523 528 543 595 600 623 638 648 654 666 673 677 703 717 731 732 736 758 779 786 803 809 830 834 873 883 885 890 896 904 910 938 941 958 971 975 976 990 998 
5 43 73 75 87 98 109 116 128 152 162 185 199 200 212 216 220 226 261 289 290 291 304 317 323 334 338 356 361 371 373 380 382 392 402 409 414 437 460 466 471 479 494 518 550 561 565 589 613 642 643 644 653 662 678 701 705 740 743 749 755 756 804 831 833 835 845 871 884 912 925 932 940 946 967 
10 14 19 32 92 108 113 118 125 140 150 156 189 196 202 210 218 221 231 241 275 303 308 311 321 335 337 344 345 347 350 354 357 365 404 448 465 480 482 484 510 522 532 536 547 557 575 586 599 619 632 636 640 647 672 675 700 709 716 738 741 744 745 762 766 767 780 781 782 797 807 814 816 820 847 854 855 865 872 880 889 897 914 921 922 923 926 948 964 970 972 979 989 993 995 
18 20 28 41 44 52 58 68 88 91 131 133 137 145 147 149 160 168 174 184 186 197 229 236 240 253 259 272 282 284 287 293 302 312 313 315 326 351 381 394 395 410 412 426 442 443 461 469 500 507 529 538 541 549 579 590 592 597 598 605 609 612 641 649 668 670 685 688 697 699 704 710 728 729 748 764 800 822 832 848 849 856 860 867 875 886 895 908 909 911 933 935 953 968 969 974 983 986 991 1000 
23 59 85 207 209 222 223 263 328 348 430 435 495 506 540 551 577 584 626 631 691 775 806 840 866 876 882 
21 55 100 110 122 177 187 252 318 372 401 419 421 459 526 564 569 578 585 617 663 721 754 765 776 794 844 862 900 952 
9 17 24 56 60 69 89 90 93 97 101 112 117 126 130 138 165 169 180 206 230 234 243 260 268 271 280 299 301 329 336 339 359 363 385 387 390 391 406 411 415 417 418 424 440 449 464 472 476 481 490 491 496 502 503 504 511 514 517 524 534 537 548 552 553 558 568 576 588 591 604 610 618 627 646 679 684 693 694 713 720 737 751 768 772 791 802 810 811 812 813 817 819 825 843 857 874 888 892 901 920 924 927 930 937 942 945 947 949 962 963 966 981 994 999 
16 35 46 78 80 81 95 103 144 170 172 232 262 264 276 298 309 386 413 427 451 486 508 530 545 562 563 580 581 607 608 637 730 774 808 838 852 863 891 956 997 
2 13 25 38 71 121 245 255 285 333 358 497 535 621 650 660 674 707 715 733 789 824 839 851 898 899 
63 106 227 239 265 267 378 396 425 439 454 519 570 572 629 726 769 787 827 829 878 907 934 
3 42 61 77 171 203 225 246 266 349 379 399 432 446 455 489 493 634 658 661 742 770 902 928 931 959 960 
