1	880
1	920
1	930
1	993
2	746
2	776
2	928
2	973
3	368
3	520
3	939
3	965
4	580
4	963
4	984
4	999
5	500
5	902
5	975
5	1000
6	645
6	859
6	952
6	958
7	416
7	445
7	776
7	993
8	440
8	851
8	963
8	984
9	460
9	549
9	936
9	946
10	58
10	744
10	815
10	950
11	850
11	931
11	961
11	983
12	909
12	934
12	949
12	960
13	700
13	879
13	955
13	1000
14	898
14	932
14	974
14	986
15	282
15	829
15	945
15	950
16	690
16	874
16	929
16	997
17	559
17	944
17	971
17	992
18	67
18	764
18	916
18	988
19	129
19	862
19	918
19	977
20	242
20	858
20	947
20	965
21	616
21	836
21	944
21	962
22	821
22	910
22	938
22	979
23	818
23	875
23	902
23	920
24	189
24	796
24	860
24	978
25	400
25	870
25	947
25	965
26	296
26	586
26	866
26	999
27	396
27	428
27	711
27	987
28	88
28	360
28	657
28	988
29	316
29	680
29	827
29	840
30	188
30	208
30	316
30	951
31	679
31	733
31	858
31	947
32	743
32	957
32	958
32	978
33	731
33	881
33	937
33	958
34	196
34	812
34	868
34	913
35	228
35	767
35	799
35	920
36	835
36	936
36	946
36	980
37	319
37	630
37	759
37	994
38	394
38	837
38	892
38	899
39	154
39	272
39	347
39	968
40	417
40	452
40	619
40	932
41	114
41	404
41	536
41	769
42	446
42	621
42	796
42	908
43	420
43	666
43	917
43	986
44	501
44	589
44	813
44	946
45	785
45	879
45	982
45	1000
46	105
46	873
46	934
46	949
47	391
47	707
47	981
47	1000
48	584
48	851
48	886
48	993
49	378
49	822
49	840
49	967
50	647
50	731
50	769
50	900
51	966
51	996
51	997
51	999
52	726
52	803
52	851
52	995
53	807
53	831
53	971
53	974
54	232
54	419
54	478
54	998
55	424
55	440
55	648
55	828
56	406
56	418
56	851
56	910
57	216
57	892
57	959
57	973
58	10
58	687
58	950
58	982
59	481
59	842
59	935
59	991
60	164
60	521
60	793
60	998
61	233
61	671
61	827
61	840
62	788
62	803
62	937
62	963
63	464
63	960
63	978
63	985
64	935
64	938
64	961
64	983
65	417
65	628
65	781
65	896
66	440
66	619
66	648
66	907
67	18
67	804
67	925
67	932
68	793
68	887
68	929
68	998
69	125
69	982
69	987
69	996
70	71
70	931
70	974
70	982
71	70
71	191
71	267
71	968
72	361
72	762
72	861
72	916
73	680
73	822
73	827
73	857
74	589
74	745
74	964
74	986
75	783
75	930
75	947
75	951
76	704
76	978
76	997
76	999
77	783
77	947
77	951
77	965
78	407
78	561
78	881
78	916
79	808
79	863
79	913
79	956
80	600
80	873
80	909
80	949
81	558
81	792
81	901
81	970
82	217
82	426
82	840
82	895
83	797
83	819
83	839
83	994
84	231
84	749
84	865
84	989
85	857
85	889
85	961
85	983
86	592
86	784
86	970
86	977
87	213
87	711
87	820
87	915
88	28
88	138
88	579
88	988
89	698
89	904
89	967
89	986
90	816
90	917
90	967
90	986
91	348
91	717
91	924
91	998
92	841
92	894
92	978
92	997
93	349
93	556
93	672
93	996
94	640
94	852
94	865
94	937
95	141
95	950
95	962
95	982
96	409
96	904
96	932
96	964
97	571
97	762
97	835
97	980
98	583
98	648
98	962
98	982
99	923
99	972
99	976
99	991
100	367
100	724
100	826
100	853
101	253
101	301
101	838
101	877
102	725
102	903
102	954
102	976
103	769
103	958
103	984
103	995
104	331
104	779
104	901
104	970
105	46
105	583
105	968
105	982
106	153
106	231
106	895
106	992
107	607
107	795
107	925
107	987
108	766
108	905
108	926
108	937
109	338
109	453
109	959
109	994
110	909
110	934
110	940
110	949
111	809
111	858
111	896
111	965
112	331
112	392
112	885
112	893
113	805
113	951
113	965
113	980
114	41
114	202
114	866
114	900
115	564
115	948
115	976
115	991
116	574
116	782
116	906
116	985
117	809
117	824
117	939
117	996
118	784
118	890
118	953
118	965
119	603
119	748
119	865
119	895
120	735
120	790
120	840
120	969
121	364
121	912
121	915
121	996
122	767
122	952
122	958
122	963
123	506
123	867
123	898
123	964
124	516
124	701
124	773
124	974
125	69
125	171
125	229
125	987
126	749
126	782
126	985
126	988
127	366
127	460
127	572
127	988
128	339
128	505
128	760
128	794
129	19
129	276
129	408
129	969
130	489
130	788
130	985
130	988
131	351
131	710
131	816
131	906
132	678
132	907
132	966
132	999
133	780
133	834
133	939
133	992
134	504
134	507
134	788
134	916
135	512
135	938
135	979
135	983
136	855
136	897
136	908
136	923
137	446
137	666
137	905
137	943
138	88
138	782
138	827
138	925
139	144
139	265
139	640
139	895
140	539
140	758
140	775
140	996
141	95
141	704
141	831
141	838
142	775
142	960
142	966
142	997
143	429
143	955
143	970
143	977
144	139
144	153
144	212
144	895
145	232
145	758
145	775
145	987
146	452
146	628
146	853
146	892
147	337
147	721
147	917
147	967
148	359
148	836
148	853
148	973
149	770
149	924
149	928
149	969
150	948
150	972
150	976
150	992
151	718
151	880
151	906
151	985
152	468
152	571
152	923
152	998
153	106
153	144
153	569
153	591
154	39
154	268
154	932
154	967
155	912
155	968
155	987
155	996
156	315
156	354
156	921
156	989
157	533
157	819
157	910
157	995
158	742
158	872
158	978
158	997
159	507
159	818
159	975
159	1000
160	493
160	649
160	688
160	973
161	375
161	939
161	956
161	996
162	726
162	813
162	960
162	997
163	318
163	885
163	942
163	989
164	60
164	183
164	434
164	946
165	257
165	829
165	971
165	982
166	779
166	914
166	979
166	983
167	885
167	893
167	990
167	994
168	823
168	962
168	974
168	985
169	426
169	617
169	739
169	865
170	666
170	763
170	964
170	986
171	125
171	402
171	454
171	996
172	634
172	872
172	913
172	981
173	882
173	961
173	979
173	983
174	462
174	787
174	912
174	963
175	833
175	962
175	985
175	988
176	186
176	739
176	865
176	977
177	692
177	715
177	950
177	981
178	209
178	390
178	785
178	872
179	867
179	915
179	917
179	986
180	480
180	948
180	972
180	991
181	319
181	763
181	816
181	925
182	730
182	906
182	925
182	985
183	164
183	776
183	880
183	959
184	232
184	545
184	615
184	991
185	545
185	569
185	779
185	888
186	176
186	852
186	865
186	993
187	877
187	891
187	938
187	983
188	30
188	490
188	557
188	671
189	24
189	686
189	884
189	978
190	654
190	872
190	973
190	981
191	71
191	334
191	901
191	969
192	356
192	807
192	866
192	900
193	854
193	859
193	923
193	996
194	548
194	786
194	922
194	977
195	897
195	942
195	975
195	994
196	34
196	567
196	962
196	992
197	830
197	904
197	909
197	986
198	767
198	872
198	975
198	981
199	884
199	921
199	929
199	990
200	839
200	850
200	952
200	981
201	835
201	948
201	976
201	991
202	114
202	318
202	663
202	954
203	434
203	590
203	599
203	820
204	502
204	571
204	717
204	861
205	896
205	920
205	928
205	973
206	875
206	948
206	954
206	972
207	388
207	828
207	833
207	878
208	30
208	827
208	840
208	967
209	178
209	471
209	740
209	1000
210	327
210	871
210	902
210	922
211	340
211	807
211	975
211	1000
212	144
212	885
212	905
212	941
213	87
213	905
213	908
213	943
214	670
214	855
214	883
214	953
215	435
215	860
215	903
215	987
216	57
216	595
216	611
216	663
217	82
217	734
217	748
217	852
218	544
218	804
218	876
218	925
219	572
219	724
219	985
219	988
220	548
220	655
220	886
220	911
221	381
221	644
221	828
221	898
222	430
222	929
222	943
222	990
223	883
223	952
223	963
223	984
224	318
224	595
224	697
224	945
225	498
225	880
225	909
225	928
226	357
226	798
226	934
226	940
227	354
227	824
227	915
227	923
227	987
228	35
228	874
228	927
228	953
228	994
229	125
229	612
229	738
229	945
229	971
230	718
230	734
230	862
230	906
230	925
231	84
231	106
231	748
231	874
231	895
232	54
232	145
232	184
232	315
232	980
233	61
233	909
233	934
233	940
233	949
234	789
234	894
234	933
234	974
234	982
235	508
235	742
235	909
235	940
235	949
236	251
236	260
236	382
236	911
236	922
237	408
237	558
237	741
237	970
237	977
238	378
238	761
238	838
238	981
238	1000
239	258
239	357
239	848
239	956
239	998
240	859
240	957
240	958
240	965
240	995
241	417
241	494
241	619
241	828
241	933
242	20
242	960
242	966
242	978
242	999
243	332
243	526
243	738
243	971
243	992
244	258
244	539
244	906
244	925
244	988
245	514
245	777
245	923
245	939
245	975
246	601
246	875
246	907
246	982
246	997
247	832
247	885
247	933
247	968
247	992
248	661
248	810
248	904
248	980
248	998
249	673
249	798
249	848
249	861
249	980
250	883
250	931
250	938
250	979
250	983
251	236
251	631
251	911
251	922
251	982
252	805
252	858
252	947
252	951
252	993
253	101
253	295
253	424
253	489
253	1000
254	891
254	914
254	961
254	979
254	983
255	388
255	707
255	881
255	969
255	977
256	554
256	902
256	955
256	975
256	1000
257	165
257	297
257	406
257	984
257	995
258	239
258	244
258	498
258	896
258	928
259	456
259	844
259	901
259	969
259	977
260	236
260	310
260	548
260	685
260	922
261	573
261	760
261	837
261	899
261	979
262	548
262	659
262	871
262	911
262	922
263	539
263	947
263	951
263	965
263	973
264	633
264	730
264	758
264	923
264	939
265	139
265	524
265	578
265	627
265	640
266	665
266	843
266	846
266	942
266	990
267	71
267	645
267	744
267	868
267	908
268	154
268	284
268	847
268	898
268	967
269	443
269	595
269	761
269	796
269	1000
270	376
270	768
270	886
270	929
270	959
271	816
271	856
271	916
271	985
271	988
272	39
272	515
272	620
272	778
272	812
273	487
273	552
273	679
273	767
273	959
274	519
274	685
274	871
274	911
274	922
275	729
275	907
275	917
275	997
275	999
276	129
276	611
276	700
276	703
276	887
277	325
277	824
277	857
277	865
277	895
278	349
278	589
278	795
278	987
278	996
279	661
279	935
279	954
279	972
279	991
280	609
280	689
280	899
280	958
280	995
281	726
281	794
281	871
281	911
281	922
282	15
282	512
282	545
282	687
282	936
283	686
283	854
283	912
283	983
283	996
284	268
284	536
284	779
284	821
284	963
285	386
285	789
285	919
285	933
285	982
286	841
286	907
286	960
286	984
286	999
287	791
287	880
287	920
287	962
287	988
288	816
288	853
288	856
288	862
288	916
289	873
289	909
289	925
289	940
289	949
290	514
290	686
290	833
290	834
290	986
291	812
291	891
291	938
291	979
291	983
292	576
292	600
292	717
292	793
292	998
293	553
293	869
293	935
293	972
293	991
294	773
294	906
294	916
294	985
294	988
295	253
295	564
295	596
295	697
295	900
296	26
296	611
296	745
296	769
296	900
297	257
297	910
297	963
297	983
297	984
298	804
298	833
298	876
298	952
298	988
299	313
299	391
299	525
299	651
299	878
300	455
300	573
300	756
300	794
300	994
301	101
301	873
301	909
301	934
301	949
302	714
302	948
302	954
302	972
302	991
303	477
303	917
303	932
303	964
303	986
304	806
304	876
304	906
304	916
304	989
305	827
305	938
305	961
305	979
305	983
306	820
306	926
306	943
306	953
306	994
307	812
307	844
307	889
307	933
307	944
308	858
308	890
308	930
308	951
308	965
309	455
309	756
309	837
309	899
309	943
310	260
310	846
310	855
310	927
310	953
311	748
311	907
311	960
311	978
311	997
312	850
312	894
312	933
312	963
312	984
313	299
313	490
313	494
313	878
313	955
314	367
314	849
314	954
314	976
314	991
315	156
315	232
315	610
315	835
315	956
316	29
316	30
316	397
316	790
316	867
317	361
317	696
317	934
317	940
317	949
318	163
318	202
318	224
318	663
318	866
319	37
319	181
319	900
319	921
319	941
320	507
320	789
320	876
320	916
320	985
321	608
321	805
321	890
321	947
321	951
322	397
322	564
322	866
322	900
322	934
323	437
323	786
323	871
323	911
323	970
324	509
324	588
324	601
324	860
324	978
325	277
325	648
325	739
325	852
325	895
326	615
326	713
326	906
326	985
326	988
327	210
327	726
327	911
327	922
327	953
328	878
328	907
328	942
328	966
328	999
329	683
329	722
329	918
329	970
329	973
330	561
330	763
330	970
330	977
330	988
331	104
331	112
331	722
331	926
331	969
332	243
332	774
332	936
332	946
332	980
333	490
333	546
333	648
333	651
333	800
334	191
334	691
334	878
334	969
334	977
335	889
335	966
335	978
335	997
335	999
336	873
336	948
336	954
336	972
336	976
337	147
337	466
337	570
337	824
337	996
338	109
338	376
338	896
338	955
338	993
339	128
339	937
339	958
339	963
339	984
340	211
340	581
340	933
340	974
340	992
341	694
341	888
341	898
341	947
341	986
342	404
342	596
342	647
342	690
342	900
343	609
343	621
343	905
343	927
343	994
344	898
344	932
344	964
344	967
344	971
345	731
345	803
345	864
345	952
345	957
346	905
346	926
346	948
346	982
346	990
347	39
347	765
347	922
347	933
347	962
348	91
348	793
348	841
348	883
348	956
349	93
349	278
349	631
349	820
349	912
350	495
350	869
350	948
350	972
350	991
351	131
351	808
351	902
351	975
351	981
352	619
352	873
352	934
352	940
352	949
353	442
353	608
353	653
353	926
353	990
354	156
354	227
354	716
354	941
354	994
355	382
355	575
355	806
355	969
355	977
356	192
356	663
356	769
356	900
356	970
357	226
357	239
357	643
357	890
357	965
358	572
358	613
358	782
358	971
358	988
359	148
359	688
359	770
359	952
359	959
360	28
360	511
360	906
360	985
360	999
361	72
361	317
361	451
361	997
361	998
362	376
362	561
362	562
362	751
362	969
363	810
363	815
363	819
363	894
363	973
363	995
364	121
364	372
364	512
364	825
364	946
364	956
365	409
365	671
365	680
365	790
365	822
365	827
366	127
366	478
366	774
366	870
366	887
366	980
367	100
367	314
367	739
367	852
367	865
367	895
368	3
368	621
368	890
368	945
368	951
368	965
369	401
369	474
369	627
369	748
369	852
369	895
370	452
370	648
370	828
370	878
370	996
370	998
371	517
371	685
371	786
371	911
371	922
371	927
372	364
372	661
372	792
372	825
372	870
372	886
373	782
373	833
373	916
373	925
373	944
373	985
374	495
374	768
374	880
374	896
374	914
374	993
375	161
375	497
375	659
375	780
375	915
375	996
376	270
376	338
376	362
376	755
376	781
376	799
377	384
377	481
377	731
377	835
377	980
377	998
378	49
378	238
378	491
378	822
378	840
378	958
379	900
379	938
379	948
379	961
379	979
379	983
380	502
380	738
380	888
380	933
380	945
380	974
381	221
381	525
381	619
381	648
381	878
381	991
382	236
382	355
382	499
382	963
382	970
382	977
383	858
383	931
383	935
383	972
383	976
383	991
384	377
384	749
384	789
384	834
384	956
384	998
385	502
385	778
385	836
385	950
385	974
385	979
386	285
386	669
386	757
386	930
386	971
386	974
387	598
387	937
387	946
387	957
387	958
387	963
388	207
388	255
388	440
388	800
388	878
388	1000
389	559
389	713
389	856
389	872
389	925
389	985
390	178
390	613
390	833
390	856
390	916
390	985
391	47
391	299
391	796
391	807
391	863
391	913
392	112
392	456
392	764
392	901
392	952
392	969
393	533
393	796
393	890
393	960
393	997
393	999
394	38
394	412
394	604
394	837
394	899
394	999
395	721
395	779
395	818
395	888
395	967
395	986
396	27
396	635
396	780
396	824
396	829
396	939
397	316
397	322
397	586
397	602
397	611
397	697
398	403
398	811
398	885
398	908
398	929
398	959
399	414
399	515
399	645
399	864
399	918
399	970
400	25
400	681
400	750
400	890
400	947
400	951
401	369
401	495
401	628
401	791
401	959
401	993
402	171
402	646
402	746
402	914
402	923
402	996
403	398
403	621
403	811
403	854
403	855
403	990
404	41
404	342
404	586
404	647
404	759
404	971
405	718
405	763
405	804
405	872
405	925
405	988
406	56
406	257
406	736
406	868
406	952
406	996
407	78
407	771
407	881
407	917
407	969
407	970
408	129
408	237
408	864
408	893
408	901
408	980
409	96
409	365
409	821
409	931
409	961
409	983
410	670
410	766
410	817
410	891
410	990
410	994
411	571
411	610
411	693
411	942
411	959
411	980
412	394
412	604
412	609
412	760
412	899
412	959
413	465
413	910
413	963
413	984
413	990
413	995
414	399
414	436
414	548
414	724
414	880
414	928
415	844
415	867
415	904
415	914
415	932
415	986
416	7
416	471
416	733
416	898
416	904
416	967
417	40
417	65
417	241
417	490
417	828
417	845
418	56
418	789
418	889
418	968
418	971
418	980
419	54
419	515
419	914
419	938
419	961
419	979
420	43
420	665
420	667
420	837
420	899
420	997
421	830
421	902
421	931
421	964
421	967
421	986
422	601
422	799
422	920
422	924
422	993
422	997
423	557
423	849
423	948
423	954
423	976
423	991
424	55
424	253
424	808
424	818
424	846
424	1000
425	539
425	681
425	791
425	858
425	947
425	951
426	82
426	169
426	739
426	852
426	865
426	951
427	931
427	944
427	956
427	971
427	982
427	992
428	27
428	752
428	758
428	838
428	863
428	902
429	143
429	456
429	723
429	887
429	943
429	970
430	222
430	781
430	924
430	940
430	973
430	993
431	826
431	853
431	886
431	922
431	973
431	993
432	623
432	652
432	960
432	969
432	978
432	997
433	673
433	752
433	847
433	872
433	920
433	975
434	164
434	203
434	727
434	762
434	793
434	991
435	215
435	534
435	777
435	903
435	923
435	970
436	414
436	478
436	755
436	791
436	920
436	993
437	323
437	581
437	776
437	871
437	911
437	922
438	776
438	873
438	909
438	934
438	940
438	949
439	638
439	826
439	856
439	925
439	985
439	988
440	8
440	55
440	66
440	388
440	800
440	999
441	839
441	911
441	954
441	956
441	976
441	991
442	353
442	744
442	934
442	944
442	968
442	982
443	269
443	668
443	962
443	968
443	971
443	992
444	550
444	750
444	854
444	925
444	966
444	999
445	7
445	708
445	803
445	826
445	924
445	959
446	42
446	137
446	638
446	885
446	926
446	929
447	894
447	900
447	937
447	958
447	984
447	995
448	671
448	676
448	790
448	795
448	822
448	827
449	823
449	883
449	922
449	962
449	971
449	974
450	655
450	787
450	849
450	954
450	976
450	991
451	361
451	693
451	695
451	956
451	977
451	980
452	40
452	146
452	370
452	757
452	800
452	878
453	109
453	809
453	826
453	892
453	928
453	930
454	171
454	738
454	882
454	883
454	933
454	986
455	300
455	309
455	505
455	746
455	756
455	970
456	259
456	392
456	429
456	513
456	525
456	969
457	717
457	749
457	868
457	946
457	956
457	998
458	598
458	910
458	952
458	957
458	963
458	991
459	797
459	895
459	910
459	957
459	984
459	995
460	9
460	127
460	559
460	788
460	916
460	989
461	713
461	885
461	909
461	934
461	940
461	949
462	174
462	585
462	939
462	987
462	996
462	998
463	535
463	692
463	761
463	898
463	975
463	1000
464	63
464	813
464	841
464	945
464	978
464	999
465	413
465	706
465	859
465	937
465	975
465	996
466	337
466	607
466	658
466	775
466	891
466	996
467	622
467	785
467	955
467	975
467	989
467	1000
468	152
468	861
468	946
468	971
468	980
468	998
469	695
469	792
469	848
469	876
469	956
469	998
470	551
470	744
470	898
470	904
470	932
470	964
471	209
471	416
471	721
471	904
471	967
471	986
472	770
472	886
472	924
472	941
472	973
472	993
473	703
473	799
473	935
473	954
473	972
473	991
474	369
474	515
474	806
474	918
474	969
474	970
475	762
475	791
475	886
475	943
475	959
475	993
476	719
476	803
476	850
476	936
476	957
476	995
477	303
477	798
477	823
477	962
477	971
477	992
478	54
478	366
478	436
478	683
478	762
478	980
479	869
479	935
479	954
479	959
479	972
479	991
480	180
480	728
480	796
480	927
480	975
480	981
481	59
481	377
481	717
481	732
481	953
481	980
482	779
482	781
482	867
482	888
482	967
482	986
483	716
483	805
483	935
483	972
483	976
483	991
484	711
484	935
484	948
484	972
484	976
484	991
485	757
485	847
485	914
485	931
485	961
485	979
486	534
486	598
486	780
486	899
486	912
486	923
487	273
487	529
487	896
487	973
487	974
487	993
488	547
488	681
488	858
488	890
488	947
488	965
489	130
489	253
489	808
489	919
489	955
489	1000
490	188
490	313
490	333
490	417
490	644
490	651
491	378
491	677
491	735
491	822
491	840
491	941
492	587
492	663
492	838
492	863
492	877
492	916
492	1000
493	160
493	774
493	825
493	835
493	861
493	870
493	998
494	241
494	313
494	537
494	644
494	828
494	857
494	878
495	350
495	374
495	401
495	802
495	924
495	930
495	973
496	529
496	737
496	744
496	915
496	945
496	962
496	971
497	375
497	565
497	747
497	759
497	874
497	963
497	989
498	225
498	258
498	554
498	676
498	799
498	973
498	993
499	382
499	607
499	723
499	846
499	864
499	901
499	918
500	5
500	509
500	704
500	800
500	889
500	968
500	971
501	44
501	884
501	927
501	939
501	966
501	978
501	997
502	204
502	380
502	385
502	650
502	773
502	992
502	993
503	634
503	770
503	866
503	884
503	960
503	978
503	999
504	134
504	798
504	873
504	934
504	940
504	949
504	998
505	128
505	455
505	689
505	760
505	899
505	956
505	971
506	123
506	675
506	783
506	805
506	947
506	951
506	965
507	134
507	159
507	320
507	572
507	710
507	876
507	925
508	235
508	725
508	842
508	948
508	954
508	976
508	991
509	324
509	500
509	765
509	934
509	962
509	974
509	992
510	514
510	687
510	758
510	775
510	854
510	915
510	994
511	360
511	804
511	856
511	876
511	901
511	926
511	988
512	135
512	282
512	364
512	666
512	749
512	793
512	956
513	456
513	764
513	864
513	905
513	918
513	977
513	986
514	245
514	290
514	510
514	711
514	788
514	820
514	824
515	272
515	399
515	419
515	474
515	691
515	864
515	977
516	124
516	583
516	741
516	844
516	882
516	933
516	962
517	371
517	581
517	631
517	797
517	892
517	911
517	922
518	609
518	665
518	689
518	790
518	794
518	837
518	961
519	274
519	611
519	620
519	944
519	968
519	974
519	992
520	3
520	733
520	890
520	947
520	951
520	965
520	966
521	60
521	633
521	834
521	915
521	939
521	987
521	996
522	568
522	593
522	743
522	944
522	960
522	997
522	999
523	791
523	802
523	853
523	920
523	924
523	970
523	973
524	265
524	587
524	874
524	942
524	953
524	989
524	994
525	299
525	381
525	456
525	644
525	695
525	800
525	828
526	243
526	749
526	819
526	945
526	950
526	982
526	992
527	896
527	924
527	928
527	936
527	959
527	973
527	988
528	633
528	650
528	787
528	795
528	923
528	939
528	996
529	487
529	496
529	888
529	917
529	964
529	967
529	986
530	801
530	895
530	914
530	931
530	961
530	979
530	983
531	670
531	688
531	724
531	768
531	920
531	973
531	993
532	799
532	826
532	837
532	886
532	892
532	959
532	993
533	157
533	393
533	636
533	826
533	966
533	978
533	999
534	435
534	486
534	627
534	901
534	903
534	923
534	996
535	463
535	831
535	838
535	902
535	919
535	975
535	995
536	41
536	284
536	867
536	904
536	964
536	967
536	986
537	494
537	651
537	800
537	828
537	878
537	948
537	961
538	674
538	769
538	772
538	897
538	941
538	943
538	989
539	140
539	244
539	263
539	425
539	783
539	951
539	965
540	632
540	734
540	750
540	841
540	880
540	997
540	999
541	765
541	935
541	948
541	954
541	972
541	976
541	991
542	605
542	684
542	864
542	881
542	893
542	977
542	980
543	772
543	814
543	855
543	908
543	989
543	990
543	998
544	218
544	855
544	873
544	874
544	905
544	908
544	990
545	184
545	185
545	282
545	549
545	956
545	991
545	998
546	333
546	616
546	839
546	909
546	934
546	940
546	949
547	488
547	817
547	842
547	935
547	972
547	976
547	991
548	194
548	220
548	260
548	262
548	414
548	699
548	922
549	9
549	545
549	600
549	687
549	711
549	956
549	980
550	444
550	907
550	960
550	972
550	995
550	997
550	999
551	470
551	577
551	775
551	820
551	824
551	912
551	987
552	273
552	632
552	907
552	960
552	966
552	978
552	997
553	293
553	839
553	859
553	871
553	894
553	937
553	995
554	256
554	498
554	724
554	892
554	920
554	930
554	959
555	785
555	872
555	873
555	919
555	955
555	964
555	975
556	93
556	593
556	762
556	810
556	887
556	936
556	998
557	188
557	423
557	671
557	677
557	692
557	822
557	840
558	81
558	237
558	683
558	881
558	970
558	977
558	996
559	17
559	389
559	460
559	710
559	925
559	985
559	988
560	561
560	696
560	850
560	864
560	928
560	969
560	977
561	78
561	330
561	362
561	560
561	596
561	970
561	977
562	362
562	684
562	806
562	827
562	881
562	970
562	992
563	624
563	749
563	816
563	861
563	870
563	952
563	998
564	115
564	295
564	322
564	769
564	850
564	866
564	900
565	497
565	590
565	597
565	692
565	908
565	927
565	994
566	801
566	847
566	887
566	891
566	948
566	979
566	983
567	196
567	714
567	888
567	917
567	964
567	984
567	986
568	522
568	621
568	734
568	960
568	966
568	997
568	999
569	153
569	185
569	616
569	830
569	932
569	964
569	986
570	337
570	577
570	590
570	672
570	740
570	903
570	947
570	987
571	97
571	152
571	204
571	411
571	603
571	867
571	956
571	998
572	127
572	219
572	358
572	507
572	804
572	916
572	980
572	986
573	261
573	300
573	760
573	794
573	837
573	847
573	899
573	988
574	116
574	884
574	903
574	960
574	966
574	978
574	997
574	999
575	355
575	672
575	797
575	859
575	937
575	963
575	984
575	995
576	292
576	673
576	796
576	818
576	886
576	913
576	919
576	955
577	551
577	570
577	711
577	820
577	854
577	939
577	990
577	996
578	265
578	797
578	851
578	910
578	937
578	957
578	969
578	995
579	88
579	729
579	733
579	783
579	809
579	951
579	952
579	965
580	4
580	719
580	803
580	811
580	947
580	952
580	963
580	995
581	340
581	437
581	517
581	699
581	766
581	786
581	871
581	922
582	688
582	695
582	792
582	825
582	852
582	946
582	980
582	998
583	98
583	105
583	516
583	737
583	950
583	974
583	977
583	985
584	48
584	650
584	809
584	880
584	886
584	924
584	959
584	993
585	462
585	594
585	742
585	873
585	934
585	940
585	949
585	960
586	26
586	397
586	404
586	596
586	602
586	697
586	937
586	999
587	492
587	524
587	728
587	861
587	875
587	913
587	981
587	1000
588	324
588	623
588	689
588	913
588	966
588	978
588	997
588	999
589	44
589	74
589	278
589	750
589	960
589	966
589	997
589	999
590	203
590	565
590	570
590	658
590	775
590	777
590	932
590	987
591	153
591	627
591	712
591	739
591	852
591	864
591	865
591	895
592	86
592	723
592	810
592	893
592	901
592	969
592	970
592	1000
593	522
593	556
593	750
593	845
593	860
593	966
593	997
593	999
594	585
594	707
594	873
594	909
594	934
594	940
594	949
594	994
595	216
595	224
595	269
595	602
595	611
595	866
595	900
595	929
596	295
596	342
596	561
596	586
596	769
596	793
596	866
596	900
597	565
597	766
597	855
597	897
597	927
597	943
597	945
597	950
598	387
598	458
598	486
598	618
598	778
598	937
598	958
598	984
599	203
599	633
599	787
599	912
599	978
599	979
599	987
599	996
600	80
600	292
600	549
600	835
600	848
600	887
600	919
600	936
601	246
601	324
601	422
601	836
601	841
601	907
601	997
601	999
602	397
602	586
602	595
602	663
602	697
602	769
602	900
602	966
603	119
603	571
603	694
603	830
603	898
603	917
603	932
603	964
604	394
604	412
604	665
604	756
604	794
604	837
604	899
604	958
605	542
605	649
605	754
605	755
605	826
605	896
605	959
605	993
606	669
606	921
606	935
606	948
606	954
606	972
606	991
606	994
607	107
607	466
607	499
607	775
607	780
607	804
607	915
607	996
608	321
608	353
608	814
608	855
608	871
608	927
608	942
608	989
609	280
609	343
609	412
609	518
609	689
609	760
609	899
609	990
610	315
610	411
610	885
610	936
610	956
610	960
610	980
610	998
611	216
611	276
611	296
611	397
611	519
611	595
611	866
611	900
612	229
612	684
612	821
612	847
612	857
612	891
612	979
612	983
613	358
613	390
613	677
613	701
613	855
613	862
613	876
613	985
614	655
614	726
614	786
614	833
614	842
614	871
614	911
614	922
615	184
615	326
615	693
615	729
615	732
615	887
615	936
615	998
616	21
616	546
616	569
616	742
616	798
616	934
616	940
616	949
617	169
617	626
617	823
617	832
617	868
617	879
617	974
617	992
618	598
618	736
618	770
618	834
618	850
618	937
618	984
618	995
619	40
619	66
619	241
619	352
619	381
619	705
619	800
619	878
620	272
620	519
620	668
620	755
620	831
620	851
620	882
620	992
621	42
621	343
621	368
621	403
621	568
621	817
621	921
621	989
622	467
622	845
622	874
622	890
622	921
622	927
622	941
622	942
622	994
623	432
623	588
623	662
623	684
623	884
623	907
623	940
623	966
623	997
624	563
624	693
624	703
624	792
624	936
624	946
624	974
624	993
624	998
625	673
625	712
625	752
625	806
625	863
625	955
625	975
625	999
625	1000
626	617
626	675
626	741
626	935
626	948
626	950
626	968
626	974
626	982
627	265
627	369
627	534
627	591
627	635
627	748
627	852
627	865
627	895
628	65
628	146
628	401
628	688
628	892
628	924
628	930
628	933
628	938
629	642
629	657
629	873
629	909
629	934
629	940
629	949
629	973
629	976
630	37
630	778
630	842
630	935
630	948
630	954
630	972
630	976
630	991
631	251
631	349
631	517
631	655
631	685
631	786
631	823
631	871
631	911
632	540
632	552
632	770
632	884
632	926
632	960
632	978
632	997
632	999
633	264
633	521
633	528
633	599
633	658
633	862
633	869
633	912
633	987
634	172
634	503
634	652
634	884
634	917
634	960
634	966
634	997
634	999
635	396
635	627
635	675
635	838
635	875
635	877
635	879
635	897
635	913
636	533
636	734
636	841
636	907
636	936
636	954
636	966
636	997
636	999
637	673
637	728
637	828
637	875
637	877
637	879
637	955
637	975
637	998
638	439
638	446
638	782
638	801
638	833
638	856
638	916
638	985
638	988
639	700
639	802
639	835
639	857
639	914
639	931
639	961
639	979
639	983
640	94
640	139
640	265
640	748
640	817
640	852
640	865
640	895
640	962
641	849
641	869
641	935
641	945
641	948
641	972
641	976
641	978
641	991
642	629
642	656
642	801
642	821
642	931
642	938
642	942
642	961
642	983
643	357
643	710
643	784
643	809
643	849
643	858
643	947
643	951
643	965
644	221
644	490
644	494
644	525
644	651
644	800
644	878
644	955
644	970
645	6
645	267
645	399
645	741
645	751
645	831
645	889
645	962
645	992
646	402
646	746
646	795
646	820
646	821
646	834
646	904
646	915
646	996
647	50
647	342
647	404
647	663
647	697
647	769
647	866
647	913
647	995
648	55
648	66
648	98
648	325
648	333
648	370
648	381
648	828
648	878
649	160
649	605
649	756
649	768
649	781
649	784
649	892
649	896
649	930
650	502
650	528
650	584
650	836
650	882
650	889
650	945
650	974
650	992
651	299
651	333
651	490
651	537
651	644
651	774
651	800
651	811
651	878
652	432
652	634
652	715
652	841
652	860
652	923
652	966
652	978
652	999
653	353
653	843
653	849
653	894
653	927
653	943
653	981
653	990
653	994
654	190
654	655
654	673
654	692
654	761
654	908
654	919
654	975
654	981
655	220
655	450
655	614
655	631
655	654
655	699
655	726
655	911
655	922
656	642
656	891
656	920
656	931
656	938
656	976
656	979
656	983
656	987
657	28
657	629
657	695
657	742
657	798
657	893
657	909
657	934
657	940
657	949
658	466
658	590
658	633
658	679
658	707
658	758
658	787
658	795
658	854
658	987
659	262
659	375
659	777
659	787
659	867
659	903
659	915
659	945
659	987
659	996
660	761
660	807
660	826
660	902
660	904
660	919
660	955
660	962
660	975
660	981
661	248
661	279
661	372
661	774
661	810
661	936
661	942
661	954
661	956
661	998
662	623
662	676
662	874
662	877
662	885
662	926
662	929
662	942
662	989
662	990
663	202
663	216
663	318
663	356
663	492
663	602
663	647
663	866
663	891
663	900
664	842
664	849
664	869
664	924
664	948
664	951
664	954
664	972
664	976
664	991
665	266
665	420
665	518
665	604
665	667
665	689
665	794
665	819
665	899
665	918
666	43
666	137
666	170
666	512
666	694
666	714
666	867
666	904
666	932
666	986
667	420
667	665
667	689
667	756
667	760
667	772
667	794
667	837
667	899
667	921
668	443
668	620
668	689
668	831
668	836
668	868
668	883
668	899
668	940
668	982
669	386
669	606
669	849
669	869
669	923
669	935
669	954
669	972
669	976
669	991
670	214
670	410
670	531
670	682
670	772
670	840
670	855
670	989
670	990
670	994
671	61
671	188
671	365
671	448
671	557
671	735
671	790
671	822
671	827
671	976
672	93
672	570
672	575
672	703
672	780
672	854
672	903
672	912
672	957
672	987
673	249
673	433
673	576
673	625
673	637
673	654
673	808
673	871
673	877
673	910
674	538
674	817
674	829
674	830
674	921
674	926
674	941
674	953
674	989
674	994
675	506
675	626
675	635
675	740
675	796
675	807
675	934
675	975
675	981
675	1000
676	448
676	498
676	662
676	677
676	735
676	790
676	822
676	827
676	840
676	933
677	491
677	557
677	613
677	676
677	735
677	790
677	827
677	840
677	845
677	990
678	132
678	772
678	811
678	920
678	921
678	926
678	929
678	989
678	990
678	994
679	31
679	273
679	658
679	698
679	724
679	768
679	802
679	928
679	959
679	973
680	29
680	73
680	365
680	735
680	738
680	790
680	816
680	822
680	827
680	840
681	400
681	425
681	488
681	832
681	865
681	890
681	947
681	951
681	965
681	966
682	670
682	683
682	764
682	771
682	864
682	893
682	901
682	918
682	926
682	988
683	329
683	478
683	558
683	682
683	707
683	764
683	864
683	901
683	906
683	969
684	542
684	562
684	612
684	623
684	791
684	806
684	881
684	893
684	970
684	977
685	260
685	274
685	371
685	631
685	699
685	787
685	871
685	911
685	922
685	991
686	189
686	283
686	290
686	711
686	795
686	820
686	834
686	903
686	919
686	987
687	58
687	282
687	510
687	549
687	749
687	848
687	861
687	936
687	946
687	980
688	160
688	359
688	531
688	582
688	628
688	770
688	818
688	886
688	930
688	949
689	280
689	505
689	518
689	588
689	609
689	665
689	667
689	668
689	837
689	966
690	16
690	342
690	716
690	747
690	846
690	905
690	941
690	942
690	987
690	994
691	334
691	515
691	758
691	764
691	771
691	806
691	881
691	901
691	969
691	972
692	177
692	463
692	557
692	565
692	654
692	761
692	872
692	877
692	955
692	1000
693	411
693	451
693	615
693	624
693	727
693	835
693	954
693	969
693	980
693	998
694	341
694	603
694	666
694	888
694	917
694	960
694	964
694	967
694	976
694	983
695	451
695	469
695	525
695	582
695	657
695	774
695	870
695	946
695	980
695	988
696	317
696	560
696	806
696	881
696	893
696	918
696	957
696	969
696	970
696	977
697	224
697	295
697	397
697	586
697	602
697	647
697	701
697	802
697	866
697	900
698	89
698	679
698	768
698	880
698	888
698	892
698	930
698	959
698	973
698	993
699	548
699	581
699	655
699	685
699	730
699	786
699	871
699	911
699	996
699	997
700	13
700	276
700	639
700	751
700	847
700	891
700	914
700	931
700	938
700	961
700	979
701	124
701	613
701	697
701	713
701	782
701	816
701	862
701	906
701	983
701	985
701	988
702	776
702	813
702	860
702	884
702	907
702	940
702	941
702	960
702	966
702	978
702	999
703	276
703	473
703	624
703	672
703	792
703	815
703	848
703	861
703	936
703	980
703	998
704	76
704	141
704	500
704	789
704	823
704	944
704	945
704	946
704	950
704	968
704	990
705	619
705	709
705	779
705	781
705	830
705	867
705	888
705	932
705	964
705	967
705	986
706	465
706	731
706	815
706	899
706	910
706	952
706	963
706	984
706	993
706	995
706	996
707	47
707	255
707	594
707	658
707	683
707	723
707	764
707	771
707	969
707	970
707	977
708	445
708	847
708	857
708	891
708	914
708	931
708	938
708	961
708	976
708	979
708	983
709	705
709	712
709	830
709	867
709	898
709	917
709	932
709	964
709	967
709	987
709	994
710	131
710	507
710	559
710	643
710	763
710	782
710	816
710	833
710	856
710	954
710	981
711	27
711	87
711	484
711	514
711	549
711	577
711	686
711	912
711	923
711	939
711	996
712	591
712	625
712	709
712	753
712	807
712	877
712	919
712	955
712	975
712	978
712	1000
713	326
713	389
713	461
713	701
713	816
713	836
713	906
713	916
713	925
713	974
713	985
714	302
714	567
714	666
714	764
714	818
714	888
714	904
714	932
714	964
714	967
714	986
715	177
715	652
715	753
715	785
715	849
715	852
715	872
715	919
715	955
715	975
715	981
716	354
716	483
716	690
716	719
716	747
716	814
716	817
716	886
716	905
716	941
716	943
717	91
717	204
717	292
717	457
717	481
717	859
717	887
717	936
717	943
717	946
717	998
718	151
718	230
718	405
718	763
718	782
718	896
718	925
718	964
718	985
718	986
718	988
719	476
719	580
719	716
719	740
719	814
719	819
719	839
719	859
719	937
719	984
719	995
720	769
720	780
720	801
720	847
720	914
720	931
720	938
720	961
720	979
720	983
720	994
721	147
721	395
721	471
721	856
721	867
721	884
721	904
721	953
721	964
721	967
721	986
722	329
722	331
722	864
722	893
722	901
722	918
722	965
722	969
722	970
722	977
722	982
723	429
723	499
723	592
723	707
723	821
723	918
723	969
723	970
723	972
723	977
723	989
724	100
724	219
724	414
724	531
724	554
724	679
724	739
724	896
724	928
724	973
724	993
725	102
725	508
725	764
725	801
725	869
725	935
725	948
725	954
725	972
725	976
725	991
726	52
726	162
726	281
726	327
726	614
726	655
726	786
726	871
726	885
726	911
726	922
727	434
727	693
727	774
727	793
727	820
727	835
727	870
727	887
727	946
727	992
727	998
728	480
728	587
728	637
728	777
728	808
728	879
728	889
728	913
728	975
728	981
728	1000
729	275
729	579
729	615
729	733
729	784
729	805
729	809
729	815
729	858
729	947
729	965
730	182
730	264
730	699
730	836
730	868
730	883
730	889
730	950
730	962
730	982
730	992
731	33
731	50
731	345
731	377
731	706
731	839
731	877
731	910
731	957
731	984
731	995
732	481
732	615
732	798
732	825
732	835
732	848
732	928
732	936
732	946
732	961
732	998
733	31
733	416
733	520
733	579
733	729
733	752
733	805
733	890
733	947
733	951
733	965
734	217
734	230
734	540
734	568
734	636
734	841
734	884
734	911
734	960
734	966
734	978
735	120
735	491
735	671
735	676
735	677
735	680
735	790
735	822
735	827
735	840
735	968
735	986
736	406
736	618
736	862
736	894
736	910
736	937
736	938
736	952
736	957
736	968
736	984
736	995
737	496
737	583
737	758
737	773
737	944
737	945
737	968
737	971
737	982
737	987
737	992
737	1000
738	229
738	243
738	380
738	454
738	680
738	832
738	933
738	944
738	945
738	964
738	970
738	982
739	169
739	176
739	325
739	367
739	426
739	591
739	724
739	748
739	852
739	860
739	895
739	921
740	209
740	570
740	675
740	719
740	752
740	785
740	902
740	919
740	955
740	981
740	982
740	1000
741	237
741	516
741	626
741	645
741	823
741	873
741	933
741	945
741	950
741	972
741	974
741	992
742	158
742	235
742	585
742	616
742	657
742	798
742	873
742	934
742	940
742	941
742	949
742	969
743	32
743	522
743	765
743	815
743	839
743	894
743	952
743	957
743	958
743	984
743	986
743	995
744	10
744	267
744	442
744	470
744	496
744	778
744	831
744	868
744	889
744	916
744	950
744	962
745	74
745	296
745	830
745	844
745	867
745	872
745	898
745	917
745	932
745	957
745	967
745	986
746	2
746	402
746	455
746	646
746	775
746	795
746	814
746	820
746	854
746	912
746	987
746	996
747	497
747	690
747	716
747	759
747	845
747	874
747	921
747	967
747	970
747	989
747	990
747	994
748	119
748	217
748	231
748	311
748	369
748	627
748	640
748	739
748	783
748	865
748	884
748	895
749	84
749	126
749	384
749	457
749	512
749	526
749	563
749	687
749	825
749	887
749	936
749	946
750	400
750	444
750	540
750	589
750	593
750	860
750	884
750	944
750	949
750	960
750	997
750	999
751	362
751	645
751	700
751	821
751	857
751	883
751	891
751	931
751	938
751	961
751	979
751	983
752	428
752	433
752	625
752	733
752	740
752	761
752	788
752	800
752	807
752	818
752	902
752	1000
753	712
753	715
753	785
753	807
753	838
753	879
753	902
753	939
753	955
753	975
753	981
753	1000
754	605
754	839
754	859
754	865
754	910
754	937
754	952
754	957
754	958
754	973
754	984
754	995
755	376
755	436
755	605
755	620
755	859
755	896
755	928
755	930
755	957
755	959
755	973
755	993
756	300
756	309
756	455
756	604
756	649
756	667
756	760
756	794
756	837
756	899
756	965
756	968
757	386
757	452
757	485
757	778
757	814
757	836
757	933
757	945
757	950
757	968
757	982
757	992
758	140
758	145
758	264
758	428
758	510
758	658
758	691
758	737
758	777
758	834
758	923
758	987
759	37
759	404
759	497
759	747
759	843
759	921
759	926
759	941
759	943
759	985
759	989
759	994
759	995
760	128
760	261
760	412
760	505
760	573
760	609
760	667
760	756
760	794
760	878
760	882
760	899
760	987
761	238
761	269
761	463
761	654
761	660
761	692
761	752
761	875
761	918
761	919
761	949
761	980
761	981
762	72
762	97
762	434
762	475
762	478
762	556
762	775
762	848
762	855
762	870
762	946
762	956
762	980
763	170
763	181
763	330
763	405
763	710
763	718
763	856
763	862
763	876
763	906
763	975
763	985
763	988
764	18
764	392
764	513
764	682
764	683
764	691
764	707
764	714
764	725
764	876
764	969
764	970
764	977
765	347
765	509
765	541
765	743
765	829
765	831
765	882
765	883
765	918
765	933
765	962
765	971
765	982
766	108
766	410
766	581
766	597
766	817
766	864
766	901
766	908
766	943
766	953
766	989
766	990
766	994
767	35
767	122
767	198
767	273
767	791
767	799
767	880
767	892
767	924
767	930
767	959
767	985
767	993
768	270
768	374
768	531
768	649
768	679
768	698
768	802
768	896
768	922
768	924
768	928
768	976
768	977
769	41
769	50
769	103
769	296
769	356
769	538
769	564
769	596
769	602
769	647
769	720
769	866
769	900
770	149
770	359
770	472
770	503
770	618
770	632
770	688
770	826
770	853
770	924
770	930
770	973
770	993
771	407
771	682
771	691
771	707
771	822
771	893
771	918
771	942
771	969
771	970
771	976
771	977
771	981
772	538
772	543
772	667
772	670
772	678
772	812
772	843
772	898
772	905
772	942
772	989
772	990
772	994
773	124
773	294
773	502
773	737
773	778
773	836
773	868
773	945
773	950
773	968
773	971
773	972
773	995
774	332
774	366
774	493
774	651
774	661
774	695
774	727
774	792
774	828
774	853
774	861
774	887
774	946
775	140
775	142
775	145
775	466
775	510
775	551
775	590
775	607
775	746
775	762
775	874
775	903
775	987
776	2
776	7
776	183
776	437
776	438
776	702
776	791
776	886
776	920
776	924
776	928
776	973
776	993
777	245
777	435
777	590
777	659
777	728
777	758
777	903
777	912
777	915
777	921
777	939
777	949
777	987
778	272
778	385
778	598
778	630
778	744
778	757
778	773
778	832
778	882
778	911
778	944
778	950
778	982
779	104
779	166
779	185
779	284
779	395
779	482
779	705
779	830
779	844
779	927
779	964
779	967
779	986
780	133
780	375
780	396
780	486
780	607
780	672
780	720
780	862
780	923
780	939
780	958
780	987
780	996
781	65
781	376
781	430
781	482
781	649
781	705
781	853
781	880
781	892
781	896
781	930
781	973
781	989
781	993
782	116
782	126
782	138
782	358
782	373
782	638
782	701
782	710
782	718
782	804
782	857
782	898
782	988
782	989
783	75
783	77
783	506
783	539
783	579
783	748
783	784
783	809
783	877
783	890
783	943
783	947
783	951
783	965
784	86
784	118
784	643
784	649
784	729
784	783
784	805
784	809
784	858
784	866
784	890
784	947
784	951
784	965
785	45
785	178
785	467
785	555
785	715
785	740
785	753
785	863
785	875
785	892
785	928
785	975
785	981
785	985
786	194
786	323
786	371
786	581
786	614
786	631
786	699
786	726
786	871
786	895
786	910
786	911
786	922
786	964
787	174
787	450
787	528
787	599
787	658
787	659
787	685
787	806
787	824
787	834
787	864
787	923
787	939
787	996
788	62
788	130
788	134
788	460
788	514
788	752
788	804
788	823
788	833
788	862
788	876
788	906
788	985
788	988
789	234
789	285
789	320
789	384
789	418
789	704
789	868
789	889
789	933
789	940
789	968
789	971
789	982
789	992
790	120
790	316
790	365
790	448
790	518
790	671
790	676
790	677
790	680
790	735
790	822
790	827
790	958
790	989
791	287
791	401
791	425
791	436
791	475
791	523
791	684
791	767
791	776
791	802
791	920
791	930
791	973
791	990
792	81
792	372
792	469
792	582
792	624
792	703
792	774
792	835
792	861
792	887
792	946
792	956
792	957
792	990
793	60
793	68
793	292
793	348
793	434
793	512
793	596
793	727
793	810
793	936
793	956
793	966
793	997
793	998
794	128
794	281
794	300
794	518
794	573
794	604
794	665
794	667
794	756
794	760
794	837
794	899
794	949
794	951
795	107
795	278
795	448
795	528
795	646
795	658
795	686
795	746
795	820
795	824
795	841
795	903
795	912
795	980
796	24
796	42
796	269
796	391
796	393
796	480
796	576
796	675
796	838
796	913
796	919
796	955
796	981
796	1000
797	83
797	459
797	517
797	575
797	578
797	815
797	859
797	947
797	952
797	957
797	958
797	963
797	965
797	995
798	226
798	249
798	477
798	504
798	616
798	657
798	732
798	742
798	869
798	873
798	909
798	934
798	940
798	949
799	35
799	376
799	422
799	473
799	498
799	532
799	767
799	860
799	880
799	886
799	917
799	930
799	946
799	959
800	333
800	388
800	440
800	452
800	500
800	525
800	537
800	619
800	644
800	651
800	752
800	828
800	878
800	952
801	530
801	566
801	638
801	642
801	720
801	725
801	821
801	847
801	931
801	938
801	961
801	979
801	983
801	985
802	495
802	523
802	639
802	679
802	697
802	768
802	791
802	853
802	874
802	880
802	886
802	892
802	896
802	920
803	52
803	62
803	345
803	445
803	476
803	580
803	905
803	910
803	952
803	953
803	957
803	958
803	963
803	984
803	995
804	67
804	218
804	298
804	405
804	511
804	572
804	607
804	782
804	788
804	825
804	862
804	916
804	972
804	988
804	999
805	113
805	252
805	321
805	483
805	506
805	729
805	733
805	784
805	809
805	858
805	902
805	947
805	951
805	965
805	979
806	304
806	355
806	474
806	562
806	625
806	684
806	691
806	696
806	787
806	881
806	918
806	969
806	970
806	977
806	982
807	53
807	192
807	211
807	391
807	660
807	675
807	712
807	752
807	753
807	878
807	900
807	902
807	955
807	981
807	1000
808	79
808	351
808	424
808	489
808	673
808	728
808	838
808	863
808	875
808	905
808	913
808	924
808	955
808	983
808	1000
809	111
809	117
809	453
809	579
809	584
809	643
809	729
809	783
809	784
809	805
809	858
809	890
809	947
809	951
809	965
810	248
810	363
810	556
810	592
810	661
810	793
810	825
810	861
810	870
810	936
810	954
810	956
810	967
810	980
810	998
811	398
811	403
811	580
811	651
811	678
811	843
811	861
811	921
811	925
811	929
811	941
811	942
811	989
811	990
811	994
812	34
812	272
812	291
812	307
812	772
812	823
812	831
812	832
812	868
812	887
812	944
812	948
812	962
812	971
812	992
813	44
813	162
813	464
813	702
813	841
813	852
813	860
813	907
813	938
813	960
813	966
813	978
813	981
813	997
813	999
814	543
814	608
814	716
814	719
814	746
814	757
814	905
814	925
814	929
814	941
814	943
814	953
814	989
814	990
814	994
815	10
815	363
815	703
815	706
815	729
815	743
815	797
815	850
815	894
815	910
815	952
815	957
815	958
815	979
815	995
816	90
816	131
816	181
816	271
816	288
816	563
816	680
816	701
816	710
816	713
816	862
816	876
816	917
816	985
816	988
817	410
817	547
817	621
817	640
817	674
817	716
817	766
817	845
817	908
817	921
817	943
817	953
817	978
817	984
817	990
818	23
818	159
818	395
818	424
818	576
818	688
818	714
818	752
818	838
818	863
818	872
818	879
818	919
818	946
818	975
818	981
819	83
819	157
819	363
819	526
819	665
819	719
819	823
819	850
819	851
819	894
819	952
819	957
819	958
819	963
819	977
819	995
820	87
820	203
820	306
820	349
820	514
820	551
820	577
820	646
820	686
820	727
820	746
820	795
820	854
820	915
820	951
820	957
821	22
821	284
821	409
821	612
821	642
821	646
821	723
821	751
821	801
821	857
821	914
821	931
821	961
821	979
821	983
821	992
822	49
822	73
822	365
822	378
822	448
822	491
822	557
822	671
822	676
822	680
822	735
822	771
822	790
822	840
822	911
822	957
823	168
823	449
823	477
823	617
823	631
823	704
823	741
823	788
823	812
823	819
823	868
823	876
823	945
823	950
823	971
823	992
824	117
824	227
824	277
824	337
824	396
824	514
824	551
824	787
824	795
824	834
824	907
824	913
824	939
824	978
824	987
824	996
825	364
825	372
825	493
825	582
825	732
825	749
825	804
825	810
825	848
825	870
825	956
825	974
825	980
825	986
825	995
825	998
826	100
826	431
826	439
826	445
826	453
826	532
826	533
826	605
826	660
826	770
826	909
826	928
826	930
826	959
826	973
826	993
827	29
827	61
827	73
827	138
827	208
827	305
827	365
827	448
827	562
827	671
827	676
827	677
827	680
827	735
827	790
827	945
828	55
828	207
828	221
828	241
828	370
828	417
828	494
828	525
828	537
828	637
828	648
828	774
828	800
828	878
828	920
828	972
829	15
829	165
829	396
829	674
829	765
829	836
829	882
829	889
829	926
829	935
829	945
829	950
829	962
829	968
829	982
829	992
830	197
830	421
830	569
830	603
830	674
830	705
830	709
830	745
830	779
830	898
830	932
830	953
830	964
830	967
830	968
830	986
831	53
831	141
831	535
831	620
831	645
831	668
831	744
831	765
831	812
831	882
831	906
831	944
831	959
831	968
831	971
831	974
832	247
832	617
832	681
832	738
832	778
832	812
832	883
832	932
832	939
832	944
832	945
832	968
832	971
832	974
832	982
832	987
832	992
833	175
833	207
833	290
833	298
833	373
833	390
833	614
833	638
833	710
833	788
833	862
833	876
833	906
833	916
833	926
833	985
833	988
834	133
834	290
834	384
834	521
834	618
834	646
834	686
834	758
834	787
834	824
834	903
834	915
834	927
834	930
834	939
834	987
834	996
835	36
835	97
835	201
835	315
835	377
835	493
835	600
835	639
835	693
835	727
835	732
835	792
835	919
835	938
835	956
835	980
835	998
836	21
836	148
836	385
836	601
836	650
836	668
836	713
836	730
836	757
836	773
836	829
836	889
836	945
836	974
836	982
836	992
836	1000
837	38
837	261
837	309
837	394
837	420
837	518
837	532
837	573
837	604
837	667
837	689
837	756
837	794
837	876
837	899
837	922
837	993
838	101
838	141
838	238
838	428
838	492
838	535
838	635
838	753
838	796
838	808
838	818
838	858
838	863
838	955
838	979
838	998
838	1000
839	83
839	200
839	441
839	546
839	553
839	719
839	731
839	743
839	754
839	851
839	894
839	932
839	957
839	958
839	965
839	984
839	995
840	29
840	49
840	61
840	82
840	120
840	208
840	378
840	491
840	557
840	670
840	676
840	677
840	680
840	735
840	822
840	851
840	879
841	92
841	286
841	348
841	464
841	540
841	601
841	636
841	652
841	734
841	795
841	813
841	860
841	908
841	938
841	978
841	997
841	999
842	59
842	508
842	547
842	614
842	630
842	664
842	849
842	861
842	869
842	935
842	948
842	954
842	956
842	972
842	976
842	985
842	991
843	266
843	653
843	759
843	772
843	811
843	855
843	856
843	881
843	908
843	921
843	927
843	942
843	953
843	957
843	990
843	994
843	995
844	259
844	307
844	415
844	516
844	745
844	779
844	867
844	884
844	886
844	888
844	898
844	904
844	917
844	932
844	964
844	967
844	986
845	417
845	593
845	622
845	677
845	747
845	817
845	846
845	905
845	921
845	926
845	929
845	941
845	943
845	953
845	989
845	990
845	994
845	999
846	266
846	310
846	424
846	499
846	690
846	845
846	896
846	897
846	905
846	908
846	927
846	932
846	941
846	942
846	953
846	969
846	990
846	994
847	268
847	433
847	485
847	566
847	573
847	612
847	700
847	708
847	720
847	801
847	857
847	891
847	907
847	914
847	931
847	961
847	979
847	983
848	239
848	249
848	469
848	600
848	687
848	703
848	732
848	762
848	825
848	871
848	904
848	912
848	936
848	946
848	956
848	979
848	980
848	998
849	314
849	423
849	450
849	641
849	643
849	653
849	664
849	669
849	715
849	842
849	869
849	894
849	935
849	948
849	954
849	972
849	976
849	991
850	11
850	200
850	312
850	476
850	560
850	564
850	618
850	815
850	819
850	876
850	894
850	921
850	952
850	957
850	958
850	963
850	984
850	995
851	8
851	48
851	52
851	56
851	578
851	620
851	819
851	839
851	840
851	894
851	921
851	937
851	952
851	957
851	963
851	978
851	984
851	995
852	94
852	186
852	217
852	325
852	367
852	369
852	426
852	582
852	591
852	627
852	640
852	715
852	739
852	813
852	865
852	893
852	895
852	901
853	100
853	146
853	148
853	288
853	431
853	523
853	770
853	774
853	781
853	802
853	886
853	903
853	924
853	928
853	930
853	937
853	973
853	993
854	193
854	283
854	403
854	444
854	510
854	577
854	658
854	672
854	746
854	820
854	903
854	915
854	923
854	939
854	941
854	987
854	996
854	998
855	136
855	214
855	310
855	403
855	543
855	544
855	597
855	608
855	613
855	670
855	762
855	843
855	882
855	893
855	900
855	927
855	929
855	953
856	271
856	288
856	389
856	390
856	439
856	511
856	638
856	710
856	721
856	763
856	843
856	862
856	876
856	916
856	934
856	964
856	985
856	988
857	73
857	85
857	277
857	494
857	612
857	639
857	708
857	751
857	782
857	821
857	847
857	891
857	914
857	931
857	938
857	961
857	979
857	983
857	991
858	20
858	31
858	111
858	252
858	308
858	383
858	425
858	488
858	643
858	729
858	784
858	805
858	809
858	838
858	910
858	939
858	947
858	951
858	965
859	6
859	193
859	240
859	465
859	553
859	575
859	717
859	719
859	754
859	755
859	797
859	866
859	937
859	957
859	958
859	963
859	966
859	984
859	995
860	24
860	215
860	324
860	593
860	652
860	702
860	739
860	750
860	799
860	813
860	841
860	884
860	907
860	933
860	966
860	978
860	996
860	997
860	999
861	72
861	204
861	249
861	468
861	493
861	563
861	587
861	687
861	703
861	774
861	792
861	810
861	811
861	842
861	863
861	870
861	919
861	936
861	980
862	19
862	230
862	288
862	613
862	633
862	701
862	736
862	763
862	780
862	788
862	804
862	816
862	833
862	856
862	879
862	906
862	916
862	985
862	988
863	79
863	391
863	428
863	492
863	625
863	785
863	808
863	818
863	838
863	861
863	877
863	879
863	913
863	915
863	955
863	959
863	981
863	999
863	1000
864	345
864	399
864	408
864	499
864	513
864	515
864	542
864	560
864	591
864	682
864	683
864	722
864	766
864	787
864	881
864	893
864	918
864	969
864	997
865	84
865	94
865	119
865	169
865	176
865	186
865	277
865	367
865	426
865	591
865	627
865	640
865	681
865	748
865	754
865	852
865	895
865	954
865	962
866	26
866	114
866	192
866	318
866	322
866	503
866	564
866	595
866	596
866	611
866	647
866	663
866	697
866	769
866	784
866	859
866	900
866	986
866	1000
867	123
867	179
867	316
867	415
867	482
867	536
867	571
867	659
867	666
867	705
867	709
867	721
867	745
867	844
867	888
867	898
867	912
867	931
867	967
868	34
868	267
868	406
868	457
868	617
868	668
868	730
868	744
868	773
868	789
868	812
868	823
868	889
868	944
868	947
868	960
868	968
868	971
868	992
869	293
869	350
869	479
869	633
869	641
869	664
869	669
869	725
869	798
869	842
869	849
869	935
869	948
869	953
869	954
869	972
869	975
869	976
869	991
870	25
870	366
870	372
870	493
870	563
870	695
870	727
870	762
870	810
870	825
870	861
870	887
870	918
870	946
870	949
870	956
870	964
870	980
870	995
871	210
871	262
871	274
871	281
871	323
871	437
871	553
871	581
871	608
871	614
871	631
871	673
871	685
871	699
871	726
871	786
871	848
871	893
871	911
871	922
872	158
872	172
872	178
872	190
872	198
872	389
872	405
872	433
872	555
872	692
872	715
872	745
872	818
872	875
872	902
872	913
872	954
872	955
872	981
872	1000
873	46
873	80
873	289
873	301
873	336
873	352
873	438
873	504
873	544
873	555
873	585
873	594
873	629
873	741
873	742
873	798
873	909
873	934
873	940
873	949
874	16
874	228
874	231
874	497
874	524
874	544
874	622
874	662
874	747
874	775
874	802
874	885
874	897
874	937
874	942
874	953
874	973
874	989
874	990
874	994
875	23
875	206
875	246
875	587
875	635
875	637
875	761
875	785
875	808
875	872
875	877
875	880
875	896
875	913
875	919
875	955
875	963
875	975
875	981
875	1000
876	218
876	298
876	304
876	320
876	469
876	507
876	511
876	613
876	763
876	764
876	788
876	816
876	823
876	833
876	837
876	850
876	856
876	925
876	985
876	988
877	101
877	187
877	492
877	635
877	637
877	662
877	673
877	692
877	712
877	731
877	783
877	863
877	875
877	879
877	902
877	913
877	919
877	981
877	996
877	1000
878	207
878	299
878	313
878	328
878	334
878	370
878	381
878	388
878	452
878	494
878	537
878	619
878	644
878	648
878	651
878	760
878	800
878	807
878	828
878	906
879	13
879	45
879	617
879	635
879	637
879	728
879	753
879	818
879	840
879	862
879	863
879	877
879	902
879	913
879	955
879	958
879	974
879	975
879	981
879	1000
880	1
880	151
880	183
880	225
880	287
880	374
880	414
880	540
880	584
880	698
880	767
880	781
880	799
880	802
880	875
880	892
880	920
880	959
880	975
880	993
881	33
881	78
881	255
881	407
881	542
881	558
881	562
881	684
881	691
881	696
881	806
881	843
881	864
881	893
881	909
881	918
881	969
881	970
881	987
881	988
882	173
882	454
882	516
882	620
882	650
882	760
882	765
882	778
882	829
882	831
882	855
882	883
882	889
882	933
882	944
882	945
882	962
882	974
882	982
882	984
883	214
883	223
883	250
883	348
883	449
883	454
883	668
883	730
883	751
883	765
883	832
883	882
883	933
883	944
883	950
883	962
883	968
883	971
883	974
883	982
883	992
884	189
884	199
884	501
884	503
884	574
884	623
884	632
884	634
884	702
884	721
884	734
884	748
884	750
884	844
884	860
884	944
884	960
884	966
884	978
884	997
884	999
885	112
885	163
885	167
885	212
885	247
885	398
885	446
885	461
885	610
885	662
885	726
885	874
885	897
885	905
885	908
885	921
885	926
885	927
885	929
885	942
885	989
886	48
886	220
886	270
886	372
886	431
886	472
886	475
886	532
886	576
886	584
886	688
886	716
886	776
886	799
886	802
886	844
886	853
886	892
886	920
886	973
886	993
887	68
887	276
887	366
887	429
887	556
887	566
887	600
887	615
887	717
887	727
887	749
887	774
887	792
887	812
887	870
887	940
887	946
887	956
887	980
887	989
887	998
888	185
888	341
888	380
888	395
888	482
888	529
888	567
888	694
888	698
888	705
888	714
888	844
888	867
888	917
888	931
888	932
888	964
888	967
888	978
888	984
888	986
889	85
889	307
889	335
889	418
889	500
889	645
889	650
889	728
889	730
889	744
889	789
889	829
889	836
889	868
889	882
889	940
889	950
889	962
889	971
889	974
889	981
890	118
890	308
890	321
890	357
890	368
890	393
890	400
890	488
890	520
890	622
890	681
890	733
890	783
890	784
890	809
890	938
890	947
890	951
890	963
890	965
890	993
891	187
891	254
891	291
891	410
891	466
891	566
891	612
891	656
891	663
891	700
891	708
891	751
891	847
891	857
891	914
891	938
891	947
891	961
891	975
891	979
891	983
892	38
892	57
892	146
892	453
892	517
892	532
892	554
892	628
892	649
892	698
892	767
892	781
892	785
892	802
892	880
892	886
892	894
892	896
892	924
892	961
892	993
892	1000
893	112
893	167
893	408
893	542
893	592
893	657
893	682
893	684
893	696
893	722
893	771
893	852
893	855
893	864
893	871
893	881
893	901
893	918
893	922
893	969
893	970
893	977
894	92
894	234
894	312
894	363
894	447
894	553
894	653
894	736
894	743
894	815
894	819
894	839
894	849
894	850
894	851
894	892
894	910
894	952
894	958
894	963
894	984
894	995
895	82
895	106
895	119
895	139
895	144
895	231
895	277
895	325
895	367
895	369
895	459
895	530
895	591
895	627
895	640
895	739
895	748
895	786
895	852
895	865
895	906
895	969
896	65
896	111
896	205
896	258
896	338
896	374
896	487
896	527
896	605
896	649
896	718
896	724
896	755
896	768
896	781
896	802
896	846
896	875
896	892
896	920
896	948
896	959
897	136
897	195
897	538
897	597
897	635
897	846
897	874
897	885
897	908
897	926
897	927
897	929
897	936
897	941
897	942
897	943
897	950
897	983
897	989
897	990
897	994
897	996
898	14
898	123
898	221
898	268
898	341
898	344
898	416
898	463
898	470
898	603
898	709
898	745
898	772
898	782
898	830
898	844
898	867
898	904
898	917
898	950
898	964
898	967
898	986
899	38
899	261
899	280
899	309
899	394
899	412
899	420
899	486
899	505
899	573
899	604
899	609
899	665
899	667
899	668
899	706
899	756
899	760
899	794
899	837
899	910
899	912
899	923
900	50
900	114
900	192
900	295
900	296
900	319
900	322
900	342
900	356
900	379
900	447
900	564
900	595
900	596
900	602
900	611
900	663
900	697
900	769
900	807
900	855
900	866
900	943
901	81
901	104
901	191
901	259
901	392
901	408
901	499
901	511
901	534
901	592
901	682
901	683
901	691
901	722
901	766
901	852
901	893
901	918
901	919
901	941
901	969
901	970
901	977
902	5
902	23
902	210
902	256
902	351
902	421
902	428
902	535
902	660
902	740
902	752
902	753
902	805
902	807
902	872
902	877
902	879
902	913
902	919
902	980
902	981
902	988
902	1000
903	102
903	215
903	435
903	534
903	570
903	574
903	659
903	672
903	686
903	775
903	777
903	795
903	834
903	853
903	854
903	915
903	923
903	929
903	939
903	960
903	965
903	987
903	996
904	89
904	96
904	197
904	248
904	415
904	416
904	470
904	471
904	536
904	646
904	660
904	666
904	714
904	721
904	844
904	848
904	898
904	914
904	917
904	932
904	964
904	967
904	983
905	108
905	137
905	212
905	213
905	343
905	346
905	513
905	544
905	690
905	716
905	772
905	803
905	808
905	814
905	845
905	846
905	885
905	943
905	946
905	950
905	953
905	974
905	989
905	990
906	116
906	131
906	151
906	182
906	230
906	244
906	294
906	304
906	326
906	360
906	683
906	701
906	713
906	763
906	788
906	831
906	833
906	862
906	878
906	895
906	912
906	925
906	933
906	988
907	66
907	132
907	246
907	275
907	286
907	311
907	328
907	550
907	552
907	601
907	623
907	636
907	702
907	813
907	824
907	847
907	860
907	920
907	960
907	964
907	966
907	995
907	997
907	999
908	42
908	136
908	213
908	267
908	398
908	543
908	544
908	565
908	654
908	766
908	817
908	841
908	843
908	846
908	885
908	897
908	924
908	941
908	942
908	961
908	989
908	990
908	991
908	994
909	12
909	80
909	110
909	197
909	225
909	233
909	235
909	289
909	301
909	438
909	461
909	546
909	594
909	629
909	657
909	798
909	826
909	873
909	881
909	934
909	940
909	949
909	962
909	979
910	22
910	56
910	157
910	297
910	413
910	458
910	459
910	578
910	673
910	706
910	731
910	736
910	754
910	786
910	803
910	815
910	858
910	894
910	899
910	937
910	963
910	984
910	990
910	995
911	220
911	236
911	251
911	262
911	274
911	281
911	323
911	327
911	371
911	437
911	441
911	517
911	614
911	631
911	655
911	685
911	699
911	726
911	734
911	778
911	786
911	822
911	871
911	983
912	121
912	155
912	174
912	283
912	349
912	486
912	551
912	599
912	633
912	672
912	711
912	746
912	777
912	795
912	848
912	867
912	899
912	906
912	915
912	923
912	939
912	955
912	984
912	996
913	34
913	79
913	172
913	391
913	576
913	587
913	588
913	635
913	647
913	728
913	796
913	808
913	824
913	863
913	872
913	875
913	877
913	879
913	902
913	934
913	955
913	975
913	981
913	1000
914	166
914	254
914	374
914	402
914	415
914	419
914	485
914	530
914	639
914	700
914	708
914	720
914	821
914	847
914	857
914	891
914	904
914	931
914	938
914	961
914	965
914	967
914	979
914	983
915	87
915	121
915	179
915	227
915	375
915	496
915	510
915	521
915	607
915	646
915	659
915	777
915	820
915	834
915	854
915	863
915	903
915	912
915	923
915	939
915	953
915	956
915	967
915	987
915	996
916	18
916	72
916	78
916	134
916	271
916	288
916	294
916	304
916	320
916	373
916	390
916	460
916	492
916	572
916	638
916	713
916	744
916	804
916	833
916	856
916	862
916	925
916	934
916	962
916	985
917	43
917	90
917	147
917	179
917	275
917	303
917	407
917	529
917	567
917	603
917	634
917	694
917	709
917	745
917	799
917	816
917	844
917	888
917	898
917	904
917	932
917	943
917	964
917	967
917	986
918	19
918	329
918	399
918	474
918	499
918	513
918	665
918	682
918	696
918	722
918	723
918	761
918	765
918	771
918	806
918	864
918	870
918	881
918	893
918	901
918	968
918	969
918	970
918	977
918	983
919	285
919	489
919	535
919	555
919	576
919	600
919	654
919	660
919	686
919	712
919	715
919	740
919	761
919	796
919	818
919	835
919	861
919	875
919	877
919	901
919	902
919	955
919	975
919	981
919	1000
920	1
920	23
920	35
920	205
920	287
920	422
920	433
920	436
920	523
920	531
920	554
920	656
920	678
920	776
920	791
920	802
920	828
920	880
920	886
920	896
920	907
920	928
920	930
920	959
920	993
921	156
921	199
921	319
921	606
921	621
921	622
921	667
921	674
921	678
921	739
921	747
921	759
921	777
921	811
921	817
921	843
921	845
921	850
921	851
921	885
921	926
921	929
921	941
921	953
921	989
921	994
922	194
922	210
922	236
922	251
922	260
922	262
922	274
922	281
922	327
922	347
922	371
922	431
922	437
922	449
922	517
922	548
922	581
922	614
922	655
922	685
922	726
922	768
922	786
922	837
922	871
922	893
923	99
923	136
923	152
923	193
923	227
923	245
923	264
923	402
923	435
923	486
923	528
923	534
923	652
923	669
923	711
923	758
923	780
923	787
923	854
923	899
923	903
923	912
923	915
923	939
923	987
923	996
924	91
924	149
924	422
924	430
924	445
924	472
924	495
924	523
924	527
924	584
924	628
924	664
924	767
924	768
924	770
924	776
924	808
924	853
924	892
924	908
924	928
924	958
924	959
924	973
924	993
924	1000
925	67
925	107
925	138
925	181
925	182
925	218
925	230
925	244
925	289
925	373
925	389
925	405
925	439
925	444
925	507
925	559
925	713
925	718
925	811
925	814
925	876
925	906
925	916
925	979
925	985
925	988
926	108
926	306
926	331
926	346
926	353
926	446
926	511
926	632
926	662
926	674
926	678
926	682
926	759
926	829
926	833
926	845
926	885
926	897
926	921
926	927
926	929
926	941
926	942
926	943
926	953
926	989
926	994
927	228
927	310
927	343
927	371
927	480
927	501
927	565
927	597
927	608
927	622
927	653
927	779
927	834
927	843
927	846
927	855
927	885
927	897
927	926
927	929
927	941
927	947
927	953
927	989
927	990
927	991
927	994
928	2
928	149
928	205
928	225
928	258
928	414
928	453
928	527
928	560
928	679
928	724
928	732
928	755
928	768
928	776
928	785
928	826
928	853
928	920
928	924
928	930
928	943
928	964
928	973
928	985
928	993
928	996
929	16
929	68
929	199
929	222
929	270
929	398
929	446
929	595
929	662
929	678
929	811
929	814
929	845
929	855
929	885
929	897
929	903
929	921
929	926
929	927
929	935
929	937
929	942
929	943
929	953
929	980
929	990
930	1
930	75
930	308
930	386
930	453
930	495
930	554
930	628
930	649
930	688
930	698
930	755
930	767
930	770
930	781
930	791
930	799
930	826
930	834
930	853
930	920
930	928
930	936
930	959
930	989
930	993
930	997
931	11
931	70
931	250
931	383
931	409
931	421
931	427
931	485
931	530
931	639
931	642
931	656
931	700
931	708
931	720
931	751
931	801
931	821
931	847
931	857
931	867
931	888
931	914
931	938
931	961
931	979
931	983
931	999
932	14
932	40
932	67
932	96
932	154
932	303
932	344
932	415
932	470
932	569
932	590
932	603
932	666
932	705
932	709
932	714
932	745
932	830
932	832
932	839
932	844
932	846
932	888
932	904
932	917
932	964
932	967
932	977
932	986
933	234
933	241
933	247
933	285
933	307
933	312
933	340
933	347
933	380
933	454
933	516
933	628
933	676
933	738
933	741
933	757
933	765
933	789
933	860
933	882
933	883
933	906
933	944
933	945
933	962
933	968
933	982
933	992
933	996
934	12
934	46
934	110
934	226
934	233
934	301
934	317
934	322
934	352
934	438
934	442
934	461
934	504
934	509
934	546
934	585
934	594
934	616
934	629
934	657
934	675
934	742
934	798
934	856
934	873
934	909
934	913
934	916
934	940
934	949
935	59
935	64
935	279
935	293
935	383
935	473
935	479
935	483
935	484
935	541
935	547
935	606
935	626
935	630
935	641
935	669
935	725
935	829
935	842
935	849
935	869
935	929
935	948
935	954
935	960
935	972
935	976
935	987
935	991
935	994
936	9
936	36
936	282
936	332
936	476
936	527
936	556
936	600
936	610
936	615
936	624
936	636
936	661
936	687
936	703
936	717
936	732
936	749
936	793
936	810
936	848
936	861
936	897
936	930
936	946
936	956
936	971
936	980
936	994
936	998
937	33
937	62
937	94
937	108
937	339
937	387
937	447
937	465
937	553
937	575
937	578
937	586
937	598
937	618
937	719
937	736
937	754
937	851
937	853
937	859
937	874
937	910
937	929
937	952
937	957
937	958
937	963
937	977
937	984
937	995
938	22
938	64
938	135
938	187
938	250
938	291
938	305
938	379
938	419
938	628
938	642
938	656
938	700
938	708
938	720
938	736
938	751
938	801
938	813
938	835
938	841
938	857
938	890
938	891
938	914
938	931
938	942
938	961
938	979
938	983
939	3
939	117
939	133
939	161
939	245
939	264
939	396
939	462
939	501
939	521
939	528
939	577
939	711
939	753
939	777
939	780
939	787
939	824
939	832
939	834
939	854
939	858
939	903
939	912
939	915
939	923
939	987
939	996
939	997
939	999
940	110
940	226
940	233
940	235
940	289
940	317
940	352
940	430
940	438
940	461
940	504
940	546
940	585
940	594
940	616
940	623
940	629
940	657
940	668
940	702
940	742
940	789
940	798
940	873
940	887
940	889
940	909
940	934
940	949
940	963
941	212
941	319
941	354
941	472
941	491
941	538
941	622
941	674
941	690
941	702
941	716
941	742
941	759
941	811
941	814
941	845
941	846
941	854
941	897
941	901
941	908
941	921
941	926
941	927
941	942
941	943
941	950
941	953
941	989
941	994
942	163
942	195
942	266
942	328
942	411
942	524
942	608
942	622
942	642
942	661
942	662
942	690
942	771
942	772
942	811
942	843
942	846
942	874
942	885
942	897
942	908
942	926
942	929
942	938
942	941
942	943
942	953
942	974
942	990
942	994
943	137
943	213
943	222
943	306
943	309
943	429
943	475
943	538
943	597
943	653
943	716
943	717
943	759
943	766
943	783
943	814
943	817
943	845
943	897
943	900
943	905
943	917
943	926
943	928
943	929
943	941
943	942
943	953
943	989
943	990
943	994
944	17
944	21
944	307
944	373
944	427
944	442
944	519
944	522
944	704
944	737
944	738
944	750
944	778
944	812
944	831
944	832
944	868
944	882
944	883
944	884
944	933
944	945
944	962
944	968
944	972
944	973
944	974
944	982
944	990
944	992
944	998
945	15
945	224
945	229
945	368
945	380
945	464
945	496
945	526
945	597
945	641
945	650
945	659
945	704
945	737
945	738
945	741
945	757
945	773
945	823
945	827
945	829
945	832
945	836
945	882
945	933
945	944
945	950
945	968
945	974
945	982
945	987
945	992
946	9
946	36
946	44
946	164
946	332
946	364
946	387
946	457
946	468
946	582
946	624
946	687
946	695
946	704
946	717
946	727
946	732
946	749
946	762
946	774
946	792
946	799
946	818
946	848
946	870
946	887
946	905
946	936
946	965
946	976
946	980
946	998
947	20
947	25
947	31
947	75
947	77
947	252
947	263
947	321
947	341
947	400
947	425
947	488
947	506
947	520
947	570
947	580
947	643
947	681
947	729
947	733
947	783
947	784
947	797
947	805
947	809
947	858
947	868
947	890
947	891
947	927
947	951
947	965
948	115
948	150
948	180
948	201
948	206
948	302
948	336
948	346
948	350
948	379
948	423
948	484
948	508
948	537
948	541
948	566
948	606
948	626
948	630
948	641
948	664
948	725
948	812
948	842
948	849
948	869
948	896
948	935
948	954
948	972
948	976
948	981
948	991
949	12
949	46
949	80
949	110
949	233
949	235
949	289
949	301
949	317
949	352
949	438
949	461
949	504
949	546
949	585
949	594
949	616
949	629
949	657
949	688
949	742
949	750
949	761
949	777
949	794
949	798
949	870
949	873
949	909
949	934
949	940
949	971
949	994
950	10
950	15
950	58
950	95
950	177
950	385
950	526
950	583
950	597
950	626
950	704
950	730
950	741
950	744
950	757
950	773
950	778
950	823
950	829
950	883
950	889
950	897
950	898
950	905
950	941
950	945
950	962
950	968
950	971
950	974
950	978
950	990
950	992
951	30
951	75
951	77
951	113
951	252
951	263
951	308
951	321
951	368
951	400
951	425
951	426
951	506
951	520
951	539
951	579
951	643
951	664
951	681
951	733
951	783
951	784
951	794
951	805
951	809
951	820
951	858
951	890
951	947
951	965
951	981
951	993
951	1000
952	6
952	122
952	200
952	223
952	298
952	345
952	359
952	392
952	406
952	458
952	563
952	579
952	580
952	706
952	736
952	743
952	754
952	797
952	800
952	803
952	815
952	819
952	850
952	851
952	894
952	937
952	957
952	958
952	963
952	984
952	991
952	995
952	997
953	118
953	214
953	228
953	306
953	310
953	327
953	481
953	524
953	674
953	721
953	766
953	803
953	814
953	817
953	830
953	843
953	845
953	846
953	855
953	869
953	874
953	905
953	915
953	921
953	926
953	927
953	929
953	941
953	942
953	943
953	989
953	990
953	994
954	102
954	202
954	206
954	279
954	302
954	314
954	336
954	423
954	441
954	450
954	473
954	479
954	508
954	541
954	606
954	630
954	636
954	661
954	664
954	669
954	693
954	710
954	725
954	810
954	842
954	849
954	865
954	869
954	872
954	935
954	948
954	972
954	976
954	991
955	13
955	143
955	256
955	313
955	338
955	467
955	489
955	555
955	576
955	625
955	637
955	644
955	660
955	692
955	712
955	715
955	740
955	753
955	796
955	807
955	808
955	838
955	863
955	872
955	875
955	879
955	912
955	913
955	919
955	973
955	975
955	981
955	988
955	998
956	79
956	161
956	239
956	315
956	348
956	364
956	384
956	427
956	441
956	451
956	457
956	469
956	505
956	512
956	545
956	549
956	571
956	610
956	661
956	762
956	792
956	793
956	810
956	825
956	835
956	842
956	848
956	870
956	887
956	915
956	936
956	980
956	981
956	998
957	32
957	240
957	345
957	387
957	458
957	459
957	476
957	578
957	672
957	696
957	731
957	736
957	743
957	745
957	754
957	755
957	792
957	797
957	803
957	815
957	819
957	820
957	822
957	839
957	843
957	850
957	851
957	859
957	937
957	952
957	958
957	963
957	984
957	995
958	6
958	32
958	33
958	103
958	122
958	240
958	280
958	339
958	378
958	387
958	447
958	598
958	604
958	743
958	754
958	780
958	790
958	797
958	803
958	815
958	819
958	839
958	850
958	859
958	879
958	894
958	924
958	937
958	952
958	957
958	963
958	984
958	992
958	995
959	57
959	109
959	183
959	270
959	273
959	359
959	398
959	401
959	411
959	412
959	445
959	475
959	479
959	527
959	532
959	554
959	584
959	605
959	679
959	698
959	755
959	767
959	799
959	826
959	831
959	863
959	880
959	896
959	920
959	924
959	930
959	968
959	973
959	987
959	993
960	12
960	63
960	142
960	162
960	242
960	286
960	311
960	393
960	432
960	503
960	522
960	550
960	552
960	568
960	574
960	585
960	589
960	610
960	632
960	634
960	694
960	702
960	734
960	750
960	813
960	868
960	884
960	903
960	907
960	935
960	966
960	978
960	992
960	997
960	999
961	11
961	64
961	85
961	173
961	254
961	305
961	379
961	409
961	419
961	485
961	518
961	530
961	537
961	639
961	642
961	700
961	708
961	720
961	732
961	751
961	801
961	821
961	847
961	857
961	891
961	892
961	908
961	914
961	931
961	938
961	971
961	979
961	982
961	983
961	1000
962	21
962	95
962	98
962	168
962	175
962	196
962	287
962	347
962	443
962	449
962	477
962	496
962	509
962	516
962	640
962	645
962	660
962	730
962	744
962	765
962	812
962	829
962	865
962	882
962	883
962	889
962	909
962	916
962	933
962	944
962	950
962	968
962	971
962	982
962	986
963	4
963	8
963	62
963	122
963	174
963	223
963	284
963	297
963	312
963	339
963	382
963	387
963	413
963	458
963	497
963	575
963	580
963	706
963	797
963	803
963	819
963	850
963	851
963	859
963	875
963	890
963	894
963	910
963	937
963	940
963	952
963	957
963	958
963	968
963	983
963	995
964	74
964	96
964	123
964	170
964	303
964	344
964	421
964	470
964	529
964	536
964	555
964	567
964	569
964	603
964	694
964	705
964	709
964	714
964	718
964	721
964	738
964	779
964	786
964	830
964	844
964	856
964	870
964	888
964	898
964	904
964	907
964	917
964	928
964	932
964	967
964	986
964	993
965	3
965	20
965	25
965	77
965	111
965	113
965	118
965	240
965	263
965	308
965	357
965	368
965	488
965	506
965	520
965	539
965	579
965	643
965	681
965	722
965	729
965	733
965	756
965	783
965	784
965	797
965	805
965	809
965	839
965	858
965	890
965	903
965	914
965	946
965	947
965	951
965	969
966	51
966	132
966	142
966	242
966	328
966	335
966	444
966	501
966	520
966	533
966	552
966	568
966	574
966	588
966	589
966	593
966	602
966	623
966	634
966	636
966	652
966	681
966	689
966	702
966	734
966	793
966	813
966	859
966	860
966	884
966	907
966	960
966	971
966	978
966	984
966	993
966	997
966	999
967	49
967	89
967	90
967	147
967	154
967	208
967	268
967	344
967	395
967	416
967	421
967	471
967	482
967	529
967	536
967	694
967	705
967	709
967	714
967	721
967	745
967	747
967	779
967	810
967	830
967	844
967	867
967	888
967	898
967	904
967	914
967	915
967	917
967	932
967	964
967	968
967	976
967	986
968	39
968	71
968	105
968	155
968	247
968	418
968	442
968	443
968	500
968	519
968	626
968	704
968	735
968	736
968	737
968	756
968	757
968	773
968	789
968	829
968	830
968	831
968	832
968	868
968	883
968	918
968	933
968	944
968	945
968	950
968	959
968	962
968	963
968	967
968	971
968	974
968	982
968	992
969	120
969	129
969	149
969	191
969	255
969	259
969	331
969	334
969	355
969	362
969	392
969	407
969	432
969	456
969	474
969	560
969	578
969	592
969	683
969	691
969	693
969	696
969	707
969	722
969	723
969	742
969	764
969	771
969	806
969	846
969	864
969	881
969	893
969	895
969	901
969	918
969	965
969	977
970	81
970	86
970	104
970	143
970	237
970	323
970	329
970	330
970	356
970	382
970	399
970	407
970	429
970	435
970	455
970	474
970	523
970	558
970	561
970	562
970	592
970	644
970	684
970	696
970	707
970	722
970	723
970	738
970	747
970	764
970	771
970	806
970	881
970	893
970	901
970	918
970	977
970	988
971	17
971	53
971	165
971	229
971	243
971	344
971	358
971	386
971	404
971	418
971	427
971	443
971	449
971	468
971	477
971	496
971	500
971	505
971	737
971	765
971	773
971	789
971	812
971	823
971	831
971	832
971	868
971	883
971	889
971	936
971	949
971	950
971	961
971	962
971	966
971	968
971	974
971	992
971	998
972	99
972	150
972	180
972	206
972	279
972	293
972	302
972	336
972	350
972	383
972	473
972	479
972	483
972	484
972	541
972	547
972	550
972	606
972	630
972	641
972	664
972	669
972	691
972	723
972	725
972	741
972	773
972	804
972	828
972	842
972	849
972	869
972	935
972	944
972	948
972	954
972	975
972	976
972	991
973	2
973	57
973	148
973	160
973	190
973	205
973	263
973	329
973	363
973	430
973	431
973	472
973	487
973	495
973	498
973	523
973	527
973	531
973	629
973	679
973	698
973	724
973	754
973	755
973	770
973	776
973	781
973	791
973	826
973	853
973	874
973	886
973	924
973	928
973	944
973	955
973	959
973	993
973	1000
974	14
974	53
974	70
974	124
974	168
974	234
974	340
974	380
974	385
974	386
974	449
974	487
974	509
974	519
974	583
974	617
974	624
974	626
974	650
974	713
974	741
974	825
974	831
974	832
974	836
974	879
974	882
974	883
974	889
974	905
974	942
974	944
974	945
974	950
974	968
974	971
974	982
974	989
974	992
975	5
975	159
975	195
975	198
975	211
975	245
975	256
975	351
975	433
975	463
975	465
975	467
975	480
975	535
975	555
975	625
975	637
975	654
975	660
975	675
975	712
975	715
975	728
975	753
975	763
975	785
975	818
975	869
975	875
975	879
975	880
975	891
975	913
975	919
975	955
975	972
975	981
975	984
975	1000
976	99
976	102
976	115
976	150
976	201
976	314
976	336
976	383
976	423
976	441
976	450
976	483
976	484
976	508
976	541
976	547
976	629
976	630
976	641
976	656
976	664
976	669
976	671
976	694
976	708
976	725
976	768
976	771
976	842
976	849
976	869
976	935
976	946
976	948
976	954
976	967
976	972
976	991
976	997
977	19
977	86
977	143
977	176
977	194
977	237
977	255
977	259
977	330
977	334
977	355
977	382
977	451
977	513
977	515
977	542
977	558
977	560
977	561
977	583
977	684
977	696
977	707
977	722
977	723
977	764
977	768
977	771
977	806
977	819
977	893
977	901
977	918
977	932
977	937
977	969
977	970
977	982
977	985
978	24
978	32
978	63
978	76
978	92
978	158
978	189
978	242
978	311
978	324
978	335
978	432
978	464
978	501
978	503
978	533
978	552
978	574
978	588
978	599
978	632
978	641
978	652
978	702
978	712
978	734
978	813
978	817
978	824
978	841
978	851
978	860
978	884
978	888
978	950
978	960
978	966
978	985
978	997
978	999
979	22
979	135
979	166
979	173
979	250
979	254
979	261
979	291
979	305
979	379
979	385
979	419
979	485
979	530
979	566
979	599
979	612
979	639
979	656
979	700
979	708
979	720
979	751
979	801
979	805
979	815
979	821
979	838
979	847
979	848
979	857
979	891
979	909
979	914
979	925
979	931
979	938
979	961
979	983
979	992
980	36
980	97
980	113
980	232
980	248
980	249
980	332
980	366
980	377
980	408
980	411
980	418
980	451
980	468
980	478
980	481
980	542
980	549
980	572
980	582
980	610
980	687
980	693
980	695
980	703
980	761
980	762
980	795
980	810
980	825
980	835
980	848
980	861
980	870
980	887
980	902
980	929
980	936
980	946
980	956
980	995
981	47
981	172
981	177
981	190
981	198
981	200
981	238
981	351
981	480
981	587
981	653
981	654
981	660
981	675
981	710
981	715
981	728
981	740
981	753
981	761
981	771
981	785
981	796
981	807
981	813
981	818
981	863
981	872
981	875
981	877
981	879
981	889
981	902
981	913
981	919
981	948
981	951
981	955
981	956
981	975
981	993
982	45
982	58
982	69
982	70
982	95
982	98
982	105
982	165
982	234
982	246
982	251
982	285
982	346
982	427
982	442
982	526
982	626
982	668
982	722
982	730
982	737
982	738
982	740
982	757
982	765
982	778
982	789
982	806
982	829
982	832
982	836
982	882
982	883
982	933
982	944
982	945
982	961
982	962
982	968
982	974
982	977
982	992
983	11
983	64
983	85
983	135
983	166
983	173
983	187
983	250
983	254
983	283
983	291
983	297
983	305
983	379
983	409
983	530
983	566
983	612
983	639
983	642
983	656
983	694
983	701
983	708
983	720
983	751
983	801
983	808
983	821
983	847
983	857
983	891
983	897
983	904
983	911
983	914
983	918
983	931
983	938
983	961
983	963
983	979
984	4
984	8
984	103
984	223
984	257
984	286
984	297
984	312
984	339
984	413
984	447
984	459
984	567
984	575
984	598
984	618
984	706
984	719
984	731
984	736
984	743
984	754
984	803
984	817
984	839
984	850
984	851
984	859
984	882
984	888
984	894
984	910
984	912
984	937
984	952
984	957
984	958
984	966
984	975
984	991
984	995
984	1000
985	63
985	116
985	126
985	130
985	151
985	168
985	175
985	182
985	219
985	271
985	294
985	320
985	326
985	360
985	373
985	389
985	390
985	439
985	559
985	583
985	613
985	638
985	701
985	713
985	718
985	759
985	763
985	767
985	785
985	788
985	801
985	816
985	833
985	842
985	856
985	862
985	876
985	916
985	925
985	928
985	977
985	978
985	988
986	14
986	43
986	74
986	89
986	90
986	170
986	179
986	197
986	290
986	303
986	341
986	395
986	415
986	421
986	454
986	471
986	482
986	513
986	529
986	536
986	567
986	569
986	572
986	666
986	705
986	714
986	718
986	721
986	735
986	743
986	745
986	779
986	825
986	830
986	844
986	866
986	888
986	898
986	917
986	932
986	962
986	964
986	967
987	27
987	69
987	107
987	125
987	145
987	155
987	215
987	227
987	278
987	462
987	521
987	551
987	570
987	590
987	599
987	633
987	656
987	658
987	659
987	672
987	686
987	690
987	709
987	737
987	746
987	758
987	760
987	775
987	777
987	780
987	824
987	832
987	834
987	854
987	881
987	903
987	915
987	923
987	935
987	939
987	945
987	959
987	996
988	18
988	28
988	88
988	126
988	127
988	130
988	175
988	219
988	244
988	271
988	287
988	294
988	298
988	326
988	330
988	358
988	405
988	439
988	511
988	527
988	559
988	573
988	638
988	682
988	695
988	701
988	718
988	763
988	782
988	788
988	804
988	816
988	833
988	856
988	862
988	876
988	881
988	902
988	906
988	925
988	955
988	970
988	985
989	84
989	156
989	163
989	304
989	460
989	467
989	497
989	524
989	538
989	543
989	608
989	621
989	662
989	670
989	674
989	678
989	723
989	747
989	759
989	766
989	772
989	781
989	782
989	790
989	811
989	814
989	845
989	874
989	885
989	887
989	897
989	905
989	908
989	921
989	926
989	927
989	930
989	941
989	943
989	953
989	974
989	990
989	994
990	167
990	199
990	222
990	266
990	346
990	353
990	403
990	410
990	413
990	543
990	544
990	577
990	609
990	653
990	662
990	670
990	677
990	678
990	704
990	747
990	766
990	772
990	791
990	792
990	811
990	814
990	817
990	843
990	845
990	846
990	874
990	897
990	905
990	908
990	910
990	927
990	929
990	942
990	943
990	944
990	950
990	953
990	989
990	992
990	994
991	59
991	99
991	115
991	180
991	184
991	201
991	279
991	293
991	302
991	314
991	350
991	381
991	383
991	423
991	434
991	441
991	450
991	458
991	473
991	479
991	483
991	484
991	508
991	541
991	545
991	547
991	606
991	630
991	641
991	664
991	669
991	685
991	725
991	842
991	849
991	857
991	869
991	908
991	927
991	935
991	948
991	952
991	954
991	972
991	976
991	984
992	17
992	106
992	133
992	150
992	196
992	243
992	247
992	340
992	427
992	443
992	477
992	502
992	509
992	519
992	526
992	562
992	617
992	620
992	645
992	650
992	727
992	730
992	737
992	741
992	757
992	789
992	812
992	821
992	823
992	829
992	832
992	836
992	868
992	883
992	933
992	944
992	945
992	950
992	958
992	960
992	968
992	971
992	974
992	979
992	982
992	990
992	998
993	1
993	7
993	48
993	186
993	252
993	338
993	374
993	401
993	422
993	430
993	431
993	436
993	472
993	475
993	487
993	498
993	502
993	531
993	532
993	584
993	605
993	624
993	698
993	706
993	724
993	755
993	767
993	770
993	776
993	781
993	826
993	837
993	853
993	880
993	886
993	890
993	892
993	920
993	924
993	928
993	930
993	951
993	959
993	964
993	966
993	973
993	981
994	37
994	83
994	109
994	167
994	195
994	228
994	300
994	306
994	343
994	354
994	410
994	510
994	524
994	565
994	594
994	606
994	622
994	653
994	670
994	674
994	678
994	690
994	709
994	720
994	747
994	759
994	766
994	772
994	811
994	814
994	843
994	845
994	846
994	874
994	897
994	908
994	921
994	926
994	927
994	935
994	936
994	941
994	942
994	943
994	949
994	953
994	989
994	990
995	52
995	103
995	157
995	240
995	257
995	280
995	363
995	413
995	447
995	459
995	476
995	535
995	550
995	553
995	575
995	578
995	580
995	618
995	647
995	706
995	719
995	731
995	736
995	743
995	754
995	759
995	773
995	797
995	803
995	815
995	819
995	825
995	839
995	843
995	850
995	851
995	859
995	870
995	894
995	907
995	910
995	937
995	952
995	957
995	958
995	963
995	980
995	984
996	51
996	69
996	93
996	117
996	121
996	140
996	155
996	161
996	171
996	193
996	278
996	283
996	337
996	370
996	375
996	402
996	406
996	462
996	465
996	466
996	521
996	528
996	534
996	558
996	577
996	599
996	607
996	646
996	659
996	699
996	706
996	711
996	746
996	780
996	787
996	824
996	834
996	854
996	860
996	877
996	897
996	903
996	912
996	915
996	923
996	928
996	933
996	939
996	987
997	16
997	51
997	76
997	92
997	142
997	158
997	162
997	246
997	275
997	311
997	335
997	361
997	393
997	420
997	422
997	432
997	501
997	522
997	540
997	550
997	552
997	568
997	574
997	588
997	589
997	593
997	601
997	623
997	632
997	634
997	636
997	699
997	750
997	793
997	813
997	841
997	860
997	864
997	884
997	907
997	930
997	939
997	952
997	960
997	966
997	976
997	978
997	999
997	1000
998	54
998	60
998	68
998	91
998	152
998	239
998	248
998	292
998	361
998	370
998	377
998	384
998	457
998	462
998	468
998	469
998	493
998	504
998	543
998	545
998	556
998	563
998	571
998	582
998	610
998	615
998	624
998	637
998	661
998	693
998	703
998	717
998	727
998	732
998	793
998	810
998	825
998	835
998	838
998	848
998	854
998	887
998	936
998	944
998	946
998	955
998	956
998	971
998	992
999	4
999	26
999	51
999	76
999	132
999	242
999	275
999	286
999	328
999	335
999	360
999	393
999	394
999	440
999	444
999	464
999	503
999	522
999	533
999	540
999	550
999	568
999	574
999	586
999	588
999	589
999	593
999	601
999	625
999	632
999	634
999	636
999	652
999	702
999	750
999	804
999	813
999	841
999	845
999	860
999	863
999	884
999	907
999	931
999	939
999	960
999	966
999	978
999	997
1000	5
1000	13
1000	45
1000	47
1000	159
1000	209
1000	211
1000	238
1000	253
1000	256
1000	269
1000	388
1000	424
1000	463
1000	467
1000	489
1000	492
1000	587
1000	592
1000	625
1000	675
1000	692
1000	712
1000	728
1000	737
1000	740
1000	752
1000	753
1000	796
1000	807
1000	808
1000	836
1000	838
1000	863
1000	866
1000	872
1000	875
1000	877
1000	879
1000	892
1000	902
1000	913
1000	919
1000	924
1000	951
1000	961
1000	973
1000	975
1000	984
1000	997
