1	624
1	636
1	729
1	915
2	666
2	785
2	799
2	892
3	889
3	961
3	971
3	984
4	715
4	918
4	976
4	990
5	139
5	717
5	914
5	1000
6	510
6	836
6	940
6	953
7	207
7	786
7	893
7	935
8	580
8	893
8	917
8	935
9	338
9	544
9	795
9	926
10	751
10	843
10	987
10	994
11	299
11	704
11	982
11	988
12	504
12	929
12	938
12	987
13	106
13	209
13	641
13	934
14	805
14	967
14	983
14	994
15	341
15	805
15	875
15	985
16	441
16	826
16	929
16	982
17	594
17	795
17	880
17	997
18	578
18	675
18	758
18	935
19	158
19	781
19	965
19	999
20	372
20	840
20	905
20	936
21	196
21	937
21	972
21	995
22	230
22	899
22	958
22	977
23	209
23	736
23	886
23	942
24	933
24	959
24	979
24	995
25	203
25	370
25	750
25	955
26	626
26	753
26	856
26	935
27	72
27	630
27	964
27	995
28	382
28	731
28	881
28	967
29	630
29	882
29	914
29	964
30	469
30	936
30	993
30	998
31	657
31	829
31	909
31	989
32	471
32	632
32	805
32	911
33	664
33	882
33	903
33	990
34	245
34	579
34	858
34	897
35	547
35	912
35	933
35	960
36	424
36	597
36	811
36	968
37	416
37	794
37	910
37	964
38	463
38	660
38	676
38	944
39	112
39	730
39	938
39	973
40	505
40	785
40	947
40	988
41	654
41	774
41	925
41	981
42	295
42	504
42	875
42	972
43	862
43	888
43	914
43	970
44	490
44	592
44	685
44	850
45	156
45	514
45	755
45	900
46	239
46	852
46	926
46	968
47	441
47	845
47	871
47	995
48	860
48	879
48	913
48	949
49	631
49	848
49	985
49	993
50	117
50	793
50	827
50	984
51	730
51	852
51	956
51	986
52	551
52	887
52	984
52	996
53	354
53	884
53	923
53	966
54	199
54	206
54	649
54	970
55	843
55	850
55	890
55	914
56	644
56	873
56	921
56	923
57	645
57	800
57	831
57	988
58	104
58	914
58	924
58	967
59	114
59	891
59	946
59	998
60	735
60	792
60	919
60	981
61	331
61	872
61	951
61	987
62	774
62	881
62	923
62	967
63	404
63	476
63	974
63	979
64	802
64	907
64	944
64	998
65	945
65	957
65	978
65	998
66	623
66	824
66	908
66	983
67	743
67	785
67	879
67	929
68	100
68	475
68	957
68	988
69	657
69	688
69	924
69	967
70	806
70	858
70	895
70	944
71	747
71	882
71	910
71	977
72	27
72	192
72	334
72	883
73	191
73	728
73	846
73	888
74	502
74	893
74	905
74	935
75	293
75	486
75	777
75	986
76	254
76	548
76	723
76	985
77	442
77	512
77	953
77	979
78	428
78	934
78	948
78	992
79	585
79	909
79	964
79	990
80	401
80	449
80	774
80	945
81	123
81	648
81	840
81	895
82	587
82	875
82	943
82	971
83	769
83	816
83	871
83	964
84	611
84	802
84	846
84	944
85	127
85	877
85	977
85	990
86	175
86	558
86	918
86	983
87	553
87	649
87	920
87	963
88	554
88	872
88	888
88	938
89	749
89	970
89	976
89	1000
90	271
90	609
90	921
90	995
91	567
91	584
91	937
91	941
92	845
92	965
92	973
92	980
93	467
93	685
93	749
93	914
94	528
94	721
94	925
94	991
95	557
95	848
95	876
95	939
96	534
96	867
96	986
96	989
97	684
97	790
97	905
97	910
98	302
98	739
98	809
98	980
99	491
99	746
99	851
99	905
100	68
100	332
100	743
100	913
101	234
101	879
101	913
101	999
102	320
102	829
102	876
102	895
103	812
103	863
103	964
103	990
104	58
104	588
104	862
104	943
105	884
105	946
105	991
105	995
106	13
106	418
106	760
106	954
107	347
107	802
107	897
107	931
108	165
108	385
108	589
108	862
109	375
109	832
109	842
109	978
110	901
110	970
110	994
110	1000
111	524
111	569
111	715
111	874
112	39
112	449
112	480
112	901
113	627
113	780
113	929
113	965
114	59
114	439
114	991
114	995
115	541
115	668
115	775
115	797
116	251
116	784
116	840
116	851
117	50
117	976
117	989
117	1000
118	831
118	834
118	963
118	982
119	233
119	498
119	817
119	955
120	598
120	716
120	942
120	975
121	537
121	590
121	635
121	988
122	627
122	663
122	860
122	948
123	81
123	853
123	896
123	921
124	515
124	567
124	989
124	992
125	732
125	792
125	989
125	994
126	850
126	913
126	951
126	987
127	85
127	494
127	794
127	910
128	579
128	837
128	907
128	990
129	812
129	903
129	964
129	985
130	591
130	849
130	867
130	968
131	215
131	559
131	681
131	823
132	575
132	847
132	980
132	997
133	588
133	671
133	865
133	970
134	310
134	555
134	747
134	748
135	483
135	787
135	876
135	939
136	179
136	674
136	987
136	992
137	458
137	542
137	584
137	904
138	356
138	702
138	912
138	940
139	5
139	734
139	948
139	970
140	724
140	965
140	980
140	999
141	334
141	508
141	816
141	970
142	261
142	560
142	697
142	952
143	743
143	898
143	933
143	992
144	369
144	607
144	704
144	906
145	488
145	896
145	927
145	973
146	493
146	619
146	845
146	995
147	317
147	833
147	981
147	985
148	837
148	880
148	923
148	966
149	629
149	836
149	934
149	992
150	564
150	600
150	901
150	990
151	399
151	624
151	677
151	921
152	417
152	418
152	648
152	714
153	687
153	736
153	788
153	905
154	346
154	960
154	989
154	992
155	948
155	952
155	954
155	982
156	45
156	246
156	518
156	987
157	304
157	555
157	926
157	986
158	19
158	400
158	523
158	999
159	474
159	475
159	948
159	957
160	394
160	800
160	873
160	895
161	514
161	754
161	977
161	990
162	854
162	953
162	957
162	962
163	489
163	849
163	984
163	996
164	632
164	756
164	783
164	939
165	108
165	841
165	850
165	857
166	581
166	982
166	989
166	992
167	672
167	680
167	843
167	857
168	659
168	930
168	950
168	997
169	334
169	515
169	635
169	958
170	268
170	413
170	577
170	775
171	616
171	889
171	916
171	996
172	221
172	262
172	496
172	994
173	570
173	765
173	974
173	998
174	176
174	363
174	564
174	920
175	86
175	812
175	868
175	990
176	174
176	323
176	771
176	938
177	508
177	731
177	773
177	986
178	318
178	618
178	871
178	968
179	136
179	319
179	335
179	864
180	878
180	889
180	961
180	996
181	522
181	649
181	787
181	939
182	512
182	573
182	734
182	983
183	819
183	927
183	936
183	942
184	381
184	401
184	604
184	775
185	572
185	627
185	778
185	830
186	276
186	687
186	794
186	851
187	248
187	742
187	845
187	959
188	429
188	446
188	949
188	978
189	785
189	813
189	915
189	988
190	609
190	891
190	895
190	921
191	73
191	841
191	907
191	944
192	72
192	263
192	297
192	629
193	586
193	892
193	945
193	998
194	428
194	536
194	983
194	1000
195	222
195	386
195	974
195	999
196	21
196	794
196	827
196	905
197	662
197	961
197	984
197	996
198	613
198	800
198	904
198	921
199	54
199	354
199	634
199	950
200	412
200	827
200	950
200	973
201	769
201	829
201	934
201	992
202	648
202	761
202	951
202	960
203	25
203	735
203	947
203	957
204	264
204	887
204	916
204	996
205	330
205	873
205	895
205	986
206	54
206	371
206	865
206	951
207	7
207	599
207	902
207	935
208	522
208	698
208	821
208	966
209	13
209	23
209	553
209	988
210	534
210	695
210	873
210	921
211	592
211	683
211	719
211	987
212	291
212	640
212	781
212	997
213	731
213	953
213	962
213	979
214	751
214	914
214	935
214	976
215	131
215	616
215	748
215	948
216	290
216	375
216	753
216	914
217	426
217	712
217	921
217	945
218	725
218	879
218	949
218	991
219	671
219	871
219	990
219	992
220	961
220	984
220	986
220	996
221	172
221	931
221	962
221	979
222	195
222	357
222	601
222	859
223	714
223	867
223	872
223	987
224	352
224	866
224	924
224	991
225	614
225	807
225	872
225	972
226	622
226	756
226	876
226	939
226	943
227	499
227	564
227	906
227	963
227	988
228	307
228	439
228	910
228	948
228	975
229	465
229	487
229	827
229	844
229	955
230	22
230	767
230	974
230	978
230	993
231	838
231	849
231	857
231	881
231	986
232	549
232	632
232	798
232	813
232	888
233	119
233	372
233	821
233	853
233	964
234	101
234	420
234	796
234	949
234	959
235	736
235	744
235	878
235	884
235	923
236	277
236	677
236	725
236	738
236	796
237	375
237	614
237	816
237	872
237	983
238	266
238	824
238	862
238	913
238	994
239	46
239	750
239	817
239	955
239	977
240	423
240	702
240	733
240	810
240	955
241	464
241	653
241	819
241	863
241	936
242	831
242	888
242	920
242	942
242	982
243	694
243	824
243	843
243	965
243	1000
244	311
244	481
244	855
244	917
244	968
245	34
245	612
245	898
245	922
245	992
246	156
246	571
246	607
246	902
246	935
247	590
247	670
247	798
247	963
247	982
248	187
248	268
248	925
248	937
248	942
249	912
249	938
249	960
249	989
249	996
250	415
250	624
250	732
250	743
250	949
251	116
251	736
251	870
251	884
251	966
252	406
252	651
252	816
252	846
252	907
253	595
253	832
253	969
253	978
253	993
254	76
254	578
254	927
254	960
254	969
255	610
255	862
255	914
255	983
255	984
256	749
256	751
256	843
256	897
256	983
257	557
257	562
257	838
257	881
257	909
258	602
258	680
258	881
258	956
258	968
259	860
259	899
259	950
259	961
259	999
260	291
260	477
260	872
260	893
260	987
261	142
261	298
261	916
261	961
261	996
262	172
262	677
262	738
262	909
262	911
263	192
263	309
263	333
263	417
263	891
264	204
264	508
264	969
264	971
264	978
265	809
265	919
265	951
265	960
265	989
266	238
266	379
266	751
266	983
266	988
267	525
267	869
267	934
267	950
267	980
268	170
268	248
268	457
268	975
268	992
269	738
269	772
269	891
269	941
269	970
270	490
270	699
270	775
270	867
270	954
271	90
271	570
271	760
271	950
271	999
272	749
272	872
272	901
272	938
272	954
273	308
273	580
273	902
273	971
273	978
274	666
274	825
274	924
274	970
274	983
275	751
275	886
275	901
275	976
275	994
276	186
276	752
276	977
276	990
276	997
277	236
277	278
277	642
277	913
277	966
278	277
278	396
278	682
278	913
278	949
279	332
279	861
279	867
279	870
279	928
280	453
280	526
280	631
280	975
280	990
281	904
281	931
281	932
281	962
281	979
282	754
282	777
282	916
282	953
282	979
283	765
283	774
283	828
283	978
283	993
284	380
284	421
284	544
284	926
284	968
285	625
285	892
285	971
285	998
285	1000
286	369
286	391
286	630
286	753
286	813
287	780
287	852
287	864
287	881
287	986
288	388
288	399
288	700
288	971
288	978
289	379
289	633
289	836
289	867
289	955
290	216
290	583
290	606
290	700
290	1000
291	212
291	260
291	719
291	874
291	987
292	752
292	763
292	955
292	980
292	986
293	75
293	555
293	675
293	956
293	968
294	454
294	756
294	815
294	876
294	939
295	42
295	411
295	572
295	776
295	952
296	340
296	493
296	557
296	838
296	929
297	192
297	518
297	576
297	725
297	824
298	261
298	961
298	968
298	984
298	996
299	11
299	700
299	722
299	976
299	994
300	692
300	877
300	947
300	977
300	997
301	741
301	922
301	928
301	940
301	969
302	98
302	318
302	465
302	844
302	955
303	596
303	830
303	931
303	962
303	979
304	157
304	609
304	844
304	933
304	955
305	916
305	961
305	981
305	984
305	996
306	828
306	904
306	952
306	972
306	982
307	228
307	582
307	875
307	901
307	975
308	273
308	893
308	935
308	958
308	968
309	263
309	551
309	738
309	862
309	924
310	134
310	560
310	751
310	834
310	991
311	244
311	803
311	864
311	917
311	968
312	497
312	651
312	801
312	903
312	964
313	478
313	787
313	873
313	908
313	939
314	614
314	850
314	890
314	915
314	994
315	485
315	789
315	962
315	974
315	998
316	709
316	760
316	814
316	896
316	999
317	147
317	945
317	961
317	969
317	977
318	178
318	302
318	705
318	844
318	955
319	179
319	392
319	530
319	934
319	989
320	102
320	703
320	834
320	876
320	939
321	821
321	847
321	890
321	902
321	977
322	492
322	849
322	864
322	867
322	911
323	176
323	375
323	862
323	939
323	994
324	446
324	728
324	734
324	907
324	944
325	652
325	862
325	914
325	992
325	1000
326	476
326	790
326	840
326	851
326	905
327	623
327	661
327	790
327	851
327	966
328	392
328	792
328	912
328	933
328	991
329	603
329	709
329	899
329	977
329	990
330	205
330	688
330	853
330	921
330	939
331	61
331	837
331	858
331	897
331	944
332	100
332	279
332	743
332	913
332	949
333	263
333	713
333	856
333	902
333	935
334	72
334	141
334	169
334	671
334	899
335	179
335	453
335	627
335	859
335	972
336	778
336	881
336	924
336	976
336	1000
337	637
337	885
337	936
337	969
337	998
338	9
338	438
338	539
338	967
338	986
339	571
339	816
339	867
339	956
339	996
340	296
340	385
340	929
340	963
340	982
341	15
341	342
341	614
341	862
341	1000
342	341
342	361
342	554
342	808
342	945
343	432
343	722
343	890
343	894
343	1000
344	646
344	693
344	984
344	990
344	996
345	479
345	803
345	885
345	909
345	959
346	154
346	862
346	914
346	970
346	995
347	107
347	638
347	907
347	944
347	978
348	402
348	660
348	686
348	856
348	902
349	640
349	696
349	931
349	962
349	979
350	645
350	724
350	869
350	973
350	999
351	592
351	713
351	761
351	938
351	987
352	224
352	489
352	637
352	654
352	961
353	826
353	906
353	911
353	963
353	988
354	53
354	199
354	541
354	752
354	973
355	644
355	800
355	853
355	921
355	972
356	138
356	737
356	896
356	942
356	950
357	222
357	891
357	937
357	993
357	995
358	505
358	569
358	779
358	801
358	995
359	701
359	848
359	924
359	976
359	978
360	450
360	869
360	950
360	973
360	999
361	342
361	482
361	978
361	981
361	993
362	363
362	413
362	467
362	547
362	938
363	174
363	362
363	529
363	693
363	887
364	575
364	911
364	919
364	925
364	959
365	558
365	681
365	813
365	932
365	998
366	445
366	630
366	772
366	925
366	946
367	735
367	766
367	961
367	984
367	996
368	459
368	480
368	568
368	922
368	930
369	144
369	286
369	537
369	937
369	953
370	25
370	644
370	695
370	882
370	895
371	206
371	496
371	824
371	977
371	1000
372	20
372	233
372	497
372	847
372	903
373	632
373	700
373	708
373	848
373	984
374	409
374	782
374	894
374	915
374	985
374	993
375	109
375	216
375	237
375	323
375	823
375	862
376	397
376	842
376	861
376	936
376	985
376	998
377	384
377	575
377	587
377	699
377	859
377	943
378	814
378	913
378	965
378	973
378	984
378	999
379	266
379	289
379	384
379	844
379	955
379	990
380	284
380	508
380	763
380	855
380	967
380	1000
381	184
381	729
381	773
381	918
381	956
381	967
382	28
382	677
382	796
382	897
382	913
382	949
383	492
383	694
383	870
383	940
383	970
383	983
384	377
384	379
384	733
384	750
384	955
384	957
385	108
385	340
385	826
385	881
385	947
385	963
386	195
386	421
386	957
386	974
386	996
386	998
387	671
387	795
387	908
387	916
387	964
387	997
388	288
388	678
388	719
388	915
388	927
388	981
389	652
389	959
389	965
389	973
389	980
389	999
390	509
390	590
390	789
390	852
390	915
390	998
391	286
391	506
391	573
391	804
391	929
391	982
392	319
392	328
392	829
392	862
392	919
392	982
393	668
393	711
393	815
393	965
393	973
393	999
394	160
394	475
394	506
394	776
394	785
394	988
395	561
395	594
395	871
395	908
395	969
395	990
396	278
396	441
396	458
396	885
396	991
396	995
397	376
397	829
397	919
397	933
397	992
397	993
398	601
398	776
398	810
398	948
398	952
398	975
399	151
399	288
399	446
399	642
399	669
399	796
400	158
400	837
400	860
400	869
400	936
400	965
401	80
401	184
401	403
401	672
401	773
401	970
402	348
402	538
402	819
402	969
402	974
402	998
403	401
403	415
403	682
403	879
403	913
403	949
404	63
404	771
404	853
404	854
404	953
404	979
405	427
405	855
405	864
405	917
405	986
405	993
406	252
406	463
406	802
406	837
406	907
406	980
407	516
407	839
407	911
407	925
407	926
407	941
408	520
408	615
408	716
408	807
408	942
408	993
409	374
409	765
409	777
409	894
409	974
409	978
410	442
410	459
410	479
410	922
410	940
410	989
411	295
411	461
411	539
411	807
411	835
411	943
412	200
412	950
412	965
412	970
412	980
412	983
413	170
413	362
413	627
413	768
413	943
413	952
414	520
414	571
414	690
414	935
414	952
414	975
415	250
415	403
415	682
415	779
415	949
415	999
416	37
416	610
416	832
416	899
416	905
416	910
417	152
417	263
417	724
417	808
417	848
417	865
418	106
418	152
418	759
418	900
418	901
418	938
419	633
419	810
419	844
419	938
419	941
419	955
420	234
420	514
420	540
420	743
420	949
420	965
421	284
421	386
421	892
421	925
421	978
421	981
422	598
422	777
422	839
422	953
422	962
422	979
423	240
423	509
423	773
423	810
423	817
423	955
424	36
424	780
424	823
424	875
424	898
424	975
425	575
425	667
425	956
425	968
425	986
425	999
426	217
426	824
426	933
426	934
426	960
426	992
427	405
427	852
427	881
427	917
427	926
427	937
428	78
428	194
428	960
428	981
428	989
428	992
429	188
429	436
429	642
429	652
429	698
429	949
430	619
430	831
430	866
430	888
430	957
430	964
431	654
431	759
431	937
431	946
431	959
431	995
432	343
432	843
432	976
432	989
432	991
432	994
433	658
433	917
433	923
433	926
433	968
433	986
434	587
434	625
434	842
434	926
434	945
434	969
435	518
435	544
435	782
435	884
435	928
435	966
436	429
436	446
436	725
436	879
436	923
436	949
437	593
437	649
437	930
437	964
437	965
437	997
438	338
438	532
438	726
438	807
438	864
438	986
439	114
439	228
439	553
439	770
439	873
439	904
440	549
440	757
440	807
440	811
440	967
440	986
441	16
441	47
441	396
441	745
441	900
441	925
442	77
442	410
442	636
442	933
442	972
442	992
443	930
443	949
443	964
443	976
443	990
443	997
444	858
444	874
444	889
444	916
444	984
444	996
445	366
445	456
445	555
445	712
445	800
445	921
446	188
446	324
446	399
446	436
446	949
446	999
447	481
447	487
447	727
447	920
447	951
447	957
448	531
448	565
448	570
448	825
448	940
448	960
449	80
449	112
449	533
449	603
449	685
449	901
450	360
450	565
450	647
450	792
450	819
450	919
451	651
451	653
451	676
451	802
451	858
451	897
452	640
452	659
452	697
452	859
452	899
452	958
453	280
453	335
453	631
453	719
453	963
453	975
454	294
454	828
454	932
454	968
454	971
454	993
455	770
455	826
455	869
455	904
455	942
455	972
456	445
456	695
456	714
456	758
456	853
456	921
457	268
457	553
457	865
457	942
457	952
457	977
458	137
458	396
458	834
458	838
458	988
458	995
459	368
459	410
459	595
459	729
459	914
459	960
460	699
460	800
460	853
460	873
460	895
460	946
461	411
461	799
461	867
461	881
461	926
461	967
462	820
462	868
462	923
462	928
462	966
462	984
463	38
463	406
463	846
463	897
463	907
463	943
464	241
464	615
464	638
464	804
464	846
464	897
465	229
465	302
465	633
465	847
465	876
465	955
466	627
466	784
466	885
466	959
466	991
466	995
467	93
467	362
467	749
467	901
467	923
467	958
468	639
468	860
468	896
468	973
468	980
468	986
469	30
469	777
469	877
469	903
469	908
469	997
470	667
470	720
470	806
470	807
470	859
470	904
471	32
471	716
471	793
471	924
471	970
471	994
472	608
472	786
472	854
472	931
472	935
472	962
473	597
473	840
473	905
473	910
473	918
473	949
474	159
474	791
474	941
474	946
474	959
474	991
475	68
475	159
475	394
475	510
475	888
475	920
476	63
476	326
476	747
476	953
476	962
476	979
477	260
477	872
477	900
477	905
477	951
477	987
478	313
478	591
478	759
478	780
478	783
478	822
479	345
479	410
479	883
479	961
479	984
479	996
480	112
480	368
480	651
480	728
480	907
480	944
481	244
481	447
481	788
481	794
481	818
481	840
481	905
482	361
482	487
482	721
482	906
482	957
482	968
482	988
483	135
483	571
483	744
483	868
483	870
483	928
483	966
484	703
484	722
484	783
484	822
484	876
484	935
484	939
485	315
485	659
485	742
485	761
485	835
485	923
485	966
486	75
486	575
486	831
486	894
486	917
486	967
486	986
487	229
487	447
487	482
487	792
487	813
487	947
487	982
488	145
488	574
488	642
488	658
488	696
488	869
488	950
489	163
489	352
489	562
489	866
489	937
489	963
489	995
490	44
490	270
490	607
490	675
490	893
490	902
490	935
491	99
491	628
491	794
491	818
491	840
491	910
491	963
492	322
492	383
492	551
492	878
492	970
492	982
492	983
493	146
493	296
493	912
493	917
493	925
493	946
493	995
494	127
494	532
494	730
494	794
494	818
494	851
494	905
495	655
495	706
495	806
495	874
495	941
495	962
495	984
496	172
496	371
496	805
496	821
496	944
496	976
496	983
497	312
497	372
497	692
497	755
497	781
497	803
497	977
498	119
498	696
498	874
498	883
498	889
498	916
498	996
499	227
499	645
499	737
499	809
499	896
499	970
499	980
500	781
500	899
500	904
500	946
500	964
500	990
500	997
501	646
501	841
501	921
501	957
501	963
501	980
501	982
502	74
502	529
502	850
502	894
502	900
502	938
502	987
503	678
503	815
503	868
503	880
503	923
503	928
503	966
504	12
504	42
504	511
504	600
504	854
504	872
504	987
505	40
505	358
505	809
505	929
505	963
505	982
505	988
506	391
506	394
506	633
506	776
506	833
506	920
506	942
507	613
507	869
507	932
507	936
507	975
507	978
507	993
508	141
508	177
508	264
508	380
508	618
508	773
508	807
509	390
509	423
509	662
509	808
509	826
509	932
509	974
510	6
510	475
510	729
510	757
510	898
510	919
510	922
511	504
511	608
511	789
511	817
511	901
511	938
511	987
512	77
512	182
512	695
512	740
512	890
512	918
512	970
513	753
513	808
513	820
513	856
513	893
513	902
513	935
514	45
514	161
514	420
514	725
514	879
514	891
514	913
515	124
515	169
515	699
515	759
515	815
515	822
515	939
516	407
516	760
516	825
516	837
516	858
516	897
516	944
517	565
517	568
517	636
517	721
517	741
517	966
517	992
518	156
518	297
518	435
518	547
518	900
518	938
518	951
519	523
519	740
519	843
519	902
519	977
519	983
519	994
520	408
520	414
520	627
520	811
520	954
520	975
520	990
521	705
521	733
521	810
521	817
521	924
521	950
521	955
522	181
522	208
522	756
522	815
522	822
522	939
522	1000
523	158
523	519
523	558
523	724
523	751
523	986
523	1000
524	111
524	689
524	848
524	852
524	988
524	994
524	1000
525	267
525	816
525	883
525	916
525	961
525	984
525	996
526	280
526	765
526	772
526	780
526	807
526	859
526	948
527	550
527	587
527	618
527	806
527	904
527	948
527	975
528	94
528	613
528	702
528	723
528	891
528	991
528	995
529	363
529	502
529	719
529	850
529	951
529	972
529	995
530	319
530	926
530	969
530	971
530	974
530	981
530	998
531	448
531	621
531	884
531	912
531	933
531	960
531	989
532	438
532	494
532	598
532	774
532	878
532	926
532	956
533	449
533	600
533	761
533	771
533	922
533	983
533	987
534	96
534	210
534	618
534	785
534	855
534	917
534	956
535	543
535	771
535	841
535	871
535	899
535	977
535	990
536	194
536	623
536	753
536	855
536	890
536	918
536	983
537	121
537	369
537	721
537	920
537	925
537	951
537	982
538	402
538	778
538	865
538	868
538	924
538	962
538	983
539	338
539	411
539	631
539	780
539	822
539	823
539	886
540	420
540	851
540	861
540	868
540	870
540	928
540	966
541	115
541	354
541	711
541	771
541	814
541	973
541	980
542	137
542	782
542	861
542	884
542	923
542	926
542	966
543	535
543	676
543	786
543	854
543	931
543	962
543	979
544	9
544	284
544	435
544	765
544	844
544	849
544	917
545	591
545	619
545	888
545	906
545	920
545	923
545	982
546	697
546	830
546	953
546	962
546	979
546	982
546	993
547	35
547	362
547	518
547	603
547	685
547	960
547	987
548	76
548	851
548	894
548	927
548	928
548	932
548	985
549	232
549	440
549	571
549	611
549	680
549	857
549	967
550	527
550	599
550	731
550	770
550	937
550	952
550	954
550	975
551	52
551	309
551	492
551	762
551	865
551	902
551	994
551	1000
552	621
552	776
552	798
552	805
552	906
552	920
552	947
552	969
553	87
553	209
553	439
553	457
553	665
553	787
553	804
553	859
554	88
554	342
554	608
554	714
554	755
554	900
554	921
554	938
555	134
555	157
555	293
555	445
555	731
555	956
555	967
555	968
556	591
556	703
556	732
556	759
556	866
556	876
556	939
556	991
557	95
557	257
557	296
557	640
557	747
557	779
557	885
557	941
558	86
558	365
558	523
558	626
558	688
558	865
558	890
558	966
559	131
559	683
559	729
559	850
559	906
559	952
559	954
559	972
560	142
560	310
560	565
560	663
560	683
560	904
560	943
560	972
561	395
561	655
561	674
561	683
561	820
561	922
561	933
561	960
562	257
562	489
562	835
562	880
562	908
562	923
562	928
562	966
563	839
563	895
563	919
563	946
563	959
563	987
563	991
563	995
564	150
564	174
564	227
564	714
564	872
564	951
564	987
564	998
565	448
565	450
565	517
565	560
565	586
565	820
565	822
565	874
566	734
566	890
566	914
566	917
566	918
566	976
566	988
566	1000
567	91
567	124
567	662
567	703
567	842
567	978
567	981
567	998
568	368
568	517
568	726
568	820
568	899
568	934
568	960
568	992
569	111
569	358
569	672
569	909
569	941
569	947
569	959
569	995
570	173
570	271
570	448
570	752
570	896
570	950
570	973
570	976
571	246
571	339
571	414
571	483
571	549
571	774
571	926
571	986
572	185
572	295
572	599
572	889
572	934
572	948
572	952
572	954
573	182
573	391
573	785
573	906
573	929
573	943
573	947
573	982
574	488
574	628
574	885
574	911
574	924
574	959
574	983
574	991
575	132
575	364
575	377
575	425
575	486
575	604
575	917
575	986
576	297
576	577
576	740
576	878
576	880
576	893
576	924
576	983
577	170
577	576
577	789
577	838
577	842
577	927
577	981
577	985
578	18
578	254
578	648
578	673
578	856
578	893
578	902
578	935
579	34
579	128
579	686
579	804
579	858
579	907
579	944
579	948
580	8
580	273
580	713
580	794
580	857
580	864
580	893
580	935
581	166
581	729
581	741
581	742
581	919
581	922
581	992
581	994
582	307
582	668
582	770
582	833
582	882
582	943
582	952
582	953
583	290
583	629
583	676
583	709
583	724
583	848
583	878
583	994
584	91
584	137
584	620
584	943
584	947
584	948
584	972
584	975
585	79
585	684
585	911
585	941
585	958
585	973
585	990
585	997
586	193
586	565
586	595
586	729
586	741
586	939
586	992
586	995
587	82
587	377
587	434
587	527
587	797
587	886
587	953
587	989
588	104
588	133
588	666
588	689
588	802
588	906
588	994
588	1000
589	108
589	747
589	834
589	891
589	937
589	941
589	958
589	995
590	121
590	247
590	390
590	745
590	831
590	929
590	963
590	971
591	130
591	478
591	545
591	556
591	815
591	822
591	829
591	939
592	44
592	211
592	351
592	706
592	841
592	872
592	928
592	987
593	437
593	813
593	882
593	884
593	899
593	958
593	975
593	977
594	17
594	395
594	754
594	789
594	821
594	871
594	988
594	997
595	253
595	459
595	586
595	596
595	729
595	876
595	919
595	933
596	303
596	595
596	665
596	836
596	898
596	912
596	934
596	940
597	36
597	473
597	655
597	784
597	788
597	790
597	818
597	910
598	120
598	422
598	532
598	854
598	931
598	953
598	962
598	979
599	207
599	550
599	572
599	942
599	943
599	948
599	961
599	990
600	150
600	504
600	533
600	671
600	771
600	932
600	987
600	999
601	222
601	398
601	683
601	744
601	908
601	952
601	954
601	972
602	258
602	622
602	638
602	669
602	931
602	953
602	962
602	979
603	329
603	449
603	547
603	650
603	685
603	841
603	951
603	987
604	184
604	575
604	848
604	855
604	917
604	927
604	956
604	968
605	783
605	826
605	920
605	929
605	947
605	957
605	980
605	988
606	290
606	668
606	758
606	793
606	883
606	961
606	984
606	996
607	144
607	246
607	490
607	611
607	673
607	753
607	856
607	902
608	472
608	511
608	554
608	730
608	850
608	951
608	961
608	987
609	90
609	190
609	304
609	670
609	853
609	873
609	895
609	986
610	255
610	416
610	661
610	687
610	788
610	790
610	908
610	910
611	84
611	549
611	607
611	671
611	930
611	958
611	977
611	997
612	245
612	922
612	933
612	940
612	983
612	989
612	992
612	997
613	198
613	507
613	528
613	678
613	789
613	978
613	985
613	994
614	225
614	237
614	314
614	341
614	843
614	970
614	994
614	996
615	408
615	464
615	735
615	773
615	798
615	833
615	957
615	988
616	171
616	215
616	720
616	797
616	904
616	921
616	942
616	952
617	706
617	758
617	779
617	813
617	887
617	961
617	984
617	996
618	178
618	508
618	527
618	534
618	852
618	885
618	886
618	986
619	146
619	430
619	545
619	704
619	782
619	947
619	957
619	963
620	584
620	716
620	780
620	912
620	930
620	943
620	954
620	975
621	531
621	552
621	646
621	890
621	957
621	963
621	982
621	988
622	226
622	602
622	764
622	854
622	936
622	953
622	962
622	964
622	979
623	66
623	327
623	536
623	666
623	927
623	939
623	970
623	994
623	1000
624	1
624	151
624	250
624	642
624	796
624	854
624	913
624	949
624	976
625	285
625	434
625	769
625	892
625	945
625	960
625	978
625	984
625	998
626	26
626	558
626	778
626	842
626	844
626	848
626	924
626	976
626	994
627	113
627	122
627	185
627	335
627	413
627	466
627	520
627	916
627	996
628	491
628	574
628	779
628	866
628	911
628	932
628	946
628	951
628	991
629	149
629	192
629	583
629	689
629	901
629	918
629	976
629	983
629	994
630	27
630	29
630	286
630	366
630	709
630	781
630	931
630	958
630	997
631	49
631	280
631	453
631	539
631	730
631	823
631	885
631	943
631	972
632	32
632	164
632	232
632	373
632	751
632	918
632	952
632	976
632	983
633	289
633	419
633	465
633	506
633	705
633	810
633	924
633	955
633	962
634	199
634	645
634	879
634	896
634	950
634	957
634	965
634	995
634	999
635	121
635	169
635	684
635	693
635	709
635	726
635	930
635	977
635	990
636	1
636	442
636	517
636	794
636	800
636	922
636	940
636	983
636	989
637	337
637	352
637	769
637	773
637	795
637	908
637	964
637	990
637	997
638	347
638	464
638	602
638	676
638	722
638	804
638	846
638	897
638	944
639	468
639	737
639	869
639	920
639	965
639	973
639	980
639	990
639	999
640	212
640	349
640	452
640	557
640	847
640	882
640	958
640	977
640	990
641	13
641	665
641	699
641	861
641	904
641	942
641	951
641	975
641	996
642	277
642	399
642	429
642	488
642	624
642	829
642	879
642	913
642	959
643	765
643	832
643	927
643	935
643	948
643	971
643	981
643	985
643	990
644	56
644	355
644	370
644	861
644	873
644	895
644	907
644	921
644	985
645	57
645	350
645	499
645	634
645	696
645	836
645	875
645	973
645	999
646	344
646	501
646	621
646	664
646	813
646	858
646	929
646	957
646	982
647	450
647	657
647	674
647	835
647	919
647	940
647	985
647	989
647	994
648	81
648	152
648	202
648	578
648	722
648	771
648	900
648	951
648	987
649	54
649	87
649	181
649	437
649	654
649	715
649	805
649	976
649	1000
650	603
650	714
650	727
650	730
650	749
650	896
650	901
650	963
650	987
651	252
651	312
651	451
651	480
651	728
651	789
651	804
651	846
651	992
652	325
652	389
652	429
652	680
652	757
652	864
652	926
652	967
652	968
653	241
653	451
653	894
653	927
653	936
653	971
653	981
653	993
653	994
654	41
654	352
654	431
654	649
654	673
654	679
654	909
654	937
654	959
655	495
655	561
655	597
655	706
655	707
655	874
655	883
655	984
655	996
656	679
656	776
656	906
656	925
656	947
656	957
656	963
656	981
656	988
657	31
657	69
657	647
657	741
657	919
657	922
657	940
657	959
657	992
658	433
658	488
658	732
658	739
658	896
658	950
658	965
658	980
658	999
659	168
659	452
659	485
659	769
659	899
659	930
659	983
659	985
659	997
660	38
660	348
660	673
660	856
660	893
660	902
660	935
660	966
660	992
661	327
661	610
661	666
661	687
661	784
661	788
661	851
661	900
661	905
662	197
662	509
662	567
662	863
662	926
662	969
662	971
662	981
662	993
663	122
663	560
663	823
663	845
663	847
663	875
663	943
663	972
663	976
664	33
664	646
664	690
664	699
664	807
664	904
664	948
664	954
664	995
665	553
665	596
665	641
665	700
665	720
665	770
665	886
665	954
665	975
666	2
666	274
666	588
666	623
666	661
666	890
666	972
666	976
666	1000
667	425
667	470
667	802
667	804
667	837
667	846
667	858
667	897
667	907
668	115
668	393
668	582
668	606
668	817
668	942
668	943
668	954
668	972
668	975
669	399
669	602
669	701
669	830
669	931
669	943
669	953
669	962
669	979
669	981
670	247
670	609
670	695
670	712
670	787
670	843
670	853
670	873
670	895
670	921
671	133
671	219
671	334
671	387
671	600
671	611
671	691
671	769
671	781
671	977
672	167
672	401
672	569
672	731
672	864
672	881
672	902
672	912
672	926
672	986
673	578
673	607
673	654
673	660
673	713
673	893
673	902
673	935
673	947
673	984
674	136
674	561
674	647
674	729
674	826
674	887
674	919
674	960
674	989
674	991
675	18
675	293
675	490
675	694
675	713
675	856
675	893
675	902
675	935
675	940
676	38
676	451
676	543
676	583
676	638
676	731
676	804
676	837
676	858
676	944
677	151
677	236
677	262
677	382
677	682
677	799
677	879
677	913
677	941
677	949
678	388
678	503
678	613
678	690
678	864
678	927
678	978
678	985
678	993
678	998
679	654
679	656
679	785
679	798
679	833
679	841
679	901
679	903
679	929
679	957
680	167
680	258
680	549
680	652
680	708
680	816
680	839
680	857
680	868
680	986
681	131
681	365
681	750
681	767
681	799
681	953
681	969
681	971
681	974
681	981
682	278
682	403
682	415
682	677
682	692
682	792
682	879
682	913
682	949
682	979
683	211
683	559
683	560
683	561
683	601
683	879
683	886
683	948
683	972
683	975
684	97
684	585
684	635
684	877
684	927
684	930
684	956
684	958
684	990
684	997
685	44
685	93
685	449
685	547
685	603
685	730
685	920
685	987
685	994
685	999
686	348
686	579
686	689
686	836
686	912
686	919
686	934
686	940
686	989
686	992
687	153
687	186
687	610
687	661
687	784
687	818
687	910
687	935
687	988
687	1000
688	69
688	330
688	558
688	878
688	890
688	892
688	938
688	976
688	983
688	1000
689	524
689	588
689	629
689	686
689	890
689	892
689	908
689	918
689	970
689	994
690	414
690	664
690	678
690	775
690	793
690	802
690	859
690	948
690	972
690	975
691	671
691	793
691	806
691	827
691	887
691	889
691	916
691	949
691	954
691	996
692	300
692	497
692	682
692	709
692	812
692	958
692	977
692	985
692	996
692	997
693	344
693	363
693	635
693	793
693	874
693	889
693	961
693	972
693	984
693	996
694	243
694	383
694	675
694	715
694	830
694	835
694	848
694	862
694	865
694	914
694	983
695	210
695	370
695	456
695	512
695	670
695	712
695	800
695	835
695	895
695	921
695	973
696	349
696	488
696	498
696	645
696	718
696	752
696	809
696	957
696	965
696	973
696	999
697	142
697	452
697	546
697	707
697	754
697	777
697	786
697	931
697	953
697	979
697	990
698	208
698	429
698	717
698	835
698	846
698	861
698	870
698	882
698	884
698	923
698	966
699	270
699	377
699	460
699	515
699	641
699	664
699	797
699	842
699	875
699	883
699	972
700	288
700	290
700	299
700	373
700	665
700	717
700	724
700	778
700	874
700	918
700	976
701	359
701	669
701	754
701	764
701	794
701	828
701	860
701	931
701	953
701	962
701	979
702	138
702	240
702	528
702	732
702	825
702	898
702	899
702	934
702	960
702	989
702	992
703	320
703	484
703	556
703	567
703	737
703	783
703	787
703	815
703	823
703	876
703	939
704	11
704	144
704	619
704	727
704	813
704	917
704	929
704	943
704	982
704	988
704	993
705	318
705	521
705	633
705	733
705	750
705	802
705	811
705	817
705	819
705	844
705	955
706	495
706	592
706	617
706	655
706	874
706	883
706	916
706	973
706	982
706	984
706	996
707	655
707	697
707	777
707	786
707	830
707	854
707	906
707	925
707	931
707	953
707	979
708	373
708	680
708	711
708	739
708	809
708	814
708	860
708	938
708	965
708	973
708	980
709	316
709	329
709	583
709	630
709	635
709	692
709	780
709	812
709	965
709	977
709	990
710	863
710	913
710	927
710	936
710	960
710	972
710	974
710	978
710	985
710	993
710	995
711	393
711	541
711	708
711	732
711	746
711	809
711	863
711	964
711	965
711	980
711	999
712	217
712	445
712	670
712	695
712	766
712	853
712	873
712	876
712	888
712	895
712	921
713	333
713	351
713	580
713	673
713	675
713	753
713	856
713	893
713	935
713	948
713	979
714	152
714	223
714	456
714	554
714	564
714	650
714	755
714	900
714	919
714	951
714	965
715	4
715	111
715	649
715	694
715	747
715	849
715	871
715	873
715	878
715	994
715	1000
716	120
716	408
716	471
716	620
716	788
716	807
716	836
716	875
716	886
716	931
716	952
717	5
717	698
717	700
717	744
717	835
717	847
717	880
717	884
717	887
717	928
717	966
718	696
718	727
718	737
718	763
718	798
718	940
718	950
718	965
718	973
718	980
718	999
719	211
719	291
719	388
719	453
719	529
719	755
719	811
719	901
719	938
719	951
719	987
720	470
720	616
720	665
720	823
720	859
720	892
720	904
720	950
720	966
720	972
720	975
721	94
721	482
721	517
721	537
721	785
721	841
721	906
721	930
721	957
721	963
721	988
722	299
722	343
722	484
722	638
722	648
722	740
722	843
722	848
722	924
722	983
722	1000
723	76
723	528
723	738
723	772
723	839
723	866
723	909
723	922
723	937
723	941
723	978
724	140
724	350
724	417
724	523
724	583
724	700
724	805
724	914
724	970
724	976
724	991
725	218
725	236
725	297
725	436
725	514
725	743
725	796
725	879
725	939
725	949
725	993
725	997
726	438
726	568
726	635
726	757
726	811
726	849
726	852
726	956
726	967
726	968
726	974
726	986
727	447
727	650
727	704
727	718
727	758
727	833
727	856
727	920
727	947
727	957
727	963
727	988
728	73
728	324
728	480
728	651
728	798
728	802
728	809
728	897
728	907
728	918
728	944
728	997
729	1
729	381
729	459
729	510
729	559
729	581
729	586
729	595
729	674
729	960
729	988
729	989
730	39
730	51
730	494
730	608
730	631
730	650
730	685
730	901
730	938
730	951
730	980
730	987
731	28
731	177
731	213
731	550
731	555
731	672
731	676
731	774
731	825
731	849
731	967
731	968
732	125
732	250
732	556
732	658
732	702
732	711
732	836
732	898
732	912
732	933
732	989
732	992
733	240
733	384
733	521
733	705
733	750
733	810
733	817
733	844
733	886
733	929
733	955
733	979
734	139
734	182
734	324
734	566
734	760
734	824
734	843
734	922
734	924
734	970
734	976
734	985
735	60
735	203
735	367
735	615
735	841
735	888
735	906
735	916
735	947
735	972
735	982
735	988
736	23
736	153
736	235
736	251
736	805
736	824
736	868
736	870
736	880
736	923
736	928
736	966
737	356
737	499
737	639
737	703
737	718
737	739
737	763
737	767
737	973
737	980
737	981
737	999
738	236
738	262
738	269
738	309
738	723
738	772
738	904
738	909
738	911
738	925
738	941
738	991
739	98
739	658
739	708
739	737
739	814
739	860
739	944
739	952
739	965
739	980
739	999
739	1000
740	512
740	519
740	576
740	722
740	846
740	878
740	922
740	943
740	970
740	983
740	994
740	1000
741	301
741	517
741	581
741	586
741	657
741	825
741	851
741	898
741	919
741	920
741	941
741	1000
742	187
742	485
742	581
742	782
742	815
742	861
742	868
742	870
742	923
742	928
742	966
742	977
743	67
743	100
743	143
743	250
743	332
743	420
743	725
743	775
743	796
743	912
743	913
743	949
744	235
744	483
744	601
744	717
744	782
744	832
744	868
744	870
744	880
744	928
744	966
744	994
745	441
745	590
745	756
745	866
745	885
745	909
745	937
745	941
745	959
745	983
745	992
745	995
746	99
746	711
746	760
746	860
746	884
746	950
746	965
746	973
746	976
746	980
746	982
746	999
747	71
747	134
747	476
747	557
747	589
747	715
747	748
747	866
747	891
747	909
747	991
747	995
748	134
748	215
748	747
748	772
748	775
748	781
748	803
748	839
748	845
748	925
748	941
748	955
749	89
749	93
749	256
749	272
749	467
749	650
749	755
749	761
749	899
749	900
749	947
749	951
750	25
750	239
750	384
750	681
750	705
750	733
750	810
750	817
750	844
750	955
750	970
750	999
751	10
751	214
751	256
751	266
751	275
751	310
751	523
751	632
751	755
751	865
751	881
751	918
752	276
752	292
752	354
752	570
752	696
752	763
752	896
752	928
752	965
752	980
752	998
752	999
753	26
753	216
753	286
753	513
753	536
753	607
753	713
753	856
753	893
753	902
753	935
753	960
754	161
754	282
754	594
754	697
754	701
754	770
754	830
754	931
754	949
754	953
754	962
754	979
755	45
755	497
755	554
755	714
755	719
755	749
755	751
755	787
755	850
755	900
755	938
755	951
756	164
756	226
756	294
756	522
756	745
756	759
756	780
756	787
756	815
756	876
756	882
756	939
757	440
757	510
757	652
757	726
757	849
757	867
757	881
757	917
757	926
757	986
757	987
757	995
758	18
758	456
758	606
758	617
758	727
758	767
758	806
758	827
758	874
758	961
758	984
758	996
759	418
759	431
759	478
759	515
759	556
759	756
759	783
759	815
759	822
759	933
759	939
759	970
760	106
760	271
760	316
760	516
760	734
760	746
760	869
760	898
760	950
760	973
760	980
760	999
761	202
761	351
761	485
761	533
761	749
761	850
761	872
761	901
761	928
761	938
761	952
761	992
762	551
762	778
762	827
762	832
762	878
762	881
762	914
762	976
762	978
762	983
762	994
762	1000
763	292
763	380
763	718
763	737
763	752
763	849
763	860
763	872
763	952
763	965
763	980
763	999
764	622
764	701
764	786
764	854
764	880
764	910
764	931
764	948
764	953
764	962
764	975
764	979
765	173
765	283
765	409
765	526
765	544
765	643
765	799
765	892
765	950
765	971
765	985
765	993
766	367
766	712
766	796
766	806
766	874
766	875
766	887
766	889
766	916
766	961
766	984
766	996
767	230
767	681
767	737
767	758
767	819
767	918
767	930
767	969
767	978
767	981
767	985
767	998
768	413
768	887
768	894
768	904
768	927
768	971
768	974
768	981
768	985
768	993
768	994
768	998
769	83
769	201
769	625
769	637
769	659
769	671
769	795
769	877
769	930
769	949
769	964
769	997
770	439
770	455
770	550
770	582
770	665
770	754
770	895
770	926
770	948
770	954
770	971
770	975
771	176
771	404
771	533
771	535
771	541
771	600
771	648
771	850
771	872
771	900
771	947
771	951
771	987
772	269
772	366
772	526
772	723
772	738
772	748
772	778
772	803
772	815
772	909
772	925
772	946
772	991
773	177
773	381
773	401
773	423
773	508
773	615
773	637
773	830
773	857
773	881
773	917
773	956
773	967
774	41
774	62
774	80
774	283
774	532
774	571
774	731
774	864
774	906
774	956
774	967
774	968
774	998
775	115
775	170
775	184
775	270
775	690
775	743
775	748
775	849
775	859
775	875
775	942
775	972
775	975
776	295
776	394
776	398
776	506
776	552
776	656
776	826
776	841
776	865
776	963
776	980
776	982
776	988
777	75
777	282
777	409
777	422
777	469
777	697
777	707
777	786
777	830
777	953
777	962
777	979
777	997
778	185
778	336
778	538
778	626
778	700
778	762
778	772
778	803
778	805
778	817
778	848
778	918
778	983
779	358
779	415
779	557
779	617
779	628
779	809
779	834
779	885
779	937
779	946
779	961
779	991
779	995
780	113
780	287
780	424
780	478
780	526
780	539
780	620
780	709
780	756
780	823
780	886
780	943
780	952
781	19
781	212
781	497
781	500
781	630
781	671
781	748
781	832
781	871
781	908
781	958
781	990
781	997
782	374
782	435
782	542
782	619
782	742
782	744
782	868
782	880
782	884
782	928
782	966
782	970
782	980
783	164
783	478
783	484
783	605
783	703
783	759
783	787
783	822
783	876
783	882
783	939
783	946
783	982
784	116
784	466
784	597
784	661
784	687
784	790
784	818
784	840
784	882
784	905
784	910
784	987
784	988
785	2
785	40
785	67
785	189
785	394
785	534
785	573
785	679
785	721
785	888
785	920
785	929
785	989
786	7
786	472
786	543
786	697
786	707
786	764
786	777
786	795
786	931
786	941
786	962
786	972
786	979
787	135
787	181
787	313
787	553
787	670
787	703
787	755
787	756
787	783
787	815
787	822
787	876
787	939
787	951
788	153
788	481
788	597
788	610
788	661
788	716
788	792
788	818
788	824
788	840
788	851
788	855
788	905
788	910
789	315
789	390
789	511
789	577
789	594
789	613
789	651
789	915
789	971
789	981
789	987
789	993
789	997
789	998
790	97
790	326
790	327
790	597
790	610
790	784
790	840
790	851
790	891
790	905
790	910
790	945
790	969
790	992
791	474
791	834
791	838
791	845
791	859
791	876
791	889
791	909
791	910
791	911
791	925
791	959
791	969
791	991
792	60
792	125
792	328
792	450
792	487
792	682
792	788
792	825
792	829
792	838
792	922
792	933
792	934
792	992
793	50
793	471
793	606
793	690
793	691
793	693
793	827
793	883
793	887
793	958
793	961
793	970
793	984
793	996
794	37
794	127
794	186
794	196
794	481
794	491
794	494
794	580
794	636
794	701
794	835
794	851
794	905
794	910
795	9
795	17
795	387
795	637
795	769
795	786
795	821
795	899
795	930
795	934
795	964
795	986
795	990
795	997
796	234
796	236
796	382
796	399
796	624
796	725
796	743
796	766
796	879
796	913
796	949
796	965
796	967
796	985
797	115
797	587
797	616
797	699
797	859
797	875
797	886
797	901
797	937
797	942
797	943
797	954
797	962
797	998
798	232
798	247
798	552
798	615
798	679
798	718
798	728
798	826
798	831
798	870
798	947
798	961
798	982
798	988
799	2
799	461
799	677
799	681
799	765
799	832
799	915
799	932
799	945
799	957
799	958
799	985
799	989
799	998
800	57
800	160
800	198
800	355
800	445
800	460
800	636
800	695
800	853
800	873
800	892
800	895
800	921
800	971
801	312
801	358
801	812
801	847
801	877
801	899
801	903
801	914
801	958
801	974
801	977
801	990
801	995
801	997
802	64
802	84
802	107
802	406
802	451
802	588
802	667
802	690
802	705
802	728
802	837
802	907
802	944
802	997
803	311
803	345
803	497
803	748
803	772
803	778
803	838
803	839
803	877
803	941
803	946
803	990
803	991
803	995
804	391
804	464
804	553
804	579
804	638
804	651
804	667
804	676
804	838
804	858
804	862
804	897
804	907
804	944
805	14
805	15
805	32
805	496
805	552
805	649
805	724
805	736
805	778
805	878
805	942
805	976
805	995
805	1000
806	70
806	470
806	495
806	527
806	691
806	758
806	766
806	874
806	883
806	887
806	905
806	916
806	984
806	996
807	225
807	408
807	411
807	438
807	440
807	470
807	508
807	526
807	664
807	716
807	889
807	954
807	972
807	975
808	342
808	417
808	509
808	513
808	819
808	892
808	894
808	966
808	974
808	978
808	979
808	981
808	985
808	993
809	98
809	265
809	499
809	505
809	696
809	708
809	711
809	728
809	779
809	869
809	896
809	965
809	973
809	980
809	999
810	240
810	398
810	419
810	423
810	521
810	633
810	733
810	750
810	817
810	818
810	844
810	930
810	955
810	962
810	975
811	36
811	440
811	520
811	705
811	719
811	726
811	852
811	855
811	867
811	956
811	967
811	968
811	976
811	986
811	987
812	103
812	129
812	175
812	692
812	709
812	801
812	847
812	865
812	877
812	908
812	915
812	955
812	958
812	981
812	997
813	189
813	232
813	286
813	365
813	487
813	593
813	617
813	646
813	704
813	947
813	963
813	982
813	986
813	988
813	997
814	316
814	378
814	541
814	708
814	739
814	818
814	869
814	896
814	950
814	965
814	973
814	974
814	978
814	997
814	999
815	294
815	393
815	503
815	515
815	522
815	591
815	703
815	742
815	756
815	759
815	772
815	787
815	822
815	939
815	954
816	83
816	141
816	237
816	252
816	339
816	525
816	680
816	849
816	852
816	857
816	867
816	881
816	917
816	967
816	994
817	119
817	239
817	423
817	511
817	521
817	668
817	705
817	733
817	750
817	778
817	810
817	844
817	848
817	929
817	955
818	481
818	491
818	494
818	597
818	687
818	784
818	788
818	810
818	814
818	840
818	905
818	910
818	915
818	962
818	986
819	183
819	241
819	402
819	450
819	705
819	767
819	808
819	842
819	863
819	927
819	928
819	931
819	932
819	981
819	985
820	462
820	513
820	561
820	565
820	568
820	829
820	836
820	861
820	898
820	919
820	934
820	940
820	989
820	992
820	994
821	208
821	233
821	321
821	496
821	594
821	795
821	882
821	897
821	908
821	950
821	958
821	964
821	974
821	977
821	997
822	478
822	484
822	515
822	522
822	539
822	565
822	591
822	759
822	783
822	787
822	815
822	876
822	939
822	945
822	984
823	131
823	375
823	424
823	539
823	631
823	663
823	703
823	720
823	780
823	852
823	911
823	942
823	948
823	954
823	972
824	66
824	238
824	243
824	297
824	371
824	426
824	734
824	736
824	788
824	864
824	892
824	914
824	970
824	994
824	1000
825	274
825	448
825	516
825	702
825	731
825	741
825	792
825	836
825	898
825	919
825	934
825	945
825	960
825	969
825	989
825	992
826	16
826	353
826	385
826	455
826	509
826	605
826	674
826	776
826	798
826	841
826	888
826	920
826	929
826	946
826	978
826	982
827	50
827	196
827	200
827	229
827	691
827	758
827	762
827	793
827	883
827	887
827	889
827	916
827	961
827	962
827	984
827	996
828	283
828	306
828	454
828	701
828	879
828	886
828	888
828	936
828	945
828	969
828	971
828	978
828	981
828	985
828	993
828	998
829	31
829	102
829	201
829	392
829	397
829	591
829	642
829	792
829	820
829	929
829	934
829	940
829	960
829	989
829	992
829	993
830	185
830	303
830	546
830	669
830	694
830	707
830	754
830	773
830	777
830	854
830	918
830	930
830	931
830	953
830	962
830	979
831	57
831	118
831	242
831	430
831	486
831	590
831	798
831	833
831	871
831	888
831	920
831	947
831	951
831	963
831	982
831	989
832	109
832	253
832	416
832	643
832	744
832	762
832	781
832	799
832	936
832	945
832	971
832	974
832	985
832	993
832	997
832	998
833	147
833	506
833	582
833	615
833	679
833	727
833	831
833	869
833	895
833	906
833	924
833	929
833	947
833	957
833	963
833	988
834	118
834	310
834	320
834	458
834	589
834	779
834	791
834	862
834	911
834	919
834	937
834	941
834	959
834	968
834	991
834	995
835	411
835	485
835	562
835	647
835	694
835	695
835	698
835	717
835	794
835	861
835	868
835	870
835	884
835	923
835	928
835	966
836	6
836	149
836	289
836	596
836	645
836	686
836	716
836	732
836	820
836	825
836	868
836	912
836	934
836	940
836	960
836	992
837	128
837	148
837	331
837	400
837	406
837	516
837	667
837	676
837	802
837	846
837	858
837	885
837	897
837	903
837	907
837	934
837	944
838	231
838	257
838	296
838	458
838	577
838	791
838	792
838	803
838	804
838	839
838	885
838	911
838	925
838	945
838	946
838	991
838	995
839	407
839	422
839	563
839	680
839	723
839	748
839	803
839	838
839	866
839	898
839	909
839	911
839	925
839	939
839	967
839	991
839	995
840	20
840	81
840	116
840	326
840	473
840	481
840	491
840	784
840	788
840	790
840	818
840	851
840	878
840	910
840	930
840	932
840	946
841	165
841	191
841	501
841	535
841	592
841	603
841	679
841	721
841	735
841	776
841	826
841	896
841	920
841	929
841	947
841	957
841	982
842	109
842	376
842	434
842	567
842	577
842	626
842	699
842	819
842	894
842	931
842	932
842	949
842	969
842	971
842	974
842	985
842	991
843	10
843	55
843	167
843	243
843	256
843	432
843	519
843	614
843	670
843	722
843	734
843	914
843	932
843	944
843	947
843	994
843	1000
844	229
844	302
844	304
844	318
844	379
844	419
844	544
844	626
844	705
844	733
844	750
844	810
844	817
844	952
844	955
844	980
844	989
845	47
845	92
845	146
845	187
845	663
845	748
845	791
845	891
845	909
845	911
845	937
845	945
845	946
845	973
845	982
845	991
845	995
846	73
846	84
846	252
846	463
846	464
846	638
846	651
846	667
846	698
846	740
846	837
846	858
846	866
846	897
846	933
846	936
846	944
847	132
847	321
847	372
847	465
847	640
847	663
847	717
847	801
847	812
847	857
847	871
847	882
847	903
847	959
847	977
847	990
847	997
848	49
848	95
848	359
848	373
848	417
848	524
848	583
848	604
848	626
848	694
848	722
848	778
848	817
848	861
848	918
848	924
848	970
848	983
849	130
849	163
849	231
849	322
849	544
849	715
849	726
849	731
849	757
849	763
849	775
849	816
849	857
849	858
849	926
849	967
849	968
849	985
850	44
850	55
850	126
850	165
850	314
850	502
850	529
850	559
850	608
850	755
850	761
850	771
850	897
850	900
850	938
850	951
850	987
850	997
851	99
851	116
851	186
851	326
851	327
851	494
851	540
851	548
851	661
851	741
851	788
851	790
851	794
851	840
851	910
851	933
851	946
851	987
852	46
852	51
852	287
852	390
852	427
852	524
852	618
852	726
852	811
852	816
852	823
852	857
852	881
852	956
852	960
852	967
852	986
852	1000
853	123
853	233
853	330
853	355
853	404
853	456
853	460
853	609
853	670
853	712
853	800
853	873
853	893
853	895
853	921
853	964
853	966
853	984
854	162
854	404
854	472
854	504
854	543
854	598
854	622
854	624
854	707
854	764
854	830
854	901
854	931
854	944
854	953
854	962
854	966
854	979
855	244
855	380
855	405
855	534
855	536
855	604
855	788
855	811
855	864
855	866
855	896
855	919
855	926
855	956
855	967
855	968
855	986
855	997
856	26
856	333
856	348
856	513
856	578
856	607
856	660
856	675
856	713
856	727
856	753
856	893
856	902
856	935
856	944
856	969
856	972
856	999
857	165
857	167
857	231
857	549
857	580
857	680
857	773
857	816
857	847
857	849
857	852
857	917
857	926
857	948
857	956
857	965
857	967
857	968
858	34
858	70
858	331
858	444
858	451
858	516
858	579
858	646
858	667
858	676
858	804
858	837
858	846
858	849
858	897
858	944
858	946
858	952
859	222
859	335
859	377
859	452
859	470
859	526
859	553
859	690
859	720
859	775
859	791
859	797
859	863
859	906
859	925
859	942
859	952
859	972
860	48
860	122
860	259
860	400
860	468
860	701
860	708
860	739
860	746
860	763
860	869
860	893
860	937
860	950
860	973
860	980
860	988
860	999
861	279
861	376
861	540
861	542
861	641
861	644
861	698
861	742
861	820
861	835
861	848
861	870
861	880
861	884
861	923
861	928
861	966
861	983
862	43
862	104
862	108
862	238
862	255
862	309
862	323
862	325
862	341
862	346
862	375
862	392
862	694
862	804
862	834
862	918
862	939
862	970
862	994
863	103
863	241
863	662
863	710
863	711
863	819
863	859
863	882
863	894
863	932
863	936
863	945
863	969
863	971
863	974
863	975
863	980
863	981
863	993
864	179
864	287
864	311
864	322
864	405
864	438
864	580
864	652
864	672
864	678
864	774
864	824
864	855
864	917
864	956
864	967
864	986
864	988
864	998
865	133
865	206
865	417
865	457
865	538
865	551
865	558
865	694
865	751
865	776
865	812
865	890
865	914
865	915
865	924
865	936
865	952
865	970
865	976
866	224
866	430
866	489
866	556
866	628
866	723
866	745
866	747
866	839
866	846
866	855
866	877
866	911
866	937
866	941
866	946
866	968
866	991
866	995
867	96
867	130
867	223
867	270
867	279
867	289
867	322
867	339
867	461
867	757
867	811
867	816
867	917
867	926
867	956
867	959
867	968
867	986
867	987
868	175
868	462
868	483
868	503
868	538
868	540
868	680
868	736
868	742
868	744
868	782
868	835
868	836
868	880
868	884
868	923
868	928
868	966
868	999
869	267
869	350
869	360
869	400
869	455
869	488
869	507
869	639
869	760
869	809
869	814
869	833
869	860
869	915
869	950
869	973
869	980
869	996
869	999
870	251
870	279
870	383
870	483
870	540
870	698
870	736
870	742
870	744
870	798
870	835
870	861
870	880
870	923
870	928
870	950
870	966
870	973
870	995
871	47
871	83
871	178
871	219
871	395
871	535
871	594
871	715
871	781
871	831
871	847
871	882
871	899
871	903
871	908
871	930
871	945
871	977
871	997
872	61
872	88
872	223
872	225
872	237
872	260
872	272
872	477
872	504
872	564
872	592
872	761
872	763
872	771
872	901
872	903
872	944
872	951
872	979
873	56
873	160
873	205
873	210
873	313
873	439
873	460
873	609
873	644
873	670
873	712
873	715
873	800
873	853
873	895
873	916
873	921
873	944
873	1000
874	111
874	291
874	444
874	495
874	498
874	565
874	655
874	693
874	700
874	706
874	758
874	766
874	806
874	883
874	885
874	887
874	889
874	944
874	961
874	996
875	15
875	42
875	82
875	307
875	424
875	645
875	663
875	699
875	716
875	766
875	775
875	797
875	885
875	909
875	942
875	943
875	952
875	954
875	975
875	999
876	95
876	102
876	135
876	226
876	294
876	320
876	465
876	484
876	556
876	595
876	703
876	712
876	756
876	783
876	787
876	791
876	822
876	883
876	925
876	939
877	85
877	300
877	469
877	684
877	769
877	801
877	803
877	812
877	866
877	903
877	905
877	908
877	925
877	930
877	953
877	958
877	964
877	966
877	977
877	990
878	180
878	235
878	492
878	532
878	576
878	583
878	688
878	715
878	740
878	762
878	805
878	840
878	890
878	902
878	918
878	924
878	981
878	983
878	994
878	1000
879	48
879	67
879	101
879	218
879	403
879	436
879	514
879	634
879	642
879	677
879	682
879	683
879	725
879	796
879	828
879	913
879	936
879	949
879	988
879	997
880	17
880	148
880	503
880	562
880	576
880	717
880	736
880	744
880	764
880	782
880	861
880	868
880	870
880	884
880	887
880	923
880	928
880	951
880	966
880	976
881	28
881	62
881	231
881	257
881	258
881	287
881	336
881	385
881	427
881	461
881	672
881	751
881	757
881	762
881	773
881	816
881	852
881	889
881	917
881	956
882	29
882	33
882	71
882	370
882	582
882	593
882	640
882	698
882	756
882	783
882	784
882	821
882	847
882	863
882	871
882	903
882	908
882	930
882	964
882	990
882	997
883	72
883	479
883	498
883	525
883	606
883	655
883	699
883	706
883	793
883	806
883	827
883	874
883	876
883	887
883	894
883	916
883	961
883	984
883	995
883	996
883	997
884	53
884	105
884	235
884	251
884	435
884	531
884	542
884	593
884	698
884	717
884	746
884	782
884	835
884	861
884	868
884	880
884	923
884	928
884	958
884	966
884	974
885	337
885	345
885	396
885	466
885	557
885	574
885	618
885	631
885	745
885	779
885	837
885	838
885	874
885	875
885	911
885	922
885	941
885	946
885	959
885	991
885	995
886	23
886	275
886	539
886	587
886	618
886	665
886	683
886	716
886	733
886	780
886	797
886	828
886	904
886	942
886	943
886	948
886	952
886	954
886	972
886	993
886	1000
887	52
887	204
887	363
887	617
887	674
887	691
887	717
887	766
887	768
887	793
887	806
887	827
887	874
887	880
887	883
887	889
887	916
887	952
887	961
887	984
887	996
888	43
888	73
888	88
888	232
888	242
888	430
888	475
888	545
888	712
888	735
888	785
888	826
888	828
888	831
888	906
888	924
888	929
888	947
888	964
888	982
888	988
889	3
889	171
889	180
889	444
889	498
889	572
889	691
889	693
889	766
889	791
889	807
889	827
889	874
889	881
889	887
889	916
889	924
889	959
889	961
889	984
889	996
890	55
890	314
890	321
890	343
890	512
890	536
890	558
890	566
890	621
890	666
890	688
890	689
890	865
890	878
890	919
890	932
890	945
890	983
890	985
890	986
890	1000
891	59
891	190
891	263
891	269
891	357
891	514
891	528
891	589
891	747
891	790
891	845
891	911
891	925
891	937
891	941
891	946
891	959
891	960
891	977
891	991
891	998
892	2
892	193
892	285
892	421
892	625
892	688
892	689
892	720
892	765
892	800
892	808
892	824
892	894
892	915
892	936
892	969
892	971
892	974
892	978
892	993
892	996
892	998
893	7
893	8
893	74
893	260
893	308
893	490
893	513
893	576
893	578
893	580
893	660
893	673
893	675
893	713
893	753
893	853
893	856
893	860
893	897
893	902
893	935
893	977
894	343
894	374
894	409
894	486
894	502
894	548
894	653
894	768
894	808
894	842
894	863
894	883
894	892
894	915
894	927
894	941
894	964
894	967
894	974
894	981
894	993
894	998
895	70
895	81
895	102
895	160
895	190
895	205
895	370
895	460
895	563
895	609
895	644
895	670
895	695
895	712
895	770
895	800
895	833
895	853
895	873
895	896
895	921
895	927
896	123
896	145
896	316
896	356
896	468
896	499
896	570
896	634
896	650
896	658
896	752
896	809
896	814
896	841
896	855
896	895
896	946
896	950
896	965
896	973
896	980
896	999
897	34
897	107
897	256
897	331
897	382
897	451
897	463
897	464
897	516
897	638
897	667
897	728
897	804
897	821
897	837
897	846
897	850
897	858
897	893
897	907
897	912
897	931
897	944
898	143
898	245
898	424
898	510
898	596
898	702
898	732
898	741
898	760
898	820
898	825
898	839
898	912
898	919
898	933
898	934
898	940
898	965
898	968
898	969
898	974
898	989
898	992
899	22
899	259
899	329
899	334
899	416
899	452
899	500
899	535
899	568
899	593
899	659
899	702
899	749
899	795
899	801
899	871
899	908
899	930
899	958
899	973
899	977
899	978
899	997
900	45
900	418
900	441
900	477
900	502
900	518
900	554
900	648
900	661
900	714
900	749
900	755
900	771
900	850
900	901
900	926
900	934
900	938
900	951
900	954
900	974
900	987
900	996
901	110
901	112
901	150
901	272
901	275
901	307
901	418
901	449
901	467
901	511
901	629
901	650
901	679
901	719
901	730
901	761
901	797
901	854
901	872
901	900
901	938
901	951
901	987
902	207
902	246
902	273
902	321
902	333
902	348
902	490
902	513
902	519
902	551
902	578
902	607
902	660
902	672
902	673
902	675
902	753
902	856
902	878
902	893
902	935
902	936
902	942
903	33
903	129
903	312
903	372
903	469
903	679
903	801
903	837
903	847
903	871
903	872
903	877
903	882
903	908
903	958
903	964
903	970
903	975
903	976
903	977
903	990
903	996
903	997
904	137
904	198
904	281
904	306
904	439
904	455
904	470
904	500
904	527
904	560
904	616
904	641
904	664
904	720
904	738
904	768
904	886
904	942
904	943
904	954
904	972
904	976
904	1000
905	20
905	74
905	97
905	99
905	153
905	196
905	326
905	416
905	473
905	477
905	481
905	494
905	661
905	784
905	788
905	790
905	794
905	806
905	818
905	877
905	910
905	913
905	934
905	969
906	144
906	227
906	353
906	482
906	545
906	552
906	559
906	573
906	588
906	656
906	707
906	721
906	735
906	774
906	833
906	859
906	888
906	918
906	947
906	957
906	963
906	982
906	988
906	997
907	64
907	128
907	191
907	252
907	324
907	347
907	406
907	463
907	480
907	579
907	644
907	667
907	728
907	802
907	804
907	837
907	897
907	934
907	944
907	946
907	956
907	963
907	968
907	973
908	66
908	313
908	387
908	395
908	469
908	562
908	601
908	610
908	637
908	689
908	781
908	812
908	821
908	871
908	877
908	882
908	899
908	903
908	930
908	958
908	964
908	970
908	990
908	997
909	31
909	79
909	257
909	262
909	345
909	569
909	654
909	723
909	738
909	745
909	747
909	772
909	791
909	839
909	845
909	875
909	927
909	940
909	946
909	959
909	977
909	989
909	991
909	995
910	37
910	71
910	97
910	127
910	228
910	416
910	473
910	491
910	597
910	610
910	687
910	764
910	784
910	788
910	790
910	791
910	794
910	818
910	840
910	851
910	905
910	941
910	963
910	990
911	32
911	262
911	322
911	353
911	364
911	407
911	574
911	585
911	628
911	738
911	791
911	823
911	834
911	838
911	839
911	845
911	866
911	885
911	891
911	918
911	937
911	938
911	946
911	959
912	35
912	138
912	249
912	328
912	493
912	531
912	596
912	620
912	672
912	686
912	732
912	743
912	836
912	897
912	898
912	919
912	920
912	922
912	933
912	934
912	940
912	960
912	980
912	989
913	48
913	100
913	101
913	126
913	238
913	277
913	278
913	332
913	378
913	382
913	403
913	514
913	624
913	642
913	677
913	682
913	710
913	743
913	796
913	879
913	905
913	943
913	949
913	954
913	986
914	5
914	29
914	43
914	55
914	58
914	93
914	214
914	216
914	255
914	325
914	346
914	459
914	566
914	694
914	724
914	762
914	801
914	824
914	843
914	865
914	941
914	953
914	960
914	991
914	1000
915	1
915	189
915	314
915	374
915	388
915	390
915	789
915	799
915	812
915	818
915	865
915	869
915	892
915	894
915	927
915	932
915	936
915	945
915	969
915	971
915	977
915	978
915	985
915	993
915	998
916	171
916	204
916	261
916	282
916	305
916	387
916	444
916	498
916	525
916	627
916	691
916	706
916	735
916	766
916	806
916	827
916	873
916	883
916	887
916	889
916	957
916	961
916	973
916	984
916	994
916	996
917	8
917	244
917	311
917	405
917	427
917	433
917	486
917	493
917	534
917	544
917	566
917	575
917	604
917	704
917	757
917	773
917	816
917	857
917	864
917	867
917	881
917	922
917	944
917	956
917	981
917	986
918	4
918	86
918	381
918	473
918	512
918	536
918	566
918	629
918	632
918	689
918	700
918	728
918	751
918	767
918	778
918	830
918	848
918	862
918	878
918	906
918	911
918	954
918	976
918	983
918	994
918	1000
919	60
919	265
919	364
919	392
919	397
919	450
919	510
919	563
919	581
919	595
919	647
919	657
919	674
919	686
919	714
919	741
919	820
919	825
919	834
919	855
919	890
919	898
919	912
919	931
919	938
919	989
920	87
920	174
920	242
920	447
920	475
920	506
920	537
920	545
920	552
920	605
920	639
920	685
920	727
920	741
920	785
920	826
920	831
920	841
920	912
920	929
920	947
920	954
920	963
920	972
920	988
920	992
921	56
921	90
921	123
921	151
921	190
921	198
921	210
921	217
921	330
921	355
921	445
921	456
921	501
921	554
921	616
921	644
921	670
921	695
921	712
921	800
921	853
921	873
921	895
921	935
921	974
921	993
921	999
922	245
922	301
922	368
922	410
922	510
922	533
922	561
922	581
922	612
922	636
922	657
922	723
922	734
922	740
922	792
922	885
922	912
922	917
922	928
922	933
922	934
922	940
922	956
922	960
922	976
922	989
922	992
923	53
923	56
923	62
923	148
923	235
923	433
923	436
923	462
923	467
923	485
923	503
923	542
923	545
923	562
923	698
923	736
923	742
923	835
923	861
923	868
923	870
923	880
923	884
923	928
923	966
923	973
923	979
924	58
924	69
924	224
924	274
924	309
924	336
924	359
924	471
924	521
924	538
924	574
924	576
924	626
924	633
924	722
924	734
924	833
924	848
924	865
924	878
924	888
924	889
924	950
924	970
924	976
924	994
924	1000
925	41
925	94
925	248
925	364
925	366
925	407
925	421
925	441
925	493
925	537
925	656
925	707
925	738
925	748
925	772
925	791
925	838
925	839
925	859
925	876
925	877
925	891
925	937
925	958
925	959
925	991
925	995
926	9
926	46
926	157
926	284
926	407
926	427
926	433
926	434
926	461
926	530
926	532
926	542
926	571
926	652
926	662
926	672
926	757
926	770
926	849
926	855
926	857
926	867
926	900
926	956
926	967
926	986
926	991
927	145
927	183
927	254
927	388
927	548
927	577
927	604
927	623
927	643
927	653
927	678
927	684
927	710
927	768
927	819
927	894
927	895
927	909
927	915
927	932
927	945
927	969
927	974
927	981
927	989
927	992
927	993
927	998
928	279
928	301
928	435
928	462
928	483
928	503
928	540
928	548
928	562
928	592
928	717
928	736
928	742
928	744
928	752
928	761
928	782
928	819
928	835
928	861
928	868
928	870
928	880
928	884
928	922
928	923
928	966
928	983
929	12
929	16
929	67
929	113
929	296
929	340
929	391
929	505
929	573
929	590
929	605
929	646
929	679
929	704
929	733
929	785
929	817
929	826
929	829
929	833
929	841
929	888
929	920
929	947
929	949
929	957
929	982
929	988
930	168
930	368
930	437
930	443
930	611
930	620
930	635
930	659
930	684
930	721
930	767
930	769
930	795
930	810
930	830
930	840
930	871
930	877
930	882
930	899
930	908
930	933
930	944
930	958
930	964
930	977
930	990
930	997
931	107
931	221
931	281
931	303
931	349
931	472
931	543
931	598
931	602
931	630
931	669
931	697
931	701
931	707
931	716
931	754
931	764
931	786
931	819
931	830
931	842
931	854
931	897
931	919
931	953
931	962
931	965
931	979
931	989
932	281
932	365
932	454
932	507
932	509
932	548
932	600
932	628
932	799
932	819
932	840
932	842
932	843
932	863
932	890
932	915
932	927
932	936
932	945
932	953
932	969
932	971
932	974
932	981
932	985
932	992
932	993
932	994
932	998
933	24
933	35
933	143
933	304
933	328
933	397
933	426
933	442
933	531
933	561
933	595
933	612
933	732
933	759
933	792
933	846
933	851
933	898
933	912
933	922
933	930
933	934
933	940
933	960
933	983
933	987
933	989
933	990
933	992
934	13
934	78
934	149
934	201
934	267
934	319
934	426
934	568
934	572
934	596
934	686
934	702
934	792
934	795
934	820
934	825
934	829
934	836
934	837
934	898
934	900
934	905
934	907
934	912
934	922
934	933
934	956
934	960
934	989
935	7
935	8
935	18
935	26
935	74
935	207
935	214
935	246
935	308
935	333
935	414
935	472
935	484
935	490
935	513
935	578
935	580
935	643
935	660
935	673
935	675
935	687
935	713
935	753
935	856
935	893
935	902
935	921
935	994
936	20
936	30
936	183
936	241
936	337
936	376
936	400
936	507
936	622
936	653
936	710
936	828
936	832
936	846
936	863
936	865
936	879
936	892
936	902
936	915
936	932
936	945
936	965
936	969
936	974
936	978
936	981
936	985
936	993
937	21
937	91
937	248
937	357
937	369
937	427
937	431
937	489
937	550
937	589
937	654
937	723
937	745
937	779
937	797
937	834
937	845
937	860
937	866
937	891
937	911
937	925
937	941
937	945
937	946
937	956
937	980
937	991
937	995
937	996
938	12
938	39
938	88
938	176
938	249
938	272
938	351
938	362
938	418
938	419
938	502
938	511
938	518
938	554
938	688
938	708
938	719
938	730
938	755
938	761
938	850
938	900
938	901
938	911
938	919
938	951
938	955
938	975
938	981
938	987
939	95
939	135
939	164
939	181
939	226
939	294
939	313
939	320
939	323
939	330
939	484
939	515
939	522
939	556
939	586
939	591
939	623
939	703
939	725
939	756
939	759
939	783
939	787
939	815
939	822
939	839
939	862
939	876
939	970
939	996
940	6
940	138
940	301
940	383
940	410
940	448
940	596
940	612
940	636
940	647
940	657
940	675
940	686
940	718
940	820
940	829
940	836
940	898
940	909
940	912
940	922
940	933
940	955
940	960
940	961
940	964
940	989
940	992
940	998
940	999
941	91
941	269
941	407
941	419
941	474
941	495
941	557
941	569
941	585
941	589
941	677
941	723
941	738
941	741
941	745
941	748
941	786
941	803
941	834
941	866
941	885
941	891
941	894
941	910
941	914
941	937
941	946
941	959
941	991
941	995
942	23
942	120
942	183
942	242
942	248
942	356
942	408
942	455
942	457
942	506
942	599
942	616
942	641
942	668
942	775
942	797
942	805
942	823
942	859
942	875
942	886
942	902
942	904
942	943
942	948
942	952
942	960
942	972
942	975
942	981
943	82
943	104
943	226
943	377
943	411
943	413
943	463
943	560
943	573
943	582
943	584
943	599
943	620
943	631
943	663
943	668
943	669
943	704
943	740
943	780
943	797
943	875
943	886
943	904
943	913
943	942
943	948
943	952
943	972
943	975
943	987
944	38
944	64
944	70
944	84
944	191
944	324
944	331
944	347
944	480
944	496
944	516
944	579
944	638
944	676
944	728
944	739
944	802
944	804
944	837
944	843
944	846
944	854
944	856
944	858
944	872
944	873
944	874
944	897
944	907
944	917
944	930
945	65
945	80
945	193
945	217
945	317
945	342
945	434
945	625
945	790
945	799
945	822
945	825
945	828
945	832
945	838
945	845
945	863
945	871
945	890
945	915
945	927
945	932
945	936
945	937
945	969
945	974
945	978
945	981
945	985
945	993
945	998
946	59
946	105
946	366
946	431
946	460
946	474
946	493
946	500
946	563
946	628
946	772
946	779
946	783
946	803
946	826
946	838
946	840
946	845
946	851
946	858
946	866
946	885
946	891
946	896
946	907
946	909
946	911
946	937
946	941
946	959
946	991
947	40
947	203
947	300
947	385
947	487
947	552
947	569
947	573
947	584
947	605
947	619
947	656
947	673
947	727
947	735
947	749
947	771
947	798
947	813
947	831
947	833
947	841
947	843
947	888
947	906
947	920
947	929
947	957
947	982
947	984
947	998
948	78
948	122
948	139
948	155
948	159
948	215
948	228
948	398
948	526
948	527
948	572
948	579
948	584
948	599
948	643
948	664
948	683
948	690
948	713
948	764
948	770
948	823
948	857
948	886
948	942
948	943
948	952
948	954
948	972
948	975
948	984
949	48
949	188
949	218
949	234
949	250
949	278
949	332
949	382
949	403
949	415
949	420
949	429
949	436
949	443
949	446
949	473
949	624
949	677
949	682
949	691
949	725
949	743
949	754
949	769
949	796
949	842
949	879
949	913
949	929
949	986
949	991
949	993
950	168
950	199
950	200
950	259
950	267
950	271
950	356
950	360
950	412
950	488
950	521
950	570
950	634
950	658
950	718
950	720
950	746
950	760
950	765
950	814
950	821
950	860
950	869
950	870
950	896
950	924
950	955
950	965
950	976
950	980
950	993
950	999
951	61
951	126
951	202
951	206
951	265
951	447
951	477
951	518
951	529
951	537
951	564
951	603
951	608
951	628
951	641
951	648
951	714
951	719
951	730
951	749
951	755
951	771
951	787
951	831
951	850
951	872
951	880
951	900
951	901
951	938
951	969
951	987
952	142
952	155
952	295
952	306
952	398
952	413
952	414
952	457
952	550
952	559
952	572
952	582
952	601
952	616
952	632
952	716
952	739
952	761
952	763
952	780
952	844
952	858
952	859
952	865
952	875
952	886
952	887
952	942
952	943
952	948
952	983
952	998
953	6
953	77
953	162
953	213
953	282
953	369
953	404
953	422
953	476
953	546
953	582
953	587
953	598
953	602
953	622
953	669
953	681
953	697
953	701
953	707
953	754
953	764
953	777
953	830
953	854
953	877
953	914
953	931
953	932
953	962
953	979
953	999
954	106
954	155
954	270
954	272
954	520
954	550
954	559
954	572
954	601
954	620
954	664
954	665
954	668
954	691
954	770
954	797
954	807
954	815
954	823
954	875
954	886
954	900
954	904
954	913
954	918
954	920
954	948
954	967
954	968
954	972
954	975
954	998
955	25
955	119
955	229
955	239
955	240
955	289
955	292
955	302
955	304
955	318
955	379
955	384
955	419
955	423
955	465
955	521
955	633
955	705
955	733
955	748
955	750
955	810
955	812
955	817
955	844
955	938
955	940
955	950
955	963
955	967
955	982
955	991
956	51
956	258
956	293
956	339
956	381
956	425
956	532
956	534
956	555
956	604
956	684
956	726
956	773
956	774
956	811
956	852
956	855
956	857
956	864
956	867
956	881
956	907
956	917
956	922
956	926
956	934
956	937
956	967
956	968
956	971
956	974
956	998
956	1000
957	65
957	68
957	159
957	162
957	203
957	384
957	386
957	430
957	447
957	482
957	501
957	605
957	615
957	619
957	621
957	634
957	646
957	656
957	679
957	696
957	721
957	727
957	799
957	833
957	841
957	906
957	916
957	929
957	947
957	963
957	982
957	985
957	988
958	22
958	169
958	308
958	452
958	467
958	585
958	589
958	593
958	611
958	630
958	640
958	684
958	692
958	781
958	793
958	799
958	801
958	812
958	821
958	877
958	884
958	899
958	903
958	908
958	925
958	930
958	963
958	964
958	971
958	975
958	977
958	990
958	997
959	24
959	187
959	234
959	345
959	364
959	389
959	431
959	466
959	474
959	563
959	569
959	574
959	642
959	654
959	657
959	745
959	791
959	834
959	847
959	867
959	885
959	889
959	891
959	909
959	911
959	925
959	941
959	946
959	961
959	971
959	978
959	991
959	995
960	35
960	154
960	202
960	249
960	254
960	265
960	426
960	428
960	448
960	459
960	531
960	547
960	561
960	568
960	625
960	674
960	702
960	710
960	729
960	753
960	825
960	829
960	836
960	852
960	891
960	912
960	914
960	922
960	933
960	934
960	940
960	942
960	989
960	992
961	3
961	180
961	197
961	220
961	259
961	261
961	298
961	305
961	317
961	352
961	367
961	479
961	525
961	599
961	606
961	608
961	617
961	693
961	758
961	766
961	779
961	793
961	798
961	827
961	874
961	883
961	887
961	889
961	916
961	940
961	959
961	973
961	984
961	996
962	162
962	213
962	221
962	281
962	303
962	315
962	349
962	422
962	472
962	476
962	495
962	538
962	543
962	546
962	598
962	602
962	622
962	633
962	669
962	701
962	754
962	764
962	777
962	786
962	797
962	810
962	818
962	827
962	830
962	854
962	931
962	953
962	977
962	979
962	1000
963	87
963	118
963	227
963	247
963	340
963	353
963	385
963	453
963	489
963	491
963	501
963	505
963	590
963	619
963	621
963	650
963	656
963	721
963	727
963	776
963	813
963	831
963	833
963	906
963	907
963	910
963	920
963	955
963	957
963	958
963	968
963	972
963	979
963	982
963	988
964	27
964	29
964	37
964	79
964	83
964	103
964	129
964	233
964	312
964	387
964	430
964	437
964	443
964	500
964	622
964	637
964	711
964	769
964	795
964	821
964	853
964	877
964	882
964	888
964	894
964	903
964	908
964	930
964	940
964	958
964	971
964	977
964	990
964	997
964	999
965	19
965	92
965	113
965	140
965	243
965	378
965	389
965	393
965	400
965	412
965	420
965	437
965	634
965	639
965	658
965	696
965	708
965	709
965	711
965	714
965	718
965	739
965	746
965	752
965	763
965	796
965	809
965	814
965	857
965	896
965	898
965	931
965	936
965	950
965	973
965	980
965	999
966	53
966	148
966	208
966	251
966	277
966	327
966	435
966	462
966	483
966	485
966	503
966	517
966	540
966	542
966	558
966	562
966	660
966	698
966	717
966	720
966	736
966	742
966	744
966	782
966	808
966	835
966	853
966	854
966	861
966	868
966	870
966	877
966	880
966	884
966	923
966	928
966	979
967	14
967	28
967	58
967	62
967	69
967	338
967	380
967	381
967	440
967	461
967	486
967	549
967	555
967	652
967	726
967	731
967	773
967	774
967	796
967	811
967	816
967	839
967	849
967	852
967	855
967	857
967	864
967	894
967	926
967	954
967	955
967	956
967	968
967	974
967	985
967	986
967	1000
968	36
968	46
968	130
968	178
968	244
968	258
968	284
968	293
968	298
968	308
968	311
968	425
968	433
968	454
968	482
968	555
968	604
968	652
968	726
968	731
968	774
968	811
968	834
968	849
968	855
968	857
968	866
968	867
968	898
968	907
968	954
968	956
968	963
968	967
968	986
968	988
968	991
969	253
969	254
969	264
969	301
969	317
969	337
969	395
969	402
969	434
969	530
969	552
969	662
969	681
969	767
969	790
969	791
969	825
969	828
969	842
969	856
969	863
969	892
969	898
969	905
969	915
969	927
969	932
969	936
969	945
969	951
969	971
969	975
969	978
969	981
969	985
969	993
969	995
969	998
970	43
970	54
970	89
970	110
970	133
970	139
970	141
970	269
970	274
970	346
970	383
970	401
970	412
970	471
970	492
970	499
970	512
970	614
970	623
970	689
970	724
970	734
970	740
970	750
970	759
970	782
970	793
970	824
970	848
970	862
970	865
970	903
970	908
970	924
970	939
970	976
970	983
970	994
971	3
971	82
971	264
971	273
971	285
971	288
971	454
971	530
971	590
971	643
971	653
971	662
971	681
971	765
971	768
971	770
971	789
971	800
971	828
971	832
971	842
971	863
971	892
971	915
971	932
971	956
971	958
971	959
971	964
971	969
971	974
971	978
971	981
971	985
971	991
971	993
971	996
971	998
972	21
972	42
972	225
972	306
972	335
972	355
972	442
972	455
972	529
972	559
972	560
972	584
972	601
972	631
972	663
972	666
972	668
972	683
972	690
972	693
972	699
972	710
972	720
972	735
972	775
972	786
972	807
972	823
972	856
972	859
972	886
972	904
972	920
972	942
972	943
972	948
972	954
972	963
973	39
973	92
973	145
973	200
973	350
973	354
973	360
973	378
973	389
973	393
973	468
973	541
973	570
973	585
973	639
973	645
973	695
973	696
973	706
973	708
973	718
973	737
973	746
973	760
973	809
973	814
973	845
973	860
973	869
973	870
973	896
973	899
973	907
973	916
973	923
973	961
973	965
973	980
973	999
974	63
974	173
974	195
974	230
974	315
974	386
974	402
974	409
974	509
974	530
974	681
974	710
974	726
974	768
974	801
974	808
974	814
974	821
974	832
974	842
974	863
974	884
974	892
974	894
974	898
974	900
974	921
974	927
974	932
974	936
974	945
974	956
974	967
974	971
974	978
974	981
974	985
974	993
974	998
975	120
975	228
975	268
975	280
975	307
975	398
975	414
975	424
975	453
975	507
975	520
975	527
975	550
975	584
975	593
975	620
975	641
975	665
975	668
975	683
975	690
975	720
975	764
975	770
975	775
975	807
975	810
975	863
975	875
975	903
975	938
975	942
975	943
975	948
975	954
975	958
975	969
975	979
975	984
976	4
976	89
976	117
976	214
976	275
976	299
976	336
976	359
976	432
976	443
976	496
976	566
976	570
976	624
976	626
976	629
976	632
976	649
976	663
976	666
976	688
976	700
976	724
976	734
976	746
976	762
976	805
976	811
976	865
976	880
976	903
976	904
976	918
976	922
976	924
976	950
976	970
976	989
976	994
976	1000
977	22
977	71
977	85
977	161
977	239
977	276
977	300
977	317
977	321
977	329
977	371
977	457
977	497
977	519
977	535
977	593
977	611
977	635
977	640
977	671
977	692
977	709
977	742
977	801
977	821
977	847
977	871
977	877
977	891
977	893
977	899
977	903
977	909
977	915
977	930
977	958
977	962
977	964
977	979
977	990
978	65
978	109
978	188
978	230
978	253
978	264
978	273
978	283
978	288
978	347
978	359
978	361
978	409
978	421
978	507
978	567
978	613
978	625
978	678
978	710
978	723
978	762
978	767
978	808
978	814
978	826
978	828
978	892
978	899
978	915
978	936
978	945
978	959
978	969
978	971
978	974
978	981
978	988
978	993
978	1000
979	24
979	63
979	77
979	213
979	221
979	281
979	282
979	303
979	349
979	404
979	422
979	476
979	543
979	546
979	598
979	602
979	622
979	669
979	682
979	697
979	701
979	707
979	713
979	733
979	754
979	764
979	777
979	786
979	808
979	830
979	854
979	872
979	923
979	931
979	953
979	962
979	963
979	966
979	975
979	977
979	985
980	92
980	98
980	132
980	140
980	267
980	292
980	389
980	406
980	412
980	468
980	499
980	501
980	541
980	605
980	639
980	658
980	708
980	711
980	718
980	730
980	737
980	739
980	746
980	752
980	760
980	763
980	776
980	782
980	809
980	844
980	860
980	863
980	869
980	896
980	912
980	937
980	950
980	965
980	973
980	994
980	999
981	41
981	60
981	147
981	305
981	361
981	388
981	421
981	428
981	530
981	567
981	577
981	643
981	653
981	656
981	662
981	669
981	681
981	737
981	767
981	768
981	789
981	808
981	812
981	819
981	828
981	863
981	878
981	894
981	917
981	927
981	932
981	936
981	938
981	942
981	945
981	969
981	971
981	974
981	978
981	996
981	998
982	11
982	16
982	118
982	155
982	166
982	242
982	247
982	306
982	340
982	391
982	392
982	487
982	492
982	501
982	505
982	537
982	545
982	546
982	573
982	621
982	646
982	704
982	706
982	735
982	746
982	776
982	783
982	798
982	813
982	826
982	831
982	841
982	845
982	888
982	906
982	929
982	947
982	955
982	957
982	963
982	988
982	989
983	14
983	66
983	86
983	182
983	194
983	237
983	255
983	256
983	266
983	274
983	383
983	412
983	492
983	496
983	519
983	533
983	536
983	538
983	574
983	576
983	612
983	629
983	632
983	636
983	659
983	688
983	694
983	722
983	740
983	745
983	762
983	778
983	848
983	861
983	878
983	890
983	918
983	928
983	933
983	952
983	970
983	993
984	3
984	50
984	52
984	163
984	197
984	220
984	255
984	298
984	305
984	344
984	367
984	373
984	378
984	444
984	462
984	479
984	495
984	525
984	606
984	617
984	625
984	655
984	673
984	693
984	706
984	758
984	766
984	793
984	806
984	822
984	827
984	853
984	883
984	887
984	889
984	916
984	947
984	948
984	961
984	975
984	992
984	996
985	15
985	49
985	76
985	129
985	147
985	374
985	376
985	548
985	577
985	613
985	643
985	644
985	647
985	659
985	678
985	692
985	710
985	734
985	765
985	767
985	768
985	796
985	799
985	808
985	819
985	828
985	832
985	842
985	849
985	890
985	915
985	932
985	936
985	945
985	957
985	967
985	969
985	971
985	974
985	979
985	993
985	998
986	51
986	75
986	96
986	157
986	177
986	205
986	220
986	231
986	287
986	292
986	338
986	405
986	425
986	433
986	438
986	440
986	468
986	486
986	523
986	571
986	575
986	609
986	618
986	672
986	680
986	726
986	757
986	795
986	811
986	813
986	818
986	852
986	855
986	864
986	867
986	890
986	913
986	917
986	926
986	949
986	967
986	968
986	1000
987	10
987	12
987	61
987	126
987	136
987	156
987	211
987	223
987	260
987	291
987	351
987	477
987	502
987	504
987	511
987	533
987	547
987	563
987	564
987	592
987	600
987	603
987	608
987	648
987	650
987	685
987	719
987	730
987	757
987	771
987	784
987	789
987	811
987	850
987	851
987	867
987	900
987	901
987	933
987	938
987	943
987	951
987	992
987	995
988	11
988	40
988	57
988	68
988	121
988	189
988	209
988	227
988	266
988	353
988	394
988	458
988	482
988	505
988	524
988	566
988	594
988	605
988	615
988	621
988	656
988	687
988	704
988	721
988	727
988	729
988	735
988	776
988	784
988	798
988	813
988	833
988	860
988	864
988	879
988	888
988	906
988	920
988	929
988	957
988	963
988	968
988	978
988	982
989	31
989	96
989	117
989	124
989	125
989	154
989	166
989	249
989	265
989	319
989	410
989	428
989	432
989	531
989	587
989	612
989	636
989	647
989	674
989	686
989	702
989	729
989	732
989	785
989	799
989	820
989	825
989	829
989	831
989	844
989	898
989	909
989	912
989	919
989	922
989	927
989	931
989	933
989	934
989	940
989	960
989	976
989	982
989	992
989	998
990	4
990	33
990	79
990	85
990	103
990	128
990	150
990	161
990	175
990	219
990	276
990	280
990	329
990	344
990	379
990	395
990	443
990	500
990	520
990	535
990	585
990	599
990	635
990	637
990	639
990	640
990	643
990	684
990	697
990	709
990	781
990	795
990	801
990	803
990	847
990	877
990	882
990	903
990	908
990	910
990	930
990	933
990	958
990	964
990	977
990	997
991	94
991	105
991	114
991	218
991	224
991	310
991	328
991	396
991	432
991	466
991	474
991	528
991	556
991	563
991	574
991	628
991	674
991	724
991	738
991	747
991	772
991	779
991	791
991	803
991	834
991	838
991	839
991	842
991	845
991	866
991	885
991	891
991	909
991	914
991	925
991	926
991	937
991	941
991	946
991	949
991	955
991	959
991	968
991	971
991	993
991	995
992	78
992	124
992	136
992	143
992	149
992	154
992	166
992	201
992	219
992	245
992	268
992	325
992	397
992	426
992	428
992	442
992	517
992	568
992	581
992	586
992	612
992	651
992	657
992	660
992	686
992	702
992	732
992	745
992	761
992	790
992	792
992	820
992	825
992	829
992	836
992	898
992	920
992	922
992	927
992	932
992	933
992	940
992	960
992	984
992	987
992	989
993	30
993	49
993	230
993	253
993	283
993	357
993	361
993	374
993	397
993	405
993	408
993	454
993	507
993	546
993	653
993	662
993	678
993	704
993	710
993	725
993	765
993	768
993	789
993	808
993	828
993	829
993	832
993	863
993	886
993	892
993	894
993	915
993	921
993	927
993	932
993	936
993	945
993	949
993	950
993	969
993	971
993	974
993	978
993	983
993	985
993	991
993	998
994	10
994	14
994	110
994	125
994	172
994	238
994	275
994	299
994	314
994	323
994	432
994	471
994	519
994	524
994	551
994	581
994	583
994	588
994	613
994	614
994	623
994	626
994	629
994	647
994	653
994	685
994	689
994	715
994	740
994	744
994	762
994	768
994	816
994	820
994	824
994	843
994	862
994	878
994	916
994	918
994	924
994	932
994	935
994	970
994	976
994	980
994	1000
995	21
995	24
995	27
995	47
995	90
995	105
995	114
995	146
995	346
995	357
995	358
995	396
995	431
995	458
995	466
995	489
995	493
995	528
995	529
995	563
995	569
995	586
995	589
995	634
995	664
995	710
995	745
995	747
995	757
995	779
995	801
995	803
995	805
995	834
995	838
995	839
995	845
995	866
995	870
995	883
995	885
995	909
995	925
995	937
995	941
995	959
995	969
995	987
995	991
996	52
996	163
996	171
996	180
996	197
996	204
996	220
996	249
996	261
996	298
996	305
996	339
996	344
996	367
996	386
996	444
996	479
996	498
996	525
996	606
996	614
996	617
996	627
996	641
996	655
996	691
996	692
996	693
996	706
996	758
996	766
996	793
996	806
996	827
996	869
996	874
996	883
996	887
996	889
996	892
996	900
996	903
996	916
996	937
996	939
996	961
996	971
996	981
996	984
997	17
997	132
997	168
997	212
997	276
997	300
997	387
997	437
997	443
997	469
997	500
997	585
997	594
997	611
997	612
997	630
997	637
997	659
997	684
997	692
997	725
997	728
997	769
997	777
997	781
997	789
997	795
997	801
997	802
997	812
997	813
997	814
997	821
997	832
997	847
997	850
997	855
997	871
997	879
997	882
997	883
997	899
997	903
997	906
997	908
997	930
997	958
997	964
997	990
998	30
998	59
998	64
998	65
998	173
998	193
998	285
998	315
998	337
998	365
998	376
998	386
998	390
998	402
998	530
998	564
998	567
998	625
998	678
998	752
998	767
998	768
998	774
998	789
998	797
998	799
998	828
998	832
998	864
998	891
998	892
998	894
998	915
998	927
998	932
998	940
998	945
998	947
998	952
998	954
998	956
998	969
998	971
998	974
998	981
998	985
998	989
998	993
998	999
999	19
999	101
999	140
999	158
999	195
999	259
999	271
999	316
999	350
999	360
999	378
999	389
999	393
999	415
999	425
999	446
999	600
999	634
999	639
999	645
999	658
999	685
999	696
999	711
999	718
999	737
999	739
999	746
999	750
999	752
999	760
999	763
999	809
999	814
999	856
999	860
999	868
999	869
999	875
999	896
999	921
999	940
999	950
999	953
999	964
999	965
999	973
999	980
999	998
1000	5
1000	89
1000	110
1000	117
1000	194
1000	243
1000	285
1000	290
1000	325
1000	336
1000	341
1000	343
1000	371
1000	380
1000	522
1000	523
1000	524
1000	551
1000	566
1000	588
1000	623
1000	649
1000	666
1000	687
1000	688
1000	715
1000	722
1000	739
1000	740
1000	741
1000	762
1000	805
1000	824
1000	843
1000	852
1000	873
1000	878
1000	886
1000	890
1000	904
1000	914
1000	918
1000	924
1000	956
1000	962
1000	967
1000	976
1000	978
1000	986
1000	994
