1	805
1	882
1	960
1	997
2	211
2	867
2	892
2	1000
3	751
3	754
3	840
3	927
4	272
4	877
4	900
4	936
5	198
5	856
5	977
5	998
6	127
6	614
6	641
6	737
7	767
7	911
7	912
7	969
8	346
8	675
8	912
8	969
9	787
9	843
9	868
9	943
10	299
10	651
10	785
10	895
11	567
11	647
11	915
11	989
12	131
12	577
12	851
12	986
13	429
13	624
13	788
13	935
14	191
14	257
14	667
14	931
15	164
15	911
15	943
15	969
16	883
16	903
16	984
16	993
17	243
17	650
17	820
17	994
18	753
18	858
18	888
18	993
19	901
19	921
19	931
19	939
20	769
20	874
20	895
20	915
21	26
21	801
21	913
21	984
22	249
22	522
22	701
22	957
23	962
23	983
23	987
23	988
24	688
24	729
24	964
24	991
25	786
25	946
25	962
25	988
26	21
26	804
26	816
26	967
27	549
27	661
27	935
27	950
28	485
28	868
28	882
28	986
29	63
29	922
29	967
29	979
30	648
30	936
30	959
30	994
31	455
31	588
31	749
31	993
32	271
32	630
32	940
32	997
33	670
33	747
33	805
33	869
34	61
34	630
34	856
34	969
35	371
35	532
35	944
35	970
36	129
36	620
36	796
36	998
37	782
37	875
37	882
37	966
38	211
38	373
38	881
38	918
39	775
39	853
39	924
39	933
40	755
40	793
40	840
40	993
41	568
41	651
41	813
41	829
42	655
42	855
42	970
42	989
43	915
43	946
43	988
43	992
44	974
44	981
44	992
44	994
45	128
45	676
45	911
45	944
46	892
46	948
46	957
46	983
47	592
47	737
47	862
47	927
48	186
48	975
48	989
48	996
49	144
49	285
49	958
49	991
50	527
50	825
50	906
50	937
51	403
51	781
51	811
51	935
52	437
52	857
52	884
52	997
53	506
53	772
53	912
53	969
54	270
54	607
54	667
54	876
55	256
55	782
55	941
55	973
56	779
56	816
56	863
56	901
57	420
57	978
57	993
57	997
58	607
58	921
58	930
58	953
59	837
59	898
59	928
59	974
60	633
60	964
60	991
60	999
61	34
61	576
61	577
61	989
62	798
62	813
62	895
62	971
63	29
63	744
63	933
63	939
64	365
64	611
64	935
64	995
65	974
65	984
65	988
65	993
66	378
66	793
66	902
66	956
67	341
67	641
67	842
67	955
68	604
68	773
68	886
68	1000
69	243
69	590
69	851
69	985
70	219
70	747
70	898
70	923
71	711
71	919
71	938
71	965
72	161
72	545
72	935
72	940
73	141
73	409
73	523
73	560
74	88
74	232
74	583
74	638
75	262
75	744
75	920
75	923
76	362
76	526
76	879
76	999
77	376
77	707
77	955
77	985
78	107
78	802
78	846
78	882
79	270
79	596
79	862
79	947
80	398
80	411
80	856
80	904
81	320
81	457
81	777
81	999
82	269
82	465
82	850
82	949
83	717
83	838
83	845
83	969
84	902
84	954
84	956
84	999
85	513
85	787
85	953
85	966
86	916
86	939
86	953
86	967
87	712
87	865
87	925
87	960
88	74
88	132
88	985
88	987
89	831
89	941
89	976
89	997
90	470
90	858
90	932
90	990
91	159
91	512
91	709
91	890
92	699
92	949
92	959
92	971
93	473
93	866
93	888
93	926
94	396
94	605
94	963
94	996
95	168
95	433
95	766
95	989
96	175
96	276
96	688
96	1000
97	645
97	707
97	970
97	985
98	447
98	835
98	917
98	960
99	141
99	850
99	963
99	996
100	132
100	689
100	822
100	866
101	801
101	866
101	941
101	990
102	718
102	772
102	888
102	941
103	508
103	579
103	944
103	985
104	113
104	726
104	750
104	897
105	275
105	446
105	593
105	907
106	772
106	820
106	883
106	993
107	78
107	156
107	750
107	904
108	628
108	733
108	738
108	995
109	372
109	935
109	957
109	991
110	761
110	846
110	969
110	1000
111	654
111	873
111	945
111	996
112	536
112	913
112	921
112	972
113	104
113	282
113	461
113	998
114	398
114	452
114	529
114	905
115	238
115	669
115	972
115	987
116	497
116	581
116	957
116	967
117	369
117	621
117	904
117	979
118	823
118	945
118	954
118	956
119	445
119	786
119	959
119	986
120	646
120	925
120	980
120	981
121	206
121	674
121	862
121	983
122	205
122	721
122	872
122	965
123	149
123	785
123	917
123	970
124	711
124	740
124	911
124	986
125	719
125	948
125	987
125	1000
126	340
126	894
126	965
126	994
127	6
127	347
127	820
127	928
128	45
128	589
128	621
128	850
129	36
129	606
129	644
129	914
130	481
130	497
130	691
130	851
131	12
131	315
131	565
131	767
132	88
132	100
132	373
132	944
133	287
133	620
133	625
133	961
134	546
134	566
134	919
134	983
135	274
135	803
135	922
135	963
136	403
136	610
136	701
136	895
137	698
137	831
137	963
137	969
138	610
138	643
138	792
138	980
139	333
139	447
139	908
139	921
140	856
140	875
140	932
140	978
141	73
141	99
141	907
141	978
142	613
142	841
142	933
142	945
143	555
143	747
143	919
143	963
144	49
144	799
144	944
144	985
145	769
145	868
145	977
145	978
146	338
146	510
146	926
146	946
147	516
147	875
147	954
147	956
148	384
148	619
148	812
148	831
149	123
149	308
149	390
149	690
150	607
150	684
150	769
150	893
151	838
151	925
151	961
151	969
152	169
152	667
152	905
152	987
153	727
153	805
153	913
153	980
154	282
154	917
154	961
154	991
155	737
155	947
155	953
155	972
156	107
156	848
156	889
156	892
157	384
157	792
157	811
157	965
158	668
158	730
158	920
158	951
159	91
159	539
159	906
159	944
160	387
160	629
160	636
160	722
161	72
161	344
161	540
161	991
162	483
162	524
162	759
162	864
163	323
163	332
163	504
163	580
164	15
164	386
164	911
164	969
165	391
165	416
165	855
165	887
166	404
166	653
166	958
166	991
167	715
167	736
167	807
167	921
168	95
168	824
168	965
168	989
169	152
169	229
169	236
169	307
170	567
170	786
170	943
170	977
171	234
171	275
171	738
171	995
172	357
172	904
172	968
172	994
173	231
173	309
173	578
173	925
174	436
174	469
174	708
174	884
175	96
175	470
175	797
175	983
176	310
176	762
176	812
176	988
177	230
177	258
177	304
177	631
178	471
178	974
178	984
178	991
179	686
179	719
179	885
179	992
180	283
180	879
180	941
180	964
181	677
181	819
181	973
181	981
182	389
182	627
182	820
182	943
183	603
183	780
183	954
183	956
184	283
184	332
184	498
184	700
185	403
185	759
185	771
185	872
186	48
186	529
186	907
186	995
187	363
187	907
187	935
187	1000
188	746
188	928
188	934
188	988
189	642
189	906
189	963
189	972
190	714
190	727
190	815
190	987
191	14
191	792
191	962
191	988
192	358
192	612
192	990
192	993
193	456
193	748
193	921
193	972
194	273
194	430
194	656
194	746
195	607
195	814
195	867
195	870
196	593
196	814
196	966
196	998
197	899
197	927
197	988
197	994
198	5
198	574
198	877
198	970
199	792
199	833
199	971
199	996
200	315
200	723
200	911
200	933
201	442
201	537
201	703
201	999
202	744
202	836
202	954
202	956
203	765
203	864
203	899
203	909
204	821
204	885
204	952
204	979
205	122
205	301
205	629
205	897
206	121
206	980
206	995
206	996
207	560
207	899
207	948
207	983
208	946
208	962
208	977
208	988
209	260
209	527
209	542
209	693
210	722
210	796
210	954
210	956
211	2
211	38
211	753
211	874
212	659
212	742
212	794
212	886
213	434
213	795
213	841
213	957
214	510
214	571
214	910
214	965
215	288
215	798
215	968
215	994
216	709
216	760
216	872
216	985
217	663
217	913
217	926
217	986
218	424
218	506
218	764
218	775
219	70
219	497
219	693
219	766
220	694
220	707
220	758
220	842
221	287
221	292
221	971
221	974
222	854
222	896
222	955
222	970
223	735
223	973
223	986
223	999
224	314
224	438
224	701
224	776
225	370
225	927
225	968
225	994
226	713
226	746
226	936
226	961
227	825
227	983
227	987
227	991
228	781
228	886
228	937
228	969
229	169
229	427
229	553
229	771
230	177
230	958
230	979
230	982
231	173
231	902
231	918
231	925
232	74
232	427
232	931
232	991
233	655
233	699
233	775
233	874
234	171
234	406
234	519
234	734
235	745
235	914
235	946
235	989
236	169
236	763
236	766
236	906
237	320
237	524
237	894
237	992
238	115
238	303
238	987
238	989
239	467
239	960
239	987
239	997
240	588
240	597
240	686
240	774
241	351
241	706
241	868
241	974
242	759
242	846
242	900
242	983
243	17
243	69
243	408
243	461
244	616
244	817
244	979
244	982
245	406
245	600
245	951
245	971
246	772
246	845
246	880
246	962
247	269
247	432
247	906
247	970
248	446
248	961
248	978
248	994
249	22
249	328
249	526
249	950
249	951
250	660
250	848
250	918
250	979
250	982
251	622
251	904
251	943
251	978
251	998
252	779
252	879
252	916
252	956
252	992
253	629
253	636
253	657
253	787
253	931
254	305
254	541
254	915
254	971
254	999
255	801
255	866
255	887
255	935
255	951
256	55
256	648
256	976
256	985
256	992
257	14
257	463
257	769
257	989
257	991
258	177
258	631
258	879
258	914
258	915
259	829
259	861
259	890
259	902
259	980
260	209
260	321
260	742
260	810
260	813
261	348
261	697
261	834
261	838
261	969
262	75
262	352
262	880
262	896
262	946
263	395
263	816
263	829
263	934
263	939
264	734
264	917
264	927
264	968
264	994
265	436
265	536
265	883
265	913
265	993
266	586
266	798
266	802
266	895
266	964
267	720
267	753
267	841
267	974
267	984
268	338
268	846
268	847
268	933
268	945
269	82
269	247
269	310
269	937
269	960
270	54
270	79
270	628
270	923
270	988
271	32
271	916
271	927
271	965
271	994
272	4
272	897
272	914
272	944
272	998
273	194
273	390
273	403
273	924
273	945
274	135
274	844
274	889
274	967
274	994
275	105
275	171
275	617
275	857
275	975
276	96
276	528
276	803
276	811
276	967
277	728
277	849
277	931
277	979
277	986
278	566
278	614
278	825
278	909
278	983
279	855
279	946
279	962
279	969
279	988
280	287
280	828
280	934
280	980
280	988
281	798
281	812
281	928
281	938
281	962
282	113
282	154
282	331
282	781
282	914
283	180
283	184
283	363
283	808
283	873
284	484
284	500
284	644
284	864
284	873
285	49
285	564
285	860
285	880
285	985
286	434
286	777
286	897
286	991
286	1000
287	133
287	221
287	280
287	597
287	687
288	215
288	756
288	790
288	852
288	937
289	857
289	893
289	948
289	986
289	996
290	449
290	494
290	782
290	918
290	951
291	578
291	797
291	801
291	859
291	939
292	221
292	691
292	760
292	820
292	880
293	734
293	751
293	819
293	836
293	986
294	426
294	429
294	836
294	948
294	990
295	664
295	885
295	955
295	985
295	996
296	575
296	889
296	892
296	941
296	942
297	458
297	518
297	623
297	963
297	996
298	534
298	574
298	672
298	679
298	776
299	10
299	317
299	610
299	730
299	958
300	770
300	833
300	845
300	950
300	969
301	205
301	811
301	837
301	896
301	979
302	313
302	844
302	918
302	957
302	983
303	238
303	551
303	813
303	973
303	998
304	177
304	684
304	743
304	874
304	998
305	254
305	542
305	630
305	881
305	1000
306	798
306	903
306	959
306	965
306	984
307	169
307	535
307	839
307	980
307	998
308	149
308	338
308	409
308	542
308	862
309	173
309	517
309	825
309	852
309	953
310	176
310	269
310	877
310	931
310	937
311	734
311	778
311	793
311	821
311	975
312	398
312	688
312	802
312	865
312	997
313	302
313	530
313	566
313	645
313	988
314	224
314	924
314	933
314	945
314	994
315	131
315	200
315	327
315	534
315	955
316	528
316	755
316	924
316	933
316	945
317	299
317	568
317	860
317	895
317	955
318	472
318	527
318	687
318	968
318	995
319	779
319	814
319	886
319	975
319	1000
320	81
320	237
320	455
320	886
320	992
321	260
321	417
321	755
321	809
321	855
322	811
322	858
322	864
322	893
322	980
323	163
323	433
323	777
323	908
323	943
324	519
324	863
324	883
324	913
324	963
325	649
325	760
325	776
325	832
325	895
326	856
326	899
326	974
326	990
326	999
327	315
327	824
327	868
327	897
327	971
328	249
328	442
328	695
328	889
328	942
329	586
329	661
329	806
329	891
329	996
330	455
330	478
330	541
330	701
330	928
331	282
331	441
331	847
331	943
331	958
332	163
332	184
332	541
332	955
332	970
333	139
333	839
333	915
333	935
333	1000
334	877
334	878
334	933
334	936
334	966
335	555
335	911
335	976
335	981
335	999
336	504
336	538
336	639
336	899
336	948
337	512
337	706
337	820
337	867
337	885
338	146
338	268
338	308
338	833
338	888
339	619
339	823
339	865
339	952
339	980
340	126
340	469
340	949
340	964
340	976
341	67
341	549
341	936
341	980
341	995
342	405
342	504
342	515
342	971
342	978
343	362
343	919
343	948
343	957
343	963
344	161
344	361
344	413
344	710
344	836
345	441
345	560
345	671
345	907
345	985
346	8
346	573
346	592
346	838
346	969
347	127
347	497
347	707
347	874
347	917
348	261
348	912
348	969
348	978
348	995
349	371
349	893
349	920
349	947
349	979
350	898
350	942
350	957
350	974
350	990
351	241
351	750
351	845
351	974
351	990
352	262
352	750
352	935
352	975
352	979
353	397
353	836
353	905
353	936
353	977
354	522
354	698
354	899
354	909
354	983
355	928
355	960
355	968
355	986
355	997
356	586
356	862
356	923
356	947
356	961
357	172
357	906
357	930
357	931
357	993
358	192
358	779
358	911
358	969
358	992
359	816
359	902
359	954
359	956
359	1000
360	397
360	959
360	960
360	985
360	997
361	344
361	479
361	593
361	982
361	1000
362	76
362	343
362	389
362	418
362	441
363	187
363	283
363	905
363	929
363	943
364	554
364	632
364	843
364	905
364	972
365	64
365	531
365	611
365	854
365	960
366	854
366	864
366	875
366	887
366	890
367	712
367	761
367	958
367	971
367	1000
368	513
368	771
368	872
368	901
368	968
369	117
369	823
369	903
369	938
369	965
370	225
370	371
370	495
370	843
370	951
371	35
371	349
371	370
371	889
371	928
372	109
372	664
372	788
372	815
372	859
373	38
373	132
373	511
373	532
373	630
374	395
374	455
374	478
374	515
374	517
375	400
375	407
375	413
375	479
375	979
376	77
376	528
376	702
376	972
376	980
377	684
377	865
377	949
377	960
377	997
378	66
378	535
378	729
378	762
378	923
379	834
379	903
379	973
379	986
379	997
380	460
380	461
380	754
380	760
380	904
381	763
381	816
381	829
381	922
381	938
382	627
382	670
382	708
382	837
382	979
383	449
383	702
383	939
383	953
383	972
384	148
384	157
384	811
384	870
384	958
385	732
385	792
385	815
385	887
385	926
386	164
386	632
386	657
386	713
386	762
387	160
387	861
387	876
387	925
387	960
388	457
388	533
388	784
388	938
388	994
389	182
389	362
389	692
389	715
389	754
390	149
390	273
390	924
390	933
390	995
391	165
391	479
391	659
391	728
391	996
392	463
392	913
392	932
392	972
392	984
393	515
393	629
393	769
393	915
393	983
394	404
394	670
394	878
394	978
394	997
395	263
395	374
395	776
395	798
395	813
396	94
396	725
396	879
396	929
396	943
396	999
397	353
397	360
397	620
397	751
397	819
397	882
398	80
398	114
398	312
398	411
398	870
398	904
399	621
399	646
399	682
399	780
399	987
399	1000
400	375
400	629
400	857
400	870
400	873
400	966
401	414
401	897
401	939
401	976
401	977
401	998
402	671
402	693
402	744
402	780
402	843
402	892
403	51
403	136
403	185
403	273
403	908
403	958
404	166
404	394
404	731
404	965
404	968
404	994
405	342
405	693
405	859
405	935
405	990
405	993
406	234
406	245
406	563
406	569
406	858
406	890
407	375
407	723
407	778
407	927
407	938
407	965
408	243
408	552
408	914
408	915
408	989
408	996
409	73
409	308
409	691
409	705
409	951
409	971
410	613
410	724
410	895
410	921
410	922
410	972
411	80
411	398
411	645
411	853
411	914
411	982
412	622
412	868
412	927
412	930
412	953
412	972
413	344
413	375
413	519
413	597
413	756
413	982
414	401
414	462
414	641
414	943
414	966
414	977
415	469
415	650
415	671
415	769
415	885
415	976
416	165
416	493
416	501
416	527
416	861
416	864
417	321
417	893
417	907
417	975
417	984
417	996
418	362
418	457
418	681
418	818
418	929
418	983
419	451
419	800
419	881
419	882
419	947
419	989
420	57
420	683
420	712
420	765
420	884
420	938
421	471
421	650
421	690
421	713
421	753
421	892
422	538
422	705
422	893
422	919
422	957
422	983
423	537
423	814
423	872
423	940
423	958
423	995
424	218
424	751
424	881
424	927
424	959
424	994
425	692
425	746
425	924
425	955
425	961
425	977
426	294
426	755
426	778
426	790
426	959
426	965
427	229
427	232
427	861
427	976
427	987
427	1000
428	667
428	758
428	816
428	844
428	939
428	967
429	13
429	294
429	554
429	909
429	919
429	948
430	194
430	477
430	635
430	738
430	800
430	976
431	741
431	832
431	855
431	958
431	972
431	984
432	247
432	747
432	758
432	800
432	876
432	918
433	95
433	323
433	485
433	536
433	740
433	921
434	213
434	286
434	454
434	735
434	973
434	976
435	866
435	887
435	964
435	973
435	980
435	995
436	174
436	265
436	660
436	891
436	949
436	950
437	52
437	477
437	664
437	686
437	712
437	949
438	224
438	529
438	723
438	933
438	945
438	973
439	550
439	679
439	822
439	847
439	939
439	955
440	862
440	871
440	934
440	952
440	962
440	988
441	331
441	345
441	362
441	824
441	839
441	998
442	201
442	328
442	817
442	941
442	949
442	986
443	653
443	906
443	908
443	930
443	987
443	1000
444	541
444	804
444	829
444	939
444	967
444	978
445	119
445	727
445	883
445	952
445	971
445	995
446	105
446	248
446	878
446	978
446	984
446	993
447	98
447	139
447	557
447	733
447	960
447	997
448	871
448	912
448	934
448	946
448	953
448	983
449	290
449	383
449	873
449	910
449	922
449	936
450	847
450	868
450	929
450	941
450	964
450	976
451	419
451	644
451	859
451	874
451	918
451	970
452	114
452	521
452	738
452	849
452	910
452	924
453	476
453	697
453	823
453	953
453	956
453	972
454	434
454	669
454	674
454	922
454	957
454	983
455	31
455	320
455	330
455	374
455	586
455	895
456	193
456	516
456	560
456	817
456	826
456	894
457	81
457	388
457	418
457	841
457	844
457	976
458	297
458	542
458	726
458	866
458	888
458	974
459	477
459	573
459	817
459	867
459	912
459	916
460	380
460	822
460	936
460	944
460	979
460	985
461	113
461	243
461	380
461	509
461	760
461	832
462	414
462	702
462	788
462	900
462	960
462	987
463	257
463	392
463	727
463	801
463	918
463	980
464	817
464	820
464	899
464	948
464	957
464	969
465	82
465	633
465	879
465	966
465	996
465	999
466	507
466	623
466	661
466	950
466	975
466	981
467	239
467	550
467	852
467	883
467	959
467	986
468	548
468	774
468	865
468	870
468	940
468	956
469	174
469	340
469	415
469	559
469	579
469	970
470	90
470	175
470	617
470	739
470	792
470	842
471	178
471	421
471	605
471	811
471	922
471	967
472	318
472	509
472	661
472	863
472	901
472	908
473	93
473	587
473	675
473	773
473	777
473	809
474	646
474	788
474	928
474	946
474	962
474	988
475	718
475	875
475	902
475	954
475	956
475	977
476	453
476	584
476	674
476	892
476	899
476	983
477	430
477	437
477	459
477	544
477	792
477	999
478	330
478	374
478	669
478	768
478	776
478	984
479	361
479	375
479	391
479	708
479	787
479	976
480	928
480	934
480	936
480	946
480	974
480	988
481	130
481	875
481	902
481	954
481	956
481	995
482	617
482	654
482	809
482	900
482	908
482	958
483	162
483	715
483	892
483	942
483	947
483	990
484	284
484	601
484	614
484	662
484	684
484	887
485	28
485	433
485	584
485	640
485	874
485	989
486	760
486	896
486	902
486	954
486	956
486	997
487	567
487	636
487	791
487	828
487	831
487	973
488	638
488	709
488	796
488	865
488	873
488	998
489	522
489	783
489	813
489	860
489	895
489	973
490	608
490	790
490	853
490	865
490	960
490	986
491	918
491	938
491	952
491	959
491	968
491	994
492	643
492	689
492	796
492	943
492	977
492	998
493	416
493	696
493	878
493	882
493	986
493	997
494	290
494	768
494	824
494	866
494	895
494	998
495	370
495	739
495	743
495	913
495	956
495	960
496	818
496	872
496	897
496	964
496	986
496	992
497	116
497	130
497	219
497	347
497	822
497	985
498	184
498	673
498	851
498	955
498	970
498	974
499	599
499	850
499	902
499	973
499	981
499	991
500	284
500	630
500	652
500	716
500	873
500	881
501	416
501	801
501	902
501	954
501	956
501	991
502	610
502	672
502	909
502	919
502	957
502	967
503	672
503	724
503	774
503	806
503	828
503	932
504	163
504	336
504	342
504	974
504	978
504	984
505	732
505	737
505	872
505	907
505	918
505	991
506	53
506	218
506	507
506	929
506	949
506	971
507	466
507	506
507	559
507	735
507	992
507	993
508	103
508	703
508	850
508	909
508	919
508	983
509	461
509	472
509	671
509	851
509	869
509	985
510	146
510	214
510	564
510	853
510	932
510	982
511	373
511	647
511	664
511	735
511	948
511	989
512	91
512	337
512	627
512	799
512	846
512	955
512	959
513	85
513	368
513	623
513	847
513	869
513	907
513	996
514	542
514	755
514	778
514	883
514	932
514	943
514	993
515	342
515	374
515	393
515	815
515	881
515	895
515	989
516	147
516	456
516	608
516	731
516	738
516	926
516	952
517	309
517	374
517	695
517	698
517	894
517	952
517	995
518	297
518	599
518	749
518	778
518	890
518	968
518	994
519	234
519	324
519	413
519	561
519	869
519	950
519	981
520	598
520	633
520	671
520	840
520	903
520	959
520	994
521	452
521	733
521	875
521	902
521	954
521	956
521	958
522	22
522	354
522	489
522	649
522	704
522	798
522	991
523	73
523	677
523	824
523	857
523	930
523	975
523	996
524	162
524	237
524	691
524	777
524	808
524	908
524	991
525	526
525	639
525	662
525	673
525	715
525	902
525	947
526	76
526	249
526	525
526	651
526	705
526	853
526	942
527	50
527	209
527	318
527	416
527	876
527	877
527	970
528	276
528	316
528	376
528	825
528	930
528	953
528	972
529	114
529	186
529	438
529	775
529	924
529	945
529	948
530	313
530	826
530	864
530	894
530	933
530	950
530	971
531	365
531	566
531	873
531	908
531	949
531	987
531	991
532	35
532	373
532	602
532	751
532	878
532	960
532	986
533	388
533	897
533	929
533	938
533	965
533	994
533	995
534	298
534	315
534	803
534	899
534	944
534	970
534	982
535	307
535	378
535	636
535	784
535	905
535	988
535	993
536	112
536	265
536	433
536	701
536	815
536	859
536	989
537	201
537	423
537	771
537	846
537	860
537	886
537	944
538	336
538	422
538	899
538	957
538	971
538	983
538	988
539	159
539	550
539	578
539	864
539	870
539	971
539	989
540	161
540	558
540	705
540	737
540	846
540	900
540	1000
541	254
541	330
541	332
541	444
541	591
541	655
541	667
542	209
542	305
542	308
542	458
542	514
542	749
542	995
543	748
543	848
543	871
543	928
543	934
543	962
543	988
544	477
544	562
544	590
544	714
544	984
544	991
544	1000
545	72
545	811
545	816
545	893
545	922
545	939
545	957
546	134
546	768
546	819
546	924
546	940
546	956
546	997
547	558
547	593
547	863
547	919
547	983
547	996
547	997
548	468
548	608
548	766
548	782
548	915
548	940
548	997
549	27
549	341
549	666
549	734
549	812
549	950
549	996
550	439
550	467
550	539
550	608
550	751
550	786
550	960
551	303
551	649
551	798
551	813
551	930
551	962
551	967
552	408
552	568
552	610
552	651
552	831
552	848
552	895
553	229
553	759
553	797
553	834
553	940
553	986
553	997
554	364
554	429
554	628
554	705
554	923
554	964
554	984
555	143
555	335
555	698
555	736
555	917
555	963
555	975
556	847
556	862
556	916
556	924
556	933
556	945
556	974
557	447
557	581
557	797
557	854
557	955
557	970
557	985
558	540
558	547
558	680
558	801
558	804
558	872
558	891
559	469
559	507
559	785
559	794
559	831
559	911
559	992
560	73
560	207
560	345
560	456
560	679
560	700
560	885
561	519
561	664
561	690
561	752
561	874
561	914
561	921
562	544
562	678
562	744
562	818
562	889
562	920
562	942
563	406
563	807
563	934
563	946
563	962
563	986
563	988
564	285
564	510
564	688
564	846
564	925
564	958
564	979
565	131
565	601
565	665
565	691
565	799
565	908
565	984
566	134
566	278
566	313
566	531
566	877
566	948
566	983
567	11
567	170
567	487
567	800
567	835
567	981
567	992
568	41
568	317
568	552
568	638
568	723
568	891
568	895
569	406
569	840
569	879
569	932
569	938
569	968
569	994
570	780
570	793
570	875
570	889
570	954
570	956
570	973
571	214
571	640
571	756
571	849
571	885
571	962
571	982
572	733
572	867
572	928
572	934
572	946
572	964
572	988
573	346
573	459
573	617
573	761
573	916
573	964
573	992
574	198
574	298
574	795
574	871
574	955
574	970
574	988
575	296
575	836
575	840
575	899
575	919
575	957
575	983
576	61
576	790
576	823
576	852
576	909
576	940
576	953
577	12
577	61
577	682
577	684
577	859
577	964
577	989
578	173
578	291
578	539
578	646
578	710
578	928
578	995
579	103
579	469
579	789
579	917
579	942
579	944
579	970
580	163
580	595
580	602
580	855
580	931
580	942
580	991
581	116
581	557
581	829
581	844
581	967
581	975
581	994
582	736
582	759
582	772
582	816
582	862
582	947
582	951
583	74
583	632
583	685
583	796
583	961
583	966
583	998
584	476
584	485
584	618
584	690
584	892
584	942
584	951
585	734
585	765
585	892
585	900
585	909
585	963
585	975
586	266
586	329
586	356
586	455
586	622
586	776
586	813
587	473
587	602
587	653
587	743
587	927
587	985
587	1000
588	31
588	240
588	687
588	762
588	890
588	950
588	985
589	128
589	680
589	725
589	841
589	890
589	964
589	989
590	69
590	544
590	626
590	644
590	736
590	759
590	788
591	541
591	641
591	655
591	680
591	796
591	881
591	989
592	47
592	346
592	866
592	875
592	921
592	953
592	972
593	105
593	196
593	361
593	547
593	869
593	985
593	996
594	623
594	735
594	831
594	843
594	873
594	992
594	999
595	580
595	685
595	803
595	886
595	891
595	958
595	987
596	79
596	616
596	658
596	692
596	767
596	849
596	941
597	240
597	287
597	413
597	702
597	733
597	764
597	821
598	520
598	660
598	782
598	800
598	850
598	973
598	999
599	499
599	518
599	672
599	937
599	959
599	968
599	994
600	245
600	850
600	876
600	925
600	971
600	979
600	987
601	484
601	565
601	664
601	798
601	816
601	859
601	989
602	532
602	580
602	587
602	761
602	855
602	905
602	920
602	987
603	183
603	611
603	722
603	896
603	898
603	913
603	978
603	990
604	68
604	681
604	729
604	796
604	922
604	939
604	940
604	967
605	94
605	471
605	631
605	661
605	893
605	933
605	938
605	996
606	129
606	647
606	692
606	704
606	815
606	914
606	992
606	993
607	54
607	58
607	150
607	195
607	644
607	919
607	965
607	989
608	490
608	516
608	548
608	550
608	734
608	819
608	949
608	997
609	697
609	782
609	795
609	925
609	931
609	953
609	964
609	972
610	136
610	138
610	299
610	502
610	552
610	895
610	929
610	959
611	64
611	365
611	603
611	670
611	777
611	860
611	975
611	987
612	192
612	797
612	836
612	877
612	883
612	913
612	974
612	978
613	142
613	410
613	874
613	921
613	930
613	931
613	953
613	985
614	6
614	278
614	484
614	881
614	901
614	915
614	924
614	989
615	638
615	761
615	765
615	877
615	897
615	966
615	985
615	986
616	244
616	596
616	625
616	750
616	910
616	936
616	982
616	992
617	275
617	470
617	482
617	573
617	747
617	888
617	929
617	995
618	584
618	638
618	795
618	843
618	949
618	976
618	981
618	999
619	148
619	339
619	621
619	622
619	805
619	884
619	995
619	998
620	36
620	133
620	397
620	716
620	810
620	908
620	961
620	966
621	117
621	128
621	399
621	619
621	821
621	894
621	926
621	995
622	251
622	412
622	586
622	619
622	625
622	877
622	961
622	977
623	297
623	466
623	513
623	594
623	626
623	950
623	956
623	975
624	13
624	704
624	771
624	852
624	854
624	886
624	908
624	998
625	133
625	616
625	622
625	782
625	905
625	916
625	960
625	977
626	590
626	623
626	715
626	809
626	813
626	942
626	987
626	1000
627	182
627	382
627	512
627	656
627	731
627	764
627	949
627	984
628	108
628	270
628	554
628	697
628	738
628	920
628	942
628	947
629	160
629	205
629	253
629	393
629	400
629	782
629	860
629	861
630	32
630	34
630	305
630	373
630	500
630	679
630	833
630	989
631	177
631	258
631	605
631	683
631	793
631	963
631	975
631	977
632	364
632	386
632	583
632	673
632	700
632	729
632	844
632	947
633	60
633	465
633	520
633	666
633	668
633	960
633	976
633	999
634	735
634	858
634	909
634	925
634	926
634	952
634	954
634	980
635	430
635	830
635	903
635	927
635	959
635	962
635	968
635	994
636	160
636	253
636	487
636	535
636	900
636	961
636	983
636	998
637	693
637	847
637	924
637	933
637	945
637	982
637	985
637	987
638	74
638	488
638	568
638	615
638	618
638	936
638	988
638	1000
639	336
639	525
639	831
639	933
639	954
639	973
639	976
639	981
640	485
640	571
640	769
640	822
640	914
640	915
640	941
640	955
641	6
641	67
641	414
641	591
641	790
641	827
641	931
641	972
642	189
642	716
642	808
642	877
642	922
642	966
642	977
642	989
643	138
643	492
643	749
643	849
643	858
643	870
643	894
643	977
644	129
644	284
644	451
644	590
644	607
644	728
644	791
644	881
645	97
645	313
645	411
645	836
645	948
645	957
645	978
645	983
646	120
646	399
646	474
646	578
646	777
646	860
646	908
646	935
647	11
647	511
647	606
647	730
647	752
647	807
647	860
647	881
648	30
648	256
648	739
648	967
648	972
648	974
648	978
648	993
649	325
649	522
649	551
649	713
649	776
649	799
649	819
649	949
650	17
650	415
650	421
650	743
650	785
650	885
650	935
650	940
651	10
651	41
651	526
651	552
651	669
651	740
651	895
651	903
652	500
652	665
652	775
652	847
652	924
652	933
652	945
652	948
653	166
653	443
653	587
653	655
653	742
653	804
653	855
653	997
654	111
654	482
654	723
654	812
654	847
654	911
654	924
654	933
654	945
655	42
655	233
655	541
655	591
655	653
655	815
655	832
655	894
655	914
656	194
656	627
656	826
656	934
656	964
656	969
656	973
656	976
656	991
657	253
657	386
657	658
657	836
657	909
657	919
657	929
657	948
657	983
658	596
658	657
658	836
658	909
658	921
658	938
658	948
658	957
658	983
659	212
659	391
659	740
659	750
659	826
659	880
659	903
659	904
659	979
660	250
660	436
660	598
660	857
660	863
660	901
660	930
660	991
660	996
661	27
661	329
661	466
661	472
661	605
661	845
661	867
661	968
661	992
662	484
662	525
662	668
662	774
662	978
662	984
662	990
662	993
662	995
663	217
663	677
663	707
663	736
663	821
663	940
663	960
663	986
663	997
664	295
664	372
664	437
664	511
664	561
664	601
664	667
664	720
664	809
665	565
665	652
665	676
665	691
665	799
665	845
665	854
665	870
665	944
666	549
666	633
666	780
666	813
666	875
666	902
666	954
666	956
666	1000
667	14
667	54
667	152
667	428
667	541
667	664
667	834
667	914
667	943
668	158
668	633
668	662
668	794
668	879
668	916
668	929
668	973
668	987
669	115
669	454
669	478
669	651
669	701
669	813
669	914
669	950
669	1000
670	33
670	382
670	394
670	611
670	802
670	834
670	940
670	962
670	997
671	345
671	402
671	415
671	509
671	520
671	733
671	854
671	930
671	970
672	298
672	502
672	503
672	599
672	743
672	883
672	974
672	985
672	990
673	498
673	525
673	632
673	736
673	762
673	923
673	962
673	991
673	998
674	121
674	454
674	476
674	836
674	843
674	850
674	948
674	957
674	978
675	8
675	473
675	789
675	809
675	832
675	846
675	880
675	951
675	958
676	45
676	665
676	711
676	732
676	773
676	882
676	885
676	968
676	985
677	181
677	523
677	663
677	709
677	826
677	865
677	960
677	997
677	1000
678	562
678	746
678	772
678	838
678	845
678	910
678	912
678	969
678	985
679	298
679	439
679	560
679	630
679	711
679	955
679	959
679	972
679	980
680	558
680	589
680	591
680	722
680	774
680	835
680	872
680	891
680	901
681	418
681	604
681	793
681	807
681	811
681	843
681	922
681	939
681	967
682	399
682	577
682	717
682	809
682	817
682	908
682	987
682	991
682	994
683	420
683	631
683	745
683	770
683	884
683	891
683	938
683	951
683	989
684	150
684	304
684	377
684	484
684	577
684	728
684	815
684	921
684	993
685	583
685	595
685	828
685	928
685	930
685	946
685	962
685	976
685	988
686	179
686	240
686	437
686	735
686	916
686	932
686	941
686	957
686	977
687	287
687	318
687	588
687	887
687	926
687	942
687	961
687	980
687	996
688	24
688	96
688	312
688	564
688	696
688	856
688	936
688	991
688	1000
689	100
689	492
689	832
689	899
689	938
689	959
689	965
689	968
689	994
690	149
690	421
690	561
690	584
690	830
690	880
690	889
690	892
690	979
691	130
691	292
691	409
691	524
691	565
691	665
691	820
691	985
691	997
692	389
692	425
692	596
692	606
692	738
692	853
692	910
692	979
692	982
693	209
693	219
693	402
693	405
693	637
693	723
693	775
693	924
693	945
694	220
694	718
694	835
694	893
694	904
694	907
694	958
694	975
694	996
695	328
695	517
695	716
695	727
695	842
695	887
695	888
695	897
695	982
696	493
696	688
696	867
696	934
696	958
696	969
696	987
696	990
696	1000
697	261
697	453
697	609
697	628
697	777
697	781
697	921
697	937
697	968
698	137
698	354
698	517
698	555
698	708
698	765
698	917
698	950
698	996
699	92
699	233
699	864
699	903
699	923
699	938
699	965
699	968
699	994
700	184
700	560
700	632
700	711
700	862
700	867
700	907
700	955
700	970
701	22
701	136
701	224
701	330
701	536
701	669
701	798
701	964
701	980
702	376
702	383
702	462
702	597
702	711
702	843
702	930
702	937
702	953
703	201
703	508
703	789
703	899
703	919
703	940
703	957
703	962
703	983
704	522
704	606
704	624
704	777
704	900
704	910
704	958
704	959
704	1000
705	409
705	422
705	526
705	540
705	554
705	862
705	912
705	920
705	923
706	241
706	337
706	753
706	815
706	932
706	980
706	984
706	990
706	993
707	77
707	97
707	220
707	347
707	663
707	711
707	799
707	944
707	982
708	174
708	382
708	479
708	698
708	837
708	851
708	896
708	910
708	980
708	982
709	91
709	216
709	488
709	677
709	793
709	857
709	891
709	893
709	950
709	975
710	344
710	578
710	806
710	846
710	848
710	880
710	896
710	904
710	985
710	996
711	71
711	124
711	676
711	679
711	700
711	702
711	707
711	888
711	944
711	970
712	87
712	367
712	420
712	437
712	818
712	850
712	909
712	964
712	981
712	999
713	226
713	386
713	421
713	649
713	799
713	862
713	920
713	947
713	951
713	959
714	190
714	544
714	773
714	832
714	867
714	889
714	902
714	944
714	987
714	991
715	167
715	389
715	483
715	525
715	626
715	770
715	843
715	919
715	942
715	951
716	500
716	620
716	642
716	695
716	868
716	873
716	908
716	936
716	983
716	998
717	83
717	682
717	720
717	786
717	787
717	878
717	940
717	960
717	986
717	997
718	102
718	475
718	694
718	740
718	757
718	779
718	781
718	890
718	911
718	969
719	125
719	179
719	800
719	875
719	900
719	923
719	964
719	973
719	992
719	999
720	267
720	664
720	717
720	871
720	874
720	928
720	934
720	946
720	962
720	988
721	122
721	748
721	789
721	912
721	921
721	928
721	930
721	931
721	953
721	961
722	160
722	210
722	603
722	680
722	856
722	922
722	932
722	978
722	984
722	990
723	200
723	407
723	438
723	568
723	654
723	693
723	879
723	882
723	924
723	945
724	410
724	503
724	739
724	966
724	978
724	984
724	990
724	993
724	995
724	1000
725	396
725	589
725	730
725	784
725	795
725	814
725	916
725	917
725	938
725	949
726	104
726	458
726	769
726	779
726	787
726	857
726	868
726	966
726	977
726	998
727	153
727	190
727	445
727	463
727	695
727	795
727	861
727	878
727	888
727	993
728	277
728	391
728	644
728	684
728	837
728	880
728	887
728	910
728	943
728	982
729	24
729	378
729	604
729	632
729	763
729	863
729	923
729	942
729	949
729	951
730	158
730	299
730	647
730	725
730	761
730	783
730	841
730	941
730	981
730	992
731	404
731	516
731	627
731	761
731	898
731	938
731	959
731	965
731	968
731	994
732	385
732	505
732	676
732	752
732	833
732	835
732	891
732	963
732	975
732	996
733	108
733	447
733	521
733	572
733	597
733	671
733	749
733	821
733	887
733	952
734	234
734	264
734	293
734	311
734	549
734	585
734	608
734	805
734	869
734	963
735	223
735	434
735	507
735	511
735	594
735	634
735	686
735	773
735	902
735	949
736	167
736	555
736	582
736	590
736	663
736	673
736	868
736	920
736	942
736	951
737	6
737	47
737	155
737	505
737	540
737	827
737	866
737	904
737	906
737	937
738	108
738	171
738	430
738	452
738	516
738	628
738	692
738	925
738	971
738	995
739	470
739	495
739	648
739	724
739	784
739	801
739	913
739	932
739	990
739	994
740	124
740	433
740	651
740	659
740	718
740	770
740	884
740	911
740	912
740	969
741	431
741	746
741	838
741	839
741	844
741	877
741	905
741	961
741	972
741	998
742	212
742	260
742	653
742	852
742	867
742	876
742	879
742	910
742	935
742	991
743	304
743	495
743	587
743	650
743	672
743	856
743	898
743	913
743	930
743	932
743	990
744	63
744	75
744	202
744	402
744	562
744	829
744	842
744	889
744	942
744	947
744	951
745	235
745	683
745	750
745	830
745	835
745	837
745	863
745	901
745	917
745	943
745	950
746	188
746	194
746	226
746	425
746	678
746	741
746	782
746	845
746	943
746	977
746	993
747	33
747	70
747	143
747	432
747	617
747	792
747	827
747	833
747	851
747	876
747	971
748	193
748	543
748	721
748	823
748	885
748	893
748	906
748	930
748	937
748	953
748	954
749	31
749	518
749	542
749	643
749	733
749	858
749	926
749	937
749	952
749	968
749	989
750	104
750	107
750	351
750	352
750	616
750	659
750	745
750	806
750	975
750	979
750	982
751	3
751	293
751	397
751	424
751	532
751	550
751	829
751	882
751	940
751	986
751	996
752	561
752	647
752	732
752	858
752	874
752	881
752	914
752	950
752	972
752	989
752	992
753	18
753	211
753	267
753	421
753	706
753	758
753	898
753	929
753	984
753	990
753	993
754	3
754	380
754	389
754	756
754	771
754	916
754	929
754	941
754	945
754	964
754	981
755	40
755	316
755	321
755	426
755	514
755	913
755	974
755	977
755	978
755	984
755	993
756	288
756	413
756	571
756	754
756	837
756	840
756	880
756	896
756	903
756	979
756	982
757	718
757	779
757	803
757	838
757	845
757	871
757	911
757	912
757	915
757	920
757	969
758	220
758	428
758	432
758	753
758	870
758	887
758	890
758	918
758	967
758	973
758	988
759	162
759	185
759	242
759	553
759	582
759	590
759	814
759	846
759	936
759	958
759	989
760	216
760	292
760	325
760	380
760	461
760	486
760	799
760	854
760	916
760	982
760	985
761	110
761	367
761	573
761	602
761	615
761	730
761	731
761	810
761	860
761	926
761	935
762	176
762	378
762	386
762	588
762	673
762	843
762	892
762	942
762	951
762	958
762	988
763	236
763	381
763	729
763	843
763	920
763	923
763	924
763	944
763	947
763	951
763	983
764	218
764	597
764	627
764	868
764	949
764	964
764	973
764	976
764	985
764	986
764	992
765	203
765	420
765	585
765	615
765	698
765	917
765	963
765	986
765	992
765	995
765	996
766	95
766	219
766	236
766	548
766	843
766	862
766	889
766	892
766	895
766	928
766	947
767	7
767	131
767	596
767	837
767	848
767	849
767	876
767	896
767	904
767	910
767	998
768	478
768	494
768	546
768	819
768	859
768	878
768	940
768	959
768	963
768	986
768	997
769	20
769	145
769	150
769	257
769	393
769	415
769	640
769	726
769	859
769	874
769	930
769	973
770	300
770	683
770	715
770	740
770	779
770	822
770	838
770	911
770	912
770	929
770	969
770	981
771	185
771	229
771	368
771	537
771	624
771	754
771	789
771	863
771	867
771	900
771	934
771	983
772	53
772	102
772	106
772	246
772	582
772	678
772	911
772	912
772	954
772	969
772	982
772	998
773	68
773	473
773	676
773	714
773	735
773	837
773	848
773	849
773	853
773	880
773	979
773	982
774	240
774	468
774	503
774	662
774	680
774	898
774	925
774	974
774	978
774	984
774	990
774	993
775	39
775	218
775	233
775	529
775	652
775	693
775	847
775	925
775	933
775	945
775	979
775	997
776	224
776	298
776	325
776	395
776	478
776	586
776	649
776	798
776	901
776	950
776	959
776	991
777	81
777	286
777	323
777	473
777	524
777	611
777	646
777	697
777	704
777	933
777	975
777	985
778	311
778	407
778	426
778	514
778	518
778	839
778	860
778	903
778	959
778	965
778	968
778	993
779	56
779	252
779	319
779	358
779	718
779	726
779	757
779	770
779	825
779	845
779	911
779	912
780	183
780	399
780	402
780	570
780	666
780	875
780	887
780	892
780	902
780	917
780	954
780	956
781	51
781	228
781	282
781	697
781	718
781	790
781	823
781	930
781	931
781	937
781	972
781	993
782	37
782	55
782	290
782	548
782	598
782	609
782	625
782	629
782	746
782	897
782	977
782	996
783	489
783	730
783	831
783	893
783	937
783	949
783	964
783	970
783	981
783	983
783	992
783	999
784	388
784	535
784	725
784	739
784	839
784	897
784	905
784	943
784	949
784	966
784	988
784	998
785	10
785	123
785	559
785	650
785	820
785	822
785	849
785	851
785	885
785	899
785	911
785	985
786	25
786	119
786	170
786	550
786	717
786	878
786	920
786	921
786	940
786	986
786	997
786	998
787	9
787	85
787	253
787	479
787	717
787	726
787	837
787	905
787	936
787	951
787	989
787	998
788	13
788	372
788	462
788	474
788	590
788	802
788	810
788	855
788	874
788	883
788	991
788	1000
789	579
789	675
789	703
789	721
789	771
789	900
789	954
789	958
789	981
789	987
789	991
789	1000
790	288
790	426
790	490
790	576
790	641
790	781
790	881
790	906
790	930
790	931
790	941
790	972
791	487
791	644
791	804
791	810
791	818
791	831
791	915
791	929
791	944
791	964
791	992
791	999
792	138
792	157
792	191
792	199
792	385
792	470
792	477
792	747
792	826
792	831
792	833
792	997
793	40
793	66
793	311
793	570
793	631
793	681
793	709
793	850
793	884
793	893
793	917
793	996
794	212
794	559
794	668
794	795
794	898
794	929
794	962
794	964
794	973
794	976
794	984
794	999
795	213
795	574
795	609
795	618
795	725
795	727
795	794
795	848
795	916
795	939
795	981
795	992
796	36
796	210
796	488
796	492
796	583
796	591
796	604
796	936
796	941
796	943
796	961
796	991
796	998
797	175
797	291
797	553
797	557
797	612
797	801
797	805
797	817
797	821
797	864
797	870
797	929
797	971
798	62
798	215
798	266
798	281
798	306
798	395
798	522
798	551
798	601
798	701
798	776
798	839
798	895
799	144
799	512
799	565
799	649
799	665
799	707
799	713
799	760
799	859
799	861
799	885
799	963
799	970
800	419
800	430
800	432
800	567
800	598
800	719
800	817
800	851
800	879
800	908
800	973
800	981
800	995
801	21
801	101
801	255
801	291
801	463
801	501
801	558
801	739
801	797
801	818
801	894
801	995
801	1000
802	78
802	266
802	312
802	670
802	788
802	834
802	875
802	878
802	879
802	927
802	960
802	986
802	997
803	135
803	276
803	534
803	595
803	757
803	816
803	844
803	890
803	904
803	922
803	939
803	953
803	967
804	26
804	444
804	558
804	653
804	791
804	807
804	811
804	844
804	895
804	922
804	939
804	949
804	967
805	1
805	33
805	153
805	619
805	734
805	797
805	870
805	922
805	925
805	926
805	984
805	992
805	995
806	329
806	503
806	710
806	750
806	830
806	853
806	880
806	896
806	904
806	910
806	982
806	984
806	996
807	167
807	563
807	647
807	681
807	804
807	816
807	829
807	844
807	876
807	922
807	939
807	967
807	970
808	283
808	524
808	642
808	822
808	824
808	826
808	873
808	897
808	905
808	917
808	936
808	966
808	990
809	321
809	473
809	482
809	626
809	664
809	675
809	682
809	907
809	919
809	974
809	975
809	987
809	991
810	260
810	620
810	761
810	788
810	791
810	832
810	855
810	856
810	886
810	935
810	976
810	977
810	987
811	51
811	157
811	276
811	301
811	322
811	384
811	471
811	545
811	681
811	804
811	837
811	922
811	939
811	967
812	148
812	176
812	281
812	549
812	654
812	828
812	871
812	882
812	891
812	928
812	934
812	946
812	962
812	988
813	41
813	62
813	260
813	303
813	395
813	489
813	551
813	586
813	626
813	666
813	669
813	883
813	987
813	999
814	195
814	196
814	319
814	423
814	725
814	759
814	832
814	840
814	860
814	915
814	935
814	948
814	980
814	1000
815	190
815	372
815	385
815	515
815	536
815	606
815	655
815	684
815	706
815	822
815	838
815	859
815	897
815	915
816	26
816	56
816	263
816	359
816	381
816	428
816	545
816	582
816	601
816	803
816	807
816	907
816	939
816	967
817	244
817	442
817	456
817	459
817	464
817	682
817	797
817	800
817	879
817	916
817	941
817	973
817	992
817	999
818	418
818	496
818	562
818	712
818	791
818	801
818	832
818	862
818	907
818	948
818	949
818	981
818	992
818	999
819	181
819	293
819	397
819	546
819	608
819	649
819	768
819	865
819	882
819	915
819	920
819	953
819	986
819	995
820	17
820	106
820	127
820	182
820	292
820	337
820	464
820	691
820	785
820	824
820	924
820	944
820	955
820	957
821	204
821	311
821	597
821	621
821	663
821	733
821	797
821	842
821	854
821	871
821	876
821	918
821	960
821	998
822	100
822	439
822	460
822	497
822	640
822	770
822	785
822	808
822	815
822	851
822	854
822	955
822	957
822	985
823	118
823	339
823	369
823	453
823	576
823	748
823	781
823	852
823	930
823	953
823	962
823	972
823	980
823	996
824	168
824	327
824	441
824	494
824	523
824	808
824	820
824	873
824	905
824	943
824	963
824	964
824	966
824	991
824	998
825	50
825	227
825	278
825	309
825	528
825	779
825	827
825	852
825	906
825	909
825	921
825	931
825	937
825	946
825	998
826	456
826	530
826	656
826	659
826	677
826	792
826	808
826	857
826	861
826	892
826	925
826	952
826	971
826	980
826	995
827	641
827	737
827	747
827	825
827	839
827	852
827	863
827	906
827	921
827	926
827	930
827	931
827	937
827	967
827	976
828	280
828	487
828	503
828	685
828	812
828	871
828	872
828	905
828	928
828	932
828	934
828	946
828	962
828	981
828	988
829	41
829	259
829	263
829	381
829	444
829	581
829	744
829	751
829	807
829	844
829	845
829	884
829	922
829	939
829	967
830	635
830	690
830	745
830	806
830	847
830	872
830	891
830	893
830	917
830	950
830	957
830	963
830	967
830	975
830	996
831	89
831	137
831	148
831	487
831	552
831	559
831	594
831	639
831	783
831	791
831	792
831	918
831	926
831	929
831	949
832	325
832	431
832	461
832	655
832	675
832	689
832	714
832	810
832	814
832	818
832	931
832	935
832	987
832	991
832	1000
833	199
833	300
833	338
833	630
833	732
833	747
833	792
833	858
833	861
833	866
833	898
833	934
833	952
833	995
833	1000
834	261
834	379
834	553
834	667
834	670
834	802
834	882
834	924
834	937
834	940
834	960
834	977
834	986
834	991
834	997
835	98
835	567
835	680
835	694
835	732
835	745
835	842
835	872
835	884
835	886
835	907
835	936
835	961
835	963
835	996
836	202
836	293
836	294
836	344
836	353
836	575
836	612
836	645
836	657
836	658
836	674
836	909
836	919
836	922
836	948
836	957
837	59
837	301
837	382
837	708
837	728
837	745
837	756
837	767
837	773
837	787
837	811
837	909
837	910
837	979
837	982
837	992
838	83
838	151
838	261
838	346
838	678
838	741
838	757
838	770
838	815
838	845
838	912
838	944
838	965
838	969
838	979
838	988
839	307
839	333
839	441
839	741
839	778
839	784
839	798
839	827
839	868
839	897
839	936
839	941
839	958
839	966
839	972
839	998
840	3
840	40
840	520
840	569
840	575
840	756
840	814
840	903
840	927
840	938
840	954
840	959
840	965
840	966
840	968
840	994
841	142
841	213
841	267
841	457
841	589
841	730
841	916
841	939
841	941
841	949
841	951
841	966
841	977
841	981
841	992
841	999
842	67
842	220
842	470
842	695
842	744
842	821
842	835
842	888
842	890
842	925
842	926
842	927
842	932
842	952
842	963
842	997
843	9
843	364
843	370
843	402
843	594
843	618
843	674
843	681
843	702
843	715
843	762
843	763
843	766
843	864
843	920
843	951
844	274
844	302
844	428
844	457
844	581
844	632
844	741
844	803
844	804
844	807
844	829
844	908
844	922
844	939
844	967
844	985
845	83
845	246
845	300
845	351
845	661
845	665
845	678
845	746
845	757
845	779
845	829
845	838
845	911
845	912
845	969
845	997
846	78
846	110
846	242
846	268
846	512
846	537
846	540
846	564
846	675
846	710
846	759
846	877
846	886
846	900
846	949
846	991
847	268
847	331
847	439
847	450
847	513
847	556
847	637
847	652
847	654
847	775
847	830
847	898
847	920
847	924
847	933
847	945
848	156
848	250
848	543
848	552
848	710
848	767
848	773
848	795
848	849
848	853
848	904
848	910
848	978
848	979
848	982
848	1000
849	277
849	452
849	571
849	596
849	643
849	767
849	773
849	785
849	848
849	850
849	880
849	896
849	927
849	947
849	979
849	990
850	82
850	99
850	128
850	499
850	508
850	598
850	600
850	674
850	712
850	793
850	849
850	973
850	976
850	992
850	999
850	1000
851	12
851	69
851	130
851	498
851	509
851	708
851	747
851	785
851	800
851	822
851	885
851	970
851	974
851	975
851	980
851	985
852	288
852	309
852	467
852	576
852	624
852	742
852	823
852	825
852	827
852	906
852	931
852	937
852	969
852	972
852	974
852	984
853	39
853	411
853	490
853	510
853	526
853	692
853	773
853	806
853	848
853	880
853	886
853	904
853	944
853	979
853	982
853	997
854	222
854	365
854	366
854	557
854	624
854	665
854	671
854	760
854	821
854	822
854	885
854	944
854	970
854	974
854	985
854	995
855	42
855	165
855	279
855	321
855	431
855	580
855	602
855	653
855	788
855	810
855	867
855	886
855	945
855	951
855	958
855	996
856	5
856	34
856	80
856	140
856	326
856	688
856	722
856	743
856	810
856	898
856	923
856	932
856	974
856	984
856	990
856	993
857	52
857	275
857	289
857	400
857	523
857	660
857	709
857	726
857	826
857	869
857	889
857	893
857	906
857	938
857	950
857	983
858	18
858	90
858	322
858	406
858	634
858	643
858	749
858	752
858	833
858	890
858	918
858	922
858	951
858	952
858	971
858	979
858	980
859	291
859	372
859	405
859	451
859	536
859	577
859	601
859	768
859	769
859	799
859	815
859	883
859	914
859	915
859	931
859	975
859	989
860	285
860	317
860	489
860	537
860	611
860	629
860	646
860	647
860	761
860	778
860	814
860	886
860	935
860	951
860	958
860	961
860	991
861	259
861	387
861	416
861	427
861	629
861	727
861	799
861	826
861	833
861	918
861	925
861	926
861	959
861	960
861	981
861	995
861	997
862	47
862	79
862	121
862	308
862	356
862	440
862	556
862	582
862	700
862	705
862	713
862	766
862	818
862	892
862	920
862	942
862	993
863	56
863	324
863	472
863	547
863	660
863	729
863	745
863	771
863	827
863	869
863	907
863	946
863	950
863	968
863	972
863	975
863	994
864	162
864	203
864	284
864	322
864	366
864	416
864	530
864	539
864	699
864	797
864	843
864	866
864	886
864	888
864	971
864	980
864	995
865	87
865	312
865	339
865	377
865	468
865	488
865	490
865	677
865	819
865	866
865	882
865	940
865	968
865	977
865	986
865	993
865	997
866	93
866	100
866	101
866	255
866	435
866	458
866	494
866	592
866	737
866	833
866	864
866	865
866	870
866	894
866	900
866	914
866	918
867	2
867	195
867	337
867	459
867	572
867	661
867	696
867	700
867	714
867	742
867	771
867	855
867	900
867	935
867	943
867	982
867	1000
868	9
868	28
868	145
868	241
868	327
868	412
868	450
868	716
868	726
868	736
868	764
868	839
868	873
868	880
868	905
868	961
868	966
868	977
869	33
869	509
869	513
869	519
869	593
869	734
869	857
869	863
869	884
869	901
869	914
869	917
869	922
869	944
869	975
869	988
869	996
869	1000
870	195
870	384
870	398
870	400
870	468
870	539
870	643
870	665
870	758
870	797
870	805
870	866
870	890
870	910
870	918
870	926
870	958
870	995
871	440
871	448
871	543
871	574
871	720
871	757
871	812
871	821
871	828
871	907
871	928
871	934
871	944
871	946
871	962
871	973
871	985
871	988
872	122
872	185
872	216
872	368
872	423
872	496
872	505
872	558
872	680
872	828
872	830
872	835
872	917
872	926
872	956
872	963
872	975
872	996
873	111
873	283
873	284
873	400
873	449
873	488
873	500
873	531
873	594
873	716
873	808
873	824
873	868
873	876
873	943
873	958
873	961
873	977
874	20
874	211
874	233
874	304
874	347
874	451
874	485
874	561
874	613
874	720
874	752
874	769
874	788
874	915
874	938
874	939
874	965
874	989
875	37
875	140
875	147
875	366
875	475
875	481
875	521
875	570
875	592
875	666
875	719
875	780
875	802
875	902
875	946
875	954
875	956
875	989
876	54
876	387
876	432
876	527
876	600
876	742
876	747
876	767
876	807
876	821
876	873
876	890
876	918
876	941
876	949
876	952
876	976
876	980
876	995
877	4
877	198
877	310
877	334
877	527
877	566
877	612
877	615
877	622
877	642
877	741
877	846
877	913
877	936
877	943
877	966
877	977
877	992
877	998
878	334
878	394
878	446
878	493
878	532
878	717
878	727
878	768
878	786
878	802
878	879
878	885
878	940
878	960
878	962
878	973
878	976
878	986
878	997
879	76
879	180
879	252
879	258
879	396
879	465
879	569
879	668
879	723
879	742
879	800
879	802
879	817
879	878
879	916
879	941
879	963
879	997
879	999
880	246
880	262
880	285
880	292
880	659
880	675
880	690
880	710
880	728
880	756
880	773
880	806
880	849
880	853
880	868
880	896
880	919
880	979
880	980
881	38
881	305
881	419
881	424
881	500
881	515
881	591
881	614
881	644
881	647
881	752
881	790
881	888
881	889
881	914
881	915
881	947
881	972
881	982
882	1
882	28
882	37
882	78
882	397
882	419
882	493
882	676
882	723
882	751
882	812
882	819
882	834
882	865
882	905
882	940
882	952
882	955
882	997
883	16
883	106
883	265
883	324
883	445
883	467
883	514
883	612
883	672
883	788
883	813
883	859
883	959
883	966
883	974
883	978
883	984
883	990
883	993
884	52
884	174
884	420
884	619
884	683
884	740
884	793
884	829
884	835
884	869
884	901
884	907
884	917
884	927
884	940
884	969
884	982
884	992
884	996
885	179
885	204
885	295
885	337
885	415
885	560
885	571
885	650
885	676
885	748
885	785
885	799
885	851
885	854
885	878
885	943
885	955
885	965
885	985
885	998
886	68
886	212
886	228
886	319
886	320
886	537
886	595
886	624
886	810
886	835
886	846
886	853
886	855
886	860
886	864
886	908
886	970
886	982
886	990
886	991
887	165
887	255
887	366
887	385
887	435
887	484
887	687
887	695
887	728
887	733
887	758
887	780
887	890
887	901
887	931
887	952
887	955
887	966
887	969
887	980
888	18
888	93
888	102
888	338
888	458
888	617
888	695
888	711
888	727
888	842
888	864
888	881
888	894
888	905
888	918
888	925
888	966
888	979
888	980
888	988
889	156
889	274
889	296
889	328
889	371
889	562
889	570
889	690
889	714
889	744
889	766
889	857
889	881
889	910
889	920
889	923
889	947
889	951
889	962
889	967
890	91
890	259
890	366
890	406
890	518
890	588
890	589
890	718
890	758
890	803
890	842
890	858
890	870
890	876
890	887
890	918
890	964
890	994
890	995
890	996
891	329
891	436
891	558
891	568
891	595
891	680
891	683
891	709
891	732
891	812
891	830
891	901
891	907
891	941
891	950
891	965
891	974
891	975
891	982
891	992
892	2
892	46
892	156
892	296
892	402
892	421
892	476
892	483
892	584
892	585
892	690
892	762
892	766
892	780
892	826
892	862
892	923
892	947
892	950
892	999
893	150
893	289
893	322
893	349
893	417
893	422
893	545
893	605
893	694
893	709
893	748
893	783
893	793
893	830
893	857
893	907
893	930
893	950
893	963
893	965
893	996
894	126
894	237
894	456
894	517
894	530
894	621
894	643
894	655
894	801
894	866
894	888
894	926
894	935
894	940
894	944
894	946
894	971
894	980
894	994
894	995
894	999
895	10
895	20
895	62
895	136
895	266
895	317
895	325
895	410
895	455
895	489
895	494
895	515
895	552
895	568
895	610
895	651
895	766
895	798
895	804
895	958
895	998
896	222
896	262
896	301
896	486
896	603
896	708
896	710
896	756
896	767
896	806
896	849
896	880
896	904
896	905
896	932
896	948
896	952
896	953
896	956
896	979
896	982
897	104
897	205
897	272
897	286
897	327
897	401
897	496
897	533
897	615
897	695
897	782
897	784
897	808
897	815
897	839
897	934
897	961
897	966
897	992
897	998
897	999
898	59
898	70
898	350
898	603
898	731
898	743
898	753
898	774
898	794
898	833
898	847
898	856
898	901
898	913
898	970
898	978
898	979
898	984
898	990
898	993
898	999
899	197
899	203
899	207
899	326
899	336
899	354
899	464
899	476
899	534
899	538
899	575
899	689
899	703
899	785
899	909
899	919
899	948
899	952
899	967
899	983
899	999
900	4
900	242
900	462
900	482
900	540
900	585
900	636
900	704
900	719
900	771
900	789
900	846
900	866
900	867
900	914
900	958
900	971
900	991
900	994
900	997
900	1000
901	19
901	56
901	368
901	472
901	614
901	660
901	680
901	745
901	776
901	869
901	884
901	887
901	891
901	898
901	917
901	945
901	955
901	963
901	964
901	975
901	986
902	66
902	84
902	231
902	259
902	359
902	475
902	481
902	486
902	499
902	501
902	521
902	525
902	666
902	714
902	735
902	780
902	875
902	904
902	916
902	954
902	956
902	975
903	16
903	306
903	369
903	379
903	520
903	635
903	651
903	659
903	699
903	756
903	778
903	840
903	925
903	927
903	938
903	947
903	959
903	965
903	968
903	979
903	994
903	996
904	80
904	107
904	117
904	172
904	251
904	380
904	398
904	659
904	694
904	710
904	737
904	767
904	803
904	806
904	848
904	853
904	896
904	902
904	910
904	923
904	942
904	982
905	114
905	152
905	353
905	363
905	364
905	535
905	602
905	625
905	741
905	784
905	787
905	808
905	824
905	828
905	868
905	882
905	888
905	896
905	955
905	961
905	977
905	998
906	50
906	159
906	189
906	236
906	247
906	357
906	443
906	737
906	748
906	790
906	825
906	827
906	852
906	857
906	909
906	916
906	937
906	953
906	955
906	972
906	982
906	989
907	105
907	141
907	186
907	187
907	345
907	417
907	505
907	513
907	694
907	700
907	809
907	816
907	818
907	835
907	863
907	871
907	884
907	891
907	893
907	917
907	953
907	994
908	139
908	323
908	403
908	443
908	472
908	482
908	524
908	531
908	565
908	620
908	624
908	646
908	682
908	716
908	800
908	844
908	886
908	943
908	963
908	987
908	994
908	1000
909	203
909	278
909	354
909	429
909	502
909	508
909	576
909	585
909	634
909	657
909	658
909	712
909	825
909	836
909	837
909	899
909	906
909	919
909	948
909	957
909	983
909	989
909	991
910	214
910	449
910	452
910	616
910	678
910	692
910	704
910	708
910	728
910	742
910	767
910	806
910	837
910	848
910	870
910	889
910	904
910	950
910	952
910	979
910	982
910	983
910	999
911	7
911	15
911	45
911	124
911	164
911	200
911	335
911	358
911	559
911	654
911	718
911	740
911	757
911	770
911	772
911	779
911	785
911	845
911	912
911	969
911	984
911	989
911	990
912	7
912	8
912	53
912	348
912	448
912	459
912	678
912	705
912	721
912	740
912	757
912	770
912	772
912	779
912	838
912	845
912	911
912	937
912	950
912	956
912	969
912	990
912	993
913	21
913	112
913	153
913	217
913	265
913	324
913	392
913	495
913	603
913	612
913	739
913	743
913	755
913	877
913	898
913	942
913	944
913	978
913	984
913	990
913	993
913	995
913	997
914	129
914	235
914	258
914	272
914	282
914	408
914	411
914	561
914	606
914	640
914	655
914	667
914	669
914	752
914	859
914	866
914	869
914	881
914	900
914	915
914	920
914	939
914	989
915	11
915	20
915	43
915	254
915	258
915	333
915	393
915	408
915	548
915	614
915	640
915	757
915	791
915	814
915	815
915	819
915	859
915	874
915	881
915	914
915	982
915	989
915	1000
916	86
916	252
916	271
916	459
916	556
916	573
916	625
916	668
916	686
916	725
916	754
916	760
916	795
916	817
916	841
916	879
916	902
916	906
916	932
916	967
916	973
916	981
916	992
917	98
917	123
917	154
917	264
917	347
917	555
917	579
917	698
917	725
917	745
917	765
917	780
917	793
917	808
917	830
917	869
917	872
917	884
917	901
917	907
917	950
917	961
917	963
917	996
918	38
918	231
918	250
918	290
918	302
918	432
918	451
918	463
918	491
918	505
918	758
918	821
918	831
918	858
918	861
918	866
918	870
918	876
918	888
918	890
918	927
918	952
918	971
918	980
919	71
919	134
919	143
919	343
919	422
919	429
919	502
919	508
919	547
919	575
919	607
919	657
919	703
919	715
919	809
919	836
919	880
919	899
919	909
919	947
919	948
919	957
919	983
919	992
920	75
920	158
920	349
920	562
920	602
920	628
920	705
920	713
920	736
920	757
920	763
920	786
920	819
920	843
920	847
920	862
920	889
920	914
920	925
920	942
920	947
920	953
920	978
920	982
921	19
921	58
921	112
921	139
921	167
921	193
921	410
921	433
921	561
921	592
921	613
921	658
921	684
921	697
921	721
921	786
921	825
921	827
921	924
921	930
921	931
921	937
921	992
921	1000
922	29
922	135
922	381
922	410
922	449
922	454
922	471
922	545
922	604
922	642
922	681
922	722
922	803
922	804
922	805
922	807
922	811
922	829
922	836
922	844
922	858
922	869
922	939
922	967
923	70
923	75
923	270
923	356
923	378
923	554
923	673
923	699
923	705
923	719
923	729
923	763
923	856
923	889
923	892
923	904
923	940
923	942
923	947
923	951
923	966
923	970
923	995
923	1000
924	39
924	273
924	314
924	316
924	390
924	425
924	452
924	529
924	546
924	556
924	614
924	637
924	652
924	654
924	693
924	723
924	763
924	820
924	834
924	847
924	921
924	933
924	945
924	953
924	955
925	87
925	120
925	151
925	173
925	231
925	387
925	564
925	600
925	609
925	634
925	738
925	774
925	775
925	805
925	826
925	842
925	861
925	888
925	903
925	920
925	952
925	971
925	980
925	986
925	987
926	93
926	146
926	217
926	385
926	516
926	621
926	634
926	687
926	749
926	761
926	805
926	827
926	831
926	842
926	861
926	870
926	872
926	894
926	931
926	955
926	971
926	976
926	995
926	996
926	1000
927	3
927	47
927	197
927	225
927	264
927	271
927	407
927	412
927	424
927	587
927	635
927	802
927	840
927	842
927	849
927	884
927	903
927	918
927	938
927	959
927	965
927	968
927	977
927	980
927	994
928	59
928	127
928	188
928	281
928	330
928	355
928	371
928	474
928	480
928	543
928	572
928	578
928	685
928	720
928	721
928	766
928	812
928	828
928	871
928	934
928	946
928	962
928	966
928	988
928	993
929	363
929	396
929	418
929	450
929	506
929	533
929	610
929	617
929	657
929	668
929	753
929	754
929	770
929	791
929	794
929	797
929	831
929	937
929	941
929	949
929	954
929	973
929	976
929	992
929	999
930	58
930	357
930	412
930	443
930	523
930	528
930	551
930	613
930	660
930	671
930	685
930	702
930	721
930	743
930	748
930	769
930	781
930	790
930	823
930	827
930	893
930	921
930	931
930	933
930	953
930	969
931	14
931	19
931	232
931	253
931	277
931	310
931	357
931	580
931	609
931	613
931	641
931	721
931	781
931	790
931	825
931	827
931	832
931	852
931	859
931	887
931	921
931	926
931	930
931	937
931	961
931	972
932	90
932	140
932	392
932	503
932	510
932	514
932	569
932	686
932	706
932	722
932	739
932	743
932	828
932	842
932	856
932	896
932	916
932	946
932	954
932	962
932	974
932	978
932	981
932	984
932	990
932	993
933	39
933	63
933	142
933	200
933	268
933	314
933	316
933	334
933	390
933	438
933	530
933	556
933	605
933	637
933	639
933	652
933	654
933	775
933	777
933	847
933	924
933	930
933	945
933	968
933	970
933	999
934	188
934	263
934	280
934	440
934	448
934	480
934	543
934	563
934	572
934	656
934	696
934	720
934	771
934	812
934	828
934	833
934	871
934	897
934	928
934	946
934	954
934	962
934	964
934	967
934	977
934	988
935	13
935	27
935	51
935	64
935	72
935	109
935	187
935	255
935	333
935	352
935	405
935	646
935	650
935	742
935	761
935	810
935	814
935	832
935	860
935	867
935	894
935	937
935	945
935	946
935	947
935	974
935	1000
936	4
936	30
936	226
936	334
936	341
936	353
936	449
936	460
936	480
936	616
936	638
936	688
936	716
936	759
936	787
936	796
936	808
936	835
936	839
936	877
936	943
936	961
936	966
936	977
936	986
936	998
936	999
937	50
937	228
937	269
937	288
937	310
937	599
937	697
937	702
937	737
937	748
937	749
937	781
937	783
937	825
937	827
937	834
937	852
937	906
937	912
937	921
937	929
937	931
937	935
937	948
937	968
937	972
937	973
937	999
938	71
938	281
938	369
938	381
938	388
938	407
938	420
938	491
938	533
938	569
938	605
938	658
938	683
938	689
938	699
938	725
938	731
938	840
938	857
938	874
938	903
938	927
938	955
938	959
938	961
938	965
938	968
938	994
939	19
939	63
939	86
939	263
939	291
939	383
939	401
939	428
939	439
939	444
939	545
939	604
939	681
939	795
939	803
939	804
939	807
939	811
939	816
939	829
939	841
939	844
939	874
939	914
939	922
939	950
939	967
939	968
940	32
940	72
940	423
940	468
940	546
940	548
940	553
940	576
940	604
940	650
940	663
940	670
940	703
940	717
940	751
940	768
940	786
940	834
940	865
940	878
940	882
940	884
940	894
940	923
940	945
940	977
940	986
940	997
941	55
941	89
941	101
941	102
941	180
941	296
941	442
941	450
941	596
941	640
941	686
941	730
941	754
941	790
941	796
941	817
941	839
941	841
941	876
941	879
941	891
941	929
941	964
941	973
941	974
941	976
941	981
941	999
942	296
942	328
942	350
942	483
942	526
942	562
942	579
942	580
942	584
942	626
942	628
942	687
942	715
942	729
942	736
942	744
942	762
942	862
942	904
942	913
942	920
942	923
942	947
942	951
942	987
942	993
942	996
942	998
943	9
943	15
943	170
943	182
943	251
943	323
943	331
943	363
943	396
943	414
943	492
943	514
943	667
943	728
943	745
943	746
943	784
943	796
943	824
943	867
943	873
943	877
943	885
943	908
943	936
943	957
943	961
943	998
944	35
944	45
944	103
944	132
944	144
944	159
944	272
944	460
944	534
944	537
944	579
944	665
944	707
944	711
944	714
944	763
944	791
944	820
944	838
944	853
944	854
944	869
944	871
944	894
944	913
944	952
944	955
944	970
944	985
945	111
945	118
945	142
945	268
945	273
945	314
945	316
945	438
945	529
945	556
945	637
945	652
945	654
945	693
945	723
945	754
945	775
945	847
945	855
945	901
945	924
945	933
945	935
945	940
945	965
945	975
945	976
945	980
945	994
946	25
946	43
946	146
946	208
946	235
946	262
946	279
946	448
946	474
946	480
946	563
946	572
946	685
946	720
946	812
946	825
946	828
946	863
946	871
946	875
946	894
946	928
946	932
946	934
946	935
946	947
946	962
946	981
946	988
946	992
947	79
947	155
947	349
947	356
947	419
947	483
947	525
947	582
947	628
947	632
947	713
947	744
947	763
947	766
947	849
947	881
947	889
947	892
947	903
947	919
947	920
947	923
947	935
947	942
947	946
947	951
947	963
947	986
947	990
947	997
948	46
948	125
948	207
948	289
948	294
948	336
948	343
948	429
948	464
948	511
948	529
948	566
948	645
948	652
948	657
948	658
948	674
948	814
948	818
948	836
948	896
948	899
948	909
948	919
948	937
948	957
948	966
948	970
948	979
948	983
949	82
949	92
949	340
949	377
949	436
949	437
949	442
949	506
949	531
949	608
949	618
949	627
949	649
949	725
949	729
949	735
949	764
949	783
949	784
949	804
949	818
949	831
949	841
949	846
949	876
949	929
949	981
949	992
949	994
949	999
950	27
950	249
950	300
950	436
950	466
950	519
950	530
950	549
950	588
950	623
950	669
950	698
950	709
950	745
950	752
950	776
950	830
950	857
950	863
950	891
950	892
950	893
950	910
950	912
950	917
950	939
950	963
950	975
950	994
950	996
951	158
951	245
951	249
951	255
951	290
951	370
951	409
951	582
951	584
951	675
951	683
951	713
951	715
951	729
951	736
951	744
951	762
951	763
951	787
951	841
951	843
951	855
951	858
951	860
951	889
951	923
951	942
951	947
951	957
951	990
952	204
952	339
952	440
952	445
952	491
952	516
952	517
952	634
952	733
952	749
952	826
952	833
952	842
952	858
952	876
952	882
952	887
952	896
952	899
952	910
952	918
952	925
952	944
952	954
952	971
952	978
952	981
952	995
952	997
952	1000
953	58
953	85
953	86
953	155
953	309
953	383
953	412
953	448
953	453
953	528
953	576
953	592
953	609
953	613
953	702
953	721
953	748
953	803
953	819
953	823
953	896
953	906
953	907
953	920
953	924
953	930
953	972
953	993
953	996
953	998
954	84
954	118
954	147
954	183
954	202
954	210
954	359
954	475
954	481
954	486
954	501
954	521
954	570
954	634
954	639
954	666
954	748
954	772
954	780
954	789
954	840
954	875
954	902
954	929
954	932
954	934
954	952
954	956
954	966
954	993
955	67
955	77
955	222
955	295
955	315
955	317
955	332
955	425
955	439
955	498
955	512
955	557
955	574
955	640
955	679
955	700
955	820
955	822
955	882
955	885
955	887
955	901
955	905
955	906
955	924
955	926
955	938
955	944
955	970
955	985
955	987
956	66
956	84
956	118
956	147
956	183
956	202
956	210
956	252
956	359
956	453
956	468
956	475
956	481
956	486
956	495
956	501
956	521
956	546
956	570
956	623
956	666
956	780
956	872
956	875
956	896
956	902
956	912
956	954
956	968
956	984
956	989
957	22
957	46
957	109
957	116
957	213
957	302
957	343
957	350
957	422
957	454
957	464
957	502
957	538
957	545
957	575
957	645
957	658
957	674
957	686
957	703
957	820
957	822
957	830
957	836
957	909
957	919
957	943
957	948
957	951
957	960
957	983
958	49
958	166
958	230
958	299
958	331
958	367
958	384
958	403
958	423
958	431
958	482
958	521
958	564
958	595
958	675
958	694
958	696
958	704
958	759
958	762
958	789
958	839
958	855
958	860
958	870
958	873
958	895
958	900
958	981
958	987
958	991
959	30
959	92
959	119
959	306
959	360
959	424
959	426
959	467
959	491
959	512
959	520
959	599
959	610
959	635
959	679
959	689
959	704
959	713
959	731
959	768
959	776
959	778
959	840
959	861
959	883
959	903
959	927
959	938
959	965
959	968
959	973
959	994
960	1
960	87
960	98
960	239
960	269
960	355
960	360
960	365
960	377
960	387
960	447
960	462
960	490
960	495
960	532
960	550
960	625
960	633
960	663
960	677
960	717
960	802
960	821
960	834
960	861
960	878
960	957
960	978
960	986
960	992
960	997
960	998
961	133
961	151
961	154
961	226
961	248
961	356
961	425
961	583
961	620
961	622
961	636
961	687
961	721
961	741
961	796
961	835
961	860
961	868
961	873
961	897
961	905
961	917
961	931
961	936
961	938
961	943
961	966
961	971
961	977
961	978
961	987
961	998
962	23
962	25
962	191
962	208
962	246
962	279
962	281
962	440
962	474
962	543
962	551
962	563
962	571
962	635
962	670
962	673
962	685
962	703
962	720
962	794
962	812
962	823
962	828
962	871
962	878
962	889
962	928
962	932
962	934
962	946
962	988
962	991
963	94
963	99
963	135
963	137
963	143
963	189
963	297
963	324
963	343
963	555
963	585
963	631
963	732
963	734
963	765
963	768
963	799
963	824
963	830
963	835
963	842
963	872
963	879
963	893
963	901
963	908
963	917
963	947
963	950
963	986
963	987
963	996
963	999
964	24
964	60
964	180
964	266
964	340
964	435
964	450
964	496
964	554
964	572
964	573
964	577
964	589
964	609
964	656
964	701
964	712
964	719
964	754
964	764
964	783
964	791
964	794
964	824
964	890
964	901
964	934
964	941
964	967
964	973
964	976
964	981
964	999
965	71
965	122
965	126
965	157
965	168
965	214
965	271
965	306
965	369
965	404
965	407
965	426
965	533
965	607
965	689
965	699
965	731
965	778
965	838
965	840
965	874
965	885
965	891
965	893
965	903
965	927
965	938
965	945
965	959
965	968
965	971
965	994
965	998
966	37
966	85
966	196
966	334
966	400
966	414
966	465
966	583
966	615
966	620
966	642
966	724
966	726
966	784
966	808
966	824
966	839
966	840
966	841
966	868
966	877
966	883
966	887
966	888
966	897
966	923
966	928
966	936
966	948
966	954
966	961
966	977
966	991
967	26
967	29
967	86
967	116
967	274
967	276
967	428
967	444
967	471
967	502
967	551
967	581
967	604
967	648
967	681
967	758
967	803
967	804
967	807
967	811
967	816
967	827
967	829
967	830
967	844
967	889
967	899
967	916
967	922
967	934
967	939
967	964
967	977
967	998
968	172
968	215
968	225
968	264
968	318
968	355
968	368
968	404
968	491
968	518
968	569
968	599
968	635
968	661
968	676
968	689
968	697
968	699
968	731
968	749
968	778
968	840
968	863
968	865
968	903
968	927
968	933
968	937
968	938
968	939
968	956
968	959
968	965
968	994
969	7
969	8
969	15
969	34
969	53
969	83
969	110
969	137
969	151
969	164
969	228
969	261
969	279
969	300
969	346
969	348
969	358
969	464
969	656
969	678
969	696
969	718
969	740
969	757
969	770
969	772
969	838
969	845
969	852
969	884
969	887
969	911
969	912
969	930
970	35
970	42
970	97
970	123
970	198
970	222
970	247
970	332
970	451
970	469
970	498
970	527
970	534
970	557
970	574
970	579
970	671
970	700
970	711
970	783
970	799
970	807
970	851
970	854
970	886
970	898
970	923
970	933
970	944
970	948
970	955
970	985
970	990
970	999
971	62
971	92
971	199
971	221
971	245
971	254
971	327
971	342
971	367
971	409
971	445
971	506
971	530
971	538
971	539
971	600
971	738
971	747
971	797
971	826
971	858
971	864
971	894
971	900
971	918
971	925
971	926
971	952
971	961
971	965
971	980
971	989
971	990
971	995
972	112
972	115
972	155
972	189
972	193
972	364
972	376
972	383
972	392
972	410
972	412
972	431
972	453
972	528
972	592
972	609
972	641
972	648
972	679
972	741
972	752
972	781
972	790
972	823
972	839
972	852
972	863
972	881
972	906
972	931
972	937
972	953
972	978
972	981
972	993
973	55
973	181
973	223
973	303
973	379
973	434
973	435
973	438
973	487
973	489
973	499
973	570
973	598
973	639
973	656
973	668
973	719
973	758
973	764
973	769
973	794
973	800
973	817
973	850
973	871
973	878
973	916
973	929
973	937
973	941
973	959
973	964
973	976
973	981
973	990
974	44
974	59
974	65
974	178
974	221
974	241
974	267
974	326
974	350
974	351
974	458
974	480
974	498
974	504
974	556
974	612
974	648
974	672
974	755
974	774
974	809
974	851
974	852
974	854
974	856
974	883
974	891
974	932
974	935
974	941
974	978
974	984
974	987
974	990
974	993
974	999
975	48
975	275
975	311
975	319
975	352
975	417
975	466
975	523
975	555
975	581
975	585
975	611
975	623
975	631
975	694
975	709
975	732
975	750
975	777
975	809
975	830
975	851
975	859
975	863
975	869
975	872
975	891
975	901
975	902
975	945
975	950
975	976
975	984
975	996
975	998
975	1000
976	89
976	256
976	335
976	340
976	401
976	415
976	427
976	430
976	434
976	450
976	457
976	479
976	618
976	633
976	639
976	656
976	685
976	764
976	794
976	810
976	827
976	850
976	876
976	878
976	926
976	929
976	941
976	945
976	964
976	973
976	975
976	981
976	987
976	992
976	995
976	999
977	5
977	145
977	170
977	208
977	353
977	401
977	414
977	425
977	475
977	492
977	622
977	625
977	631
977	642
977	643
977	686
977	726
977	746
977	755
977	782
977	810
977	834
977	841
977	865
977	868
977	873
977	877
977	905
977	927
977	934
977	936
977	940
977	961
977	966
977	967
977	998
978	57
978	140
978	141
978	145
978	248
978	251
978	342
978	348
978	394
978	444
978	446
978	504
978	603
978	612
978	645
978	648
978	662
978	674
978	722
978	724
978	755
978	774
978	848
978	883
978	898
978	913
978	920
978	932
978	952
978	960
978	961
978	972
978	974
978	984
978	990
978	993
979	29
979	117
979	204
979	230
979	244
979	250
979	277
979	301
979	349
979	352
979	375
979	382
979	460
979	564
979	600
979	659
979	690
979	692
979	750
979	756
979	773
979	775
979	837
979	838
979	848
979	849
979	853
979	858
979	880
979	888
979	896
979	898
979	903
979	910
979	948
979	982
979	989
980	120
980	138
980	153
980	206
980	259
980	280
980	307
980	322
980	339
980	341
980	376
980	435
980	463
980	634
980	679
980	687
980	701
980	706
980	708
980	814
980	823
980	826
980	851
980	858
980	864
980	876
980	880
980	887
980	888
980	894
980	918
980	925
980	927
980	945
980	971
980	982
980	995
981	44
981	120
981	181
981	335
981	466
981	499
981	519
981	567
981	618
981	639
981	712
981	730
981	754
981	770
981	783
981	789
981	795
981	800
981	818
981	828
981	841
981	861
981	916
981	932
981	941
981	946
981	949
981	952
981	958
981	964
981	972
981	973
981	976
981	989
981	992
981	999
981	1000
982	230
982	244
982	250
982	361
982	411
982	413
982	510
982	534
982	571
982	616
982	637
982	692
982	695
982	707
982	708
982	728
982	750
982	756
982	760
982	772
982	773
982	806
982	837
982	848
982	853
982	867
982	881
982	884
982	886
982	891
982	896
982	904
982	906
982	910
982	915
982	920
982	979
982	980
983	23
983	46
983	121
983	134
983	175
983	207
983	227
983	242
983	278
983	302
983	354
983	393
983	418
983	422
983	448
983	454
983	476
983	508
983	538
983	547
983	566
983	575
983	636
983	645
983	657
983	658
983	703
983	716
983	763
983	771
983	783
983	857
983	899
983	909
983	910
983	919
983	948
983	957
984	16
984	21
984	65
984	178
984	267
984	306
984	392
984	417
984	431
984	446
984	478
984	504
984	544
984	554
984	565
984	627
984	662
984	706
984	722
984	724
984	753
984	755
984	774
984	794
984	805
984	806
984	852
984	856
984	883
984	898
984	911
984	913
984	932
984	956
984	974
984	975
984	978
984	990
984	993
985	69
985	77
985	88
985	97
985	103
985	144
985	216
985	256
985	285
985	295
985	345
985	360
985	460
985	497
985	509
985	557
985	587
985	588
985	593
985	613
985	615
985	637
985	672
985	676
985	678
985	691
985	710
985	760
985	764
985	777
985	785
985	822
985	844
985	851
985	854
985	871
985	885
985	944
985	955
985	970
986	12
986	28
986	119
986	124
986	217
986	223
986	277
986	289
986	293
986	355
986	379
986	442
986	467
986	490
986	493
986	496
986	532
986	553
986	563
986	615
986	663
986	717
986	751
986	764
986	765
986	768
986	786
986	802
986	819
986	834
986	865
986	878
986	901
986	925
986	936
986	940
986	947
986	960
986	963
986	997
987	23
987	88
987	115
987	125
987	152
987	190
987	227
987	238
987	239
987	399
987	427
987	443
987	462
987	531
987	595
987	600
987	602
987	611
987	626
987	637
987	668
987	682
987	696
987	714
987	789
987	809
987	810
987	813
987	832
987	908
987	925
987	942
987	955
987	958
987	961
987	963
987	974
987	976
987	991
987	1000
988	23
988	25
988	43
988	65
988	176
988	188
988	191
988	197
988	208
988	270
988	279
988	280
988	313
988	440
988	474
988	480
988	535
988	538
988	543
988	563
988	572
988	574
988	638
988	685
988	720
988	758
988	762
988	784
988	812
988	828
988	838
988	869
988	871
988	888
988	928
988	934
988	946
988	962
988	990
988	994
988	999
989	11
989	42
989	48
989	61
989	95
989	168
989	235
989	238
989	257
989	408
989	419
989	485
989	511
989	515
989	536
989	539
989	577
989	589
989	591
989	601
989	607
989	614
989	630
989	642
989	683
989	749
989	752
989	759
989	787
989	859
989	874
989	875
989	906
989	909
989	911
989	914
989	915
989	956
989	971
989	979
989	981
990	90
990	101
990	192
990	294
990	326
990	350
990	351
990	405
990	483
990	603
990	662
990	672
990	696
990	706
990	722
990	724
990	739
990	743
990	753
990	774
990	808
990	849
990	856
990	883
990	886
990	898
990	911
990	912
990	913
990	932
990	947
990	951
990	970
990	971
990	973
990	974
990	978
990	984
990	988
990	992
990	993
990	998
991	24
991	49
991	60
991	109
991	154
991	161
991	166
991	178
991	227
991	232
991	257
991	286
991	499
991	501
991	505
991	522
991	524
991	531
991	544
991	580
991	656
991	660
991	673
991	682
991	688
991	714
991	742
991	776
991	788
991	789
991	796
991	809
991	824
991	832
991	834
991	846
991	860
991	886
991	900
991	909
991	958
991	962
991	966
991	987
992	43
992	44
992	179
992	237
992	252
992	256
992	320
992	358
992	496
992	507
992	559
992	567
992	573
992	594
992	606
992	616
992	661
992	719
992	730
992	752
992	764
992	765
992	783
992	791
992	795
992	805
992	817
992	818
992	837
992	841
992	850
992	877
992	884
992	891
992	897
992	916
992	919
992	921
992	929
992	946
992	949
992	960
992	976
992	981
992	990
993	16
993	18
993	31
993	40
993	57
993	65
993	106
993	192
993	265
993	357
993	405
993	446
993	507
993	514
993	535
993	606
993	648
993	662
993	684
993	706
993	724
993	727
993	746
993	753
993	755
993	774
993	778
993	781
993	856
993	862
993	865
993	883
993	898
993	912
993	913
993	928
993	932
993	942
993	953
993	954
993	972
993	974
993	978
993	984
993	990
993	999
994	17
994	30
994	44
994	126
994	172
994	197
994	215
994	225
994	248
994	264
994	271
994	274
994	314
994	388
994	404
994	424
994	491
994	518
994	520
994	533
994	569
994	581
994	599
994	635
994	682
994	689
994	699
994	731
994	739
994	840
994	863
994	890
994	894
994	900
994	903
994	907
994	908
994	927
994	938
994	945
994	949
994	950
994	959
994	965
994	968
994	988
995	64
995	108
995	171
995	186
995	206
995	318
995	341
995	348
995	390
995	423
995	435
995	445
995	481
995	517
995	533
995	542
995	578
995	617
995	619
995	621
995	662
995	724
995	738
995	765
995	800
995	801
995	805
995	819
995	826
995	833
995	854
995	861
995	864
995	870
995	876
995	890
995	894
995	913
995	923
995	926
995	952
995	971
995	976
995	980
995	997
995	999
996	48
996	94
996	99
996	111
996	199
996	206
996	289
996	295
996	297
996	329
996	391
996	408
996	417
996	465
996	513
996	523
996	547
996	549
996	593
996	605
996	660
996	687
996	694
996	698
996	710
996	732
996	751
996	765
996	782
996	793
996	806
996	823
996	830
996	835
996	855
996	869
996	872
996	884
996	890
996	893
996	903
996	917
996	926
996	942
996	950
996	953
996	963
996	975
997	1
997	32
997	52
997	57
997	89
997	239
997	312
997	355
997	360
997	377
997	379
997	394
997	447
997	486
997	493
997	546
997	547
997	548
997	553
997	608
997	653
997	663
997	670
997	677
997	691
997	717
997	768
997	775
997	786
997	792
997	802
997	834
997	842
997	845
997	853
997	861
997	865
997	878
997	879
997	882
997	900
997	913
997	940
997	947
997	952
997	960
997	986
997	995
998	5
998	36
998	113
998	196
998	251
998	272
998	303
998	304
998	307
998	401
998	441
998	488
998	492
998	494
998	583
998	619
998	624
998	636
998	673
998	716
998	726
998	741
998	767
998	772
998	784
998	786
998	787
998	796
998	821
998	824
998	825
998	839
998	877
998	885
998	895
998	897
998	905
998	936
998	942
998	943
998	953
998	960
998	961
998	965
998	967
998	975
998	977
998	990
999	60
999	76
999	81
999	84
999	201
999	223
999	254
999	326
999	335
999	396
999	465
999	477
999	594
999	598
999	618
999	633
999	712
999	719
999	783
999	791
999	794
999	813
999	817
999	818
999	841
999	850
999	879
999	892
999	894
999	897
999	898
999	899
999	910
999	929
999	933
999	936
999	937
999	941
999	949
999	963
999	964
999	970
999	974
999	976
999	981
999	988
999	993
999	995
1000	2
1000	68
1000	96
1000	110
1000	125
1000	187
1000	286
1000	305
1000	319
1000	333
1000	359
1000	361
1000	367
1000	399
1000	427
1000	443
1000	540
1000	544
1000	587
1000	626
1000	638
1000	666
1000	669
1000	677
1000	688
1000	696
1000	704
1000	724
1000	788
1000	789
1000	801
1000	814
1000	832
1000	833
1000	848
1000	850
1000	867
1000	869
1000	900
1000	908
1000	915
1000	921
1000	923
1000	926
1000	935
1000	952
1000	975
1000	981
1000	987
