1	526
1	802
1	927
1	984
2	680
2	901
2	903
2	947
3	179
3	269
3	696
3	925
4	904
4	941
4	969
4	984
5	655
5	773
5	853
5	963
6	366
6	468
6	554
6	617
7	234
7	791
7	902
7	998
8	175
8	688
8	721
8	844
9	636
9	715
9	893
9	952
10	14
10	492
10	917
10	987
11	506
11	886
11	906
11	921
12	429
12	592
12	945
12	970
13	915
13	926
13	989
13	1000
14	10
14	366
14	685
14	708
15	282
15	672
15	856
15	941
16	928
16	978
16	992
16	994
17	504
17	853
17	888
17	917
18	647
18	672
18	965
18	980
19	871
19	950
19	967
19	996
20	156
20	943
20	972
20	973
21	943
21	972
21	973
21	977
22	103
22	133
22	166
22	922
23	582
23	976
23	979
23	993
24	714
24	874
24	920
24	940
25	496
25	568
25	774
25	928
26	685
26	956
26	980
26	987
27	465
27	902
27	998
27	999
28	950
28	967
28	985
28	996
29	693
29	960
29	968
29	991
30	95
30	883
30	935
30	970
31	213
31	861
31	956
31	982
32	524
32	525
32	771
32	928
33	571
33	710
33	926
33	983
34	524
34	630
34	738
34	928
35	839
35	877
35	903
35	914
36	52
36	767
36	792
36	974
37	181
37	337
37	961
37	966
38	929
38	950
38	985
38	995
39	628
39	810
39	893
39	952
40	833
40	865
40	981
40	986
41	439
41	478
41	788
41	855
42	297
42	460
42	711
42	949
43	228
43	914
43	938
43	946
44	280
44	700
44	820
44	989
45	518
45	756
45	850
45	960
46	627
46	845
46	969
46	974
47	732
47	932
47	937
47	988
48	730
48	816
48	914
48	968
49	88
49	912
49	981
49	995
50	747
50	830
50	896
50	976
51	698
51	796
51	962
51	989
52	36
52	724
52	745
52	936
53	610
53	709
53	932
53	988
54	453
54	917
54	965
54	966
55	194
55	974
55	983
55	997
56	569
56	839
56	877
56	946
57	567
57	929
57	995
57	996
58	107
58	755
58	873
58	921
59	89
59	803
59	866
59	998
60	758
60	948
60	951
60	998
61	924
61	934
61	961
61	978
62	975
62	976
62	979
62	993
63	311
63	808
63	885
63	955
64	475
64	508
64	811
64	991
65	580
65	822
65	928
65	985
66	773
66	794
66	819
66	973
67	912
67	919
67	951
67	986
68	328
68	936
68	992
68	995
69	313
69	437
69	893
69	952
70	654
70	923
70	969
70	984
71	120
71	253
71	886
71	906
72	417
72	474
72	969
72	984
73	775
73	863
73	920
73	940
74	95
74	215
74	932
74	988
75	972
75	976
75	979
75	993
76	745
76	959
76	961
76	974
77	383
77	771
77	881
77	968
78	363
78	520
78	816
78	946
79	502
79	920
79	930
79	940
80	309
80	844
80	851
80	865
81	401
81	669
81	837
81	924
82	170
82	718
82	903
82	957
83	756
83	902
83	907
83	991
84	492
84	535
84	959
84	966
85	503
85	861
85	884
85	888
86	878
86	886
86	934
86	978
87	835
87	842
87	871
87	880
88	49
88	896
88	902
88	990
89	59
89	900
89	990
89	999
90	769
90	951
90	981
90	986
91	555
91	813
91	945
91	970
92	457
92	835
92	842
92	880
93	495
93	557
93	905
93	986
94	902
94	919
94	986
94	990
95	30
95	74
95	330
95	970
96	664
96	908
96	916
96	955
97	773
97	962
97	983
97	989
98	964
98	975
98	979
98	993
99	613
99	959
99	995
99	996
100	571
100	861
100	892
100	966
101	364
101	836
101	908
101	955
102	810
102	931
102	967
102	995
103	22
103	317
103	790
103	972
104	584
104	967
104	985
104	996
105	186
105	522
105	899
105	928
106	732
106	937
106	985
106	988
107	58
107	535
107	886
107	906
108	589
108	817
108	844
108	851
109	838
109	875
109	927
109	969
110	922
110	950
110	985
110	996
111	826
111	929
111	974
111	992
112	436
112	934
112	953
112	959
113	431
113	818
113	866
113	982
114	169
114	565
114	931
114	949
115	463
115	640
115	932
115	988
116	368
116	716
116	726
116	961
117	775
117	930
117	940
117	950
118	334
118	983
118	986
118	999
119	237
119	601
119	820
119	1000
120	71
120	527
120	579
120	921
121	964
121	975
121	976
121	993
122	303
122	915
122	983
122	1000
123	467
123	942
123	959
123	992
124	537
124	723
124	832
124	987
125	864
125	911
125	972
125	977
126	408
126	551
126	920
126	930
127	769
127	954
127	998
127	999
128	242
128	637
128	795
128	896
129	852
129	919
129	948
129	999
130	912
130	954
130	990
130	998
131	522
131	524
131	525
131	822
132	817
132	843
132	964
132	970
133	22
133	881
133	960
133	971
134	438
134	712
134	958
134	990
135	201
135	344
135	772
135	896
136	465
136	900
136	998
136	999
137	685
137	713
137	980
137	982
138	644
138	765
138	864
138	996
139	738
139	759
139	937
139	988
140	603
140	920
140	930
140	941
141	163
141	280
141	828
141	997
142	823
142	827
142	964
142	979
143	744
143	814
143	884
143	941
144	145
144	877
144	903
144	938
145	144
145	604
145	816
145	946
146	177
146	566
146	968
146	971
147	383
147	781
147	873
147	906
148	438
148	812
148	990
148	998
149	652
149	833
149	998
149	999
150	736
150	885
150	895
150	908
151	360
151	736
151	897
151	978
152	178
152	382
152	727
152	988
153	881
153	960
153	968
153	971
154	774
154	975
154	976
154	993
155	158
155	770
155	957
155	984
156	20
156	922
156	950
156	996
157	807
157	944
157	983
157	997
158	155
158	744
158	953
158	959
159	748
159	762
159	893
159	952
160	943
160	947
160	973
160	977
161	211
161	365
161	455
161	971
162	674
162	717
162	762
162	952
163	141
163	935
163	945
163	970
164	821
164	836
164	895
164	955
165	976
165	979
165	993
165	999
166	22
166	570
166	756
166	991
167	580
167	635
167	738
167	874
168	427
168	842
168	891
168	960
169	114
169	528
169	932
169	988
170	82
170	904
170	957
170	984
171	832
171	858
171	965
171	987
172	859
172	972
172	973
172	977
173	944
173	947
173	962
173	1000
174	425
174	906
174	921
174	988
175	8
175	305
175	890
175	994
176	329
176	828
176	960
176	968
177	146
177	659
177	811
177	971
178	152
178	440
178	825
178	988
179	3
179	696
179	925
179	933
180	410
180	414
180	750
180	952
181	37
181	704
181	835
181	992
182	879
182	981
182	990
182	999
183	749
183	842
183	880
183	891
184	270
184	791
184	939
184	981
185	475
185	576
185	785
185	879
186	105
186	651
186	795
186	928
187	949
187	967
187	985
187	995
188	314
188	369
188	788
188	925
189	662
189	685
189	717
189	952
190	718
190	904
190	910
190	969
191	289
191	916
191	941
191	963
192	206
192	747
192	789
192	830
193	549
193	765
193	855
193	925
194	55
194	397
194	962
194	983
195	933
195	972
195	973
195	977
196	809
196	915
196	989
196	997
197	964
197	976
197	979
197	993
198	542
198	886
198	906
198	921
199	504
199	895
199	941
199	987
200	229
200	831
200	944
200	983
201	135
201	747
201	772
201	795
202	625
202	839
202	946
202	978
203	288
203	892
203	982
203	987
204	873
204	886
204	921
204	952
205	711
205	802
205	897
205	898
206	192
206	295
206	830
206	896
207	854
207	956
207	980
207	987
208	470
208	948
208	986
208	999
209	871
209	932
209	950
209	995
210	366
210	874
210	920
210	930
211	161
211	785
211	881
211	991
212	379
212	919
212	981
212	999
213	31
213	902
213	958
213	999
214	915
214	918
214	944
214	1000
215	74
215	732
215	759
215	988
216	355
216	863
216	920
216	940
217	856
217	861
217	980
217	987
218	548
218	894
218	895
218	908
219	511
219	520
219	850
219	960
220	764
220	787
220	945
220	970
221	692
221	766
221	830
221	896
222	826
222	936
222	974
222	994
223	359
223	897
223	994
223	1000
224	621
224	624
224	937
224	988
225	618
225	912
225	974
225	994
226	695
226	835
226	842
226	891
227	782
227	797
227	851
227	865
228	43
228	468
228	677
228	797
229	200
229	513
229	558
229	983
230	661
230	881
230	960
230	991
231	379
231	951
231	986
231	990
232	372
232	422
232	855
232	925
233	399
233	541
233	857
233	992
234	7
234	885
234	895
234	955
235	551
235	774
235	822
235	928
236	720
236	986
236	990
236	999
237	119
237	962
237	983
237	992
237	1000
238	290
238	724
238	857
238	974
238	978
239	389
239	628
239	639
239	893
239	952
240	510
240	887
240	902
240	981
240	986
241	438
241	812
241	981
241	990
241	998
242	128
242	381
242	404
242	789
242	795
243	722
243	863
243	874
243	930
243	940
244	343
244	887
244	949
244	985
244	995
245	589
245	602
245	649
245	697
245	844
246	448
246	598
246	910
246	927
246	969
247	418
247	786
247	854
247	882
247	982
248	796
248	983
248	993
248	997
248	1000
249	533
249	815
249	841
249	926
249	944
250	360
250	715
250	860
250	921
250	952
251	675
251	813
251	843
251	935
251	970
252	891
252	964
252	975
252	976
252	993
253	71
253	294
253	464
253	954
253	990
254	779
254	859
254	913
254	945
254	970
255	489
255	821
255	894
255	908
255	955
256	747
256	795
256	830
256	896
256	994
257	747
257	922
257	929
257	967
257	995
258	513
258	733
258	819
258	989
258	1000
259	852
259	864
259	922
259	931
259	985
260	620
260	806
260	863
260	920
260	940
261	440
261	862
261	967
261	985
261	996
262	777
262	828
262	918
262	962
262	1000
263	542
263	890
263	936
263	959
263	992
264	509
264	552
264	842
264	880
264	891
265	834
265	934
265	936
265	953
265	992
266	527
266	538
266	698
266	915
266	983
267	964
267	975
267	976
267	979
267	993
268	321
268	910
268	927
268	969
268	984
269	3
269	294
269	372
269	466
269	543
270	184
270	900
270	905
270	958
270	990
271	539
271	637
271	795
271	896
271	981
272	394
272	603
272	832
272	930
272	940
273	443
273	866
273	900
273	951
273	981
274	975
274	976
274	979
274	993
274	1000
275	603
275	622
275	676
275	775
275	940
276	404
276	845
276	870
276	923
276	969
277	711
277	835
277	842
277	880
277	891
278	325
278	416
278	954
278	986
278	999
279	479
279	721
279	782
279	851
279	865
280	44
280	141
280	926
280	939
280	989
281	351
281	367
281	960
281	968
281	971
282	15
282	856
282	876
282	906
282	966
283	320
283	461
283	494
283	825
283	970
284	314
284	819
284	918
284	944
284	997
285	340
285	499
285	728
285	892
285	987
286	755
286	886
286	906
286	921
286	937
287	458
287	877
287	914
287	938
287	946
288	203
288	975
288	976
288	979
288	993
289	191
289	571
289	767
289	848
289	963
290	238
290	753
290	880
290	961
290	994
291	397
291	587
291	687
291	959
291	961
292	747
292	766
292	789
292	795
292	830
293	728
293	734
293	799
293	821
293	908
294	253
294	269
294	902
294	905
294	958
295	206
295	539
295	747
295	830
295	896
296	810
296	845
296	870
296	923
296	984
297	42
297	674
297	949
297	967
297	985
298	817
298	843
298	927
298	945
298	970
299	782
299	943
299	972
299	973
299	977
300	572
300	624
300	834
300	938
300	946
301	828
301	926
301	939
301	983
301	1000
302	457
302	516
302	723
302	754
302	814
303	122
303	964
303	975
303	979
303	993
304	714
304	950
304	967
304	985
304	995
305	175
305	819
305	897
305	953
305	994
306	784
306	837
306	898
306	978
306	994
307	395
307	412
307	475
307	835
307	891
308	514
308	678
308	714
308	863
308	930
309	80
309	602
309	632
309	851
309	865
310	519
310	568
310	839
310	914
310	938
311	63
311	733
311	799
311	908
311	955
312	618
312	867
312	975
312	976
312	993
313	69
313	341
313	507
313	898
313	974
314	188
314	284
314	375
314	788
314	925
315	659
315	693
315	903
315	960
315	991
316	388
316	696
316	788
316	851
316	855
317	103
317	380
317	482
317	960
317	974
318	338
318	378
318	582
318	932
318	988
319	789
319	954
319	986
319	998
319	999
320	283
320	781
320	873
320	906
320	921
321	268
321	771
321	850
321	879
321	968
322	568
322	580
322	774
322	822
322	928
323	356
323	459
323	897
323	953
323	959
324	707
324	786
324	913
324	969
324	980
325	278
325	749
325	842
325	880
325	891
326	525
326	623
326	651
326	738
326	822
327	333
327	953
327	959
327	974
327	992
328	68
328	829
328	898
328	942
328	953
329	176
329	383
329	488
329	811
329	991
330	95
330	877
330	935
330	945
330	970
331	840
331	967
331	972
331	973
331	977
332	407
332	879
332	968
332	971
332	991
333	327
333	658
333	739
333	903
333	994
334	118
334	400
334	954
334	958
334	990
335	344
335	766
335	830
335	870
335	896
336	547
336	578
336	701
336	800
336	982
337	37
337	371
337	837
337	942
337	994
338	318
338	433
338	640
338	932
338	988
339	746
339	770
339	899
339	904
339	910
340	285
340	523
340	853
340	941
340	987
341	313
341	886
341	953
341	978
341	992
342	396
342	630
342	808
342	822
342	928
343	244
343	401
343	897
343	934
343	994
344	135
344	335
344	747
344	893
344	896
345	618
345	682
345	934
345	978
345	994
346	826
346	898
346	953
346	994
346	1000
347	498
347	533
347	841
347	983
347	997
348	877
348	901
348	903
348	914
348	946
349	583
349	765
349	788
349	855
349	925
350	761
350	873
350	886
350	906
350	921
351	281
351	569
351	901
351	914
351	938
352	784
352	862
352	864
352	985
352	995
353	366
353	786
353	806
353	888
353	981
354	425
354	850
354	907
354	960
354	991
355	216
355	599
355	603
355	863
355	940
356	323
356	446
356	636
356	778
356	953
357	835
357	842
357	864
357	880
357	891
358	359
358	609
358	740
358	959
358	974
359	223
359	358
359	736
359	898
359	974
359	999
360	151
360	250
360	636
360	639
360	860
360	952
361	588
361	726
361	772
361	789
361	795
361	896
362	566
362	575
362	757
362	879
362	907
362	971
363	78
363	625
363	637
363	816
363	903
363	938
364	101
364	419
364	821
364	908
364	955
364	961
365	161
365	482
365	687
365	785
365	850
365	960
366	6
366	14
366	210
366	353
366	982
366	987
367	281
367	371
367	749
367	960
367	968
367	971
368	116
368	377
368	959
368	961
368	978
368	992
369	188
369	549
369	765
369	788
369	925
369	947
370	547
370	848
370	854
370	875
370	957
370	984
371	337
371	367
371	380
371	633
371	968
371	991
372	232
372	269
372	765
372	780
372	855
372	925
373	863
373	874
373	920
373	930
373	940
373	962
374	883
374	892
374	913
374	966
374	980
374	987
375	314
375	388
375	543
375	745
375	855
375	925
376	598
376	679
376	733
376	894
376	908
376	955
377	368
377	614
377	669
377	744
377	897
377	974
378	318
378	727
378	824
378	932
378	955
378	988
379	212
379	231
379	476
379	948
379	986
379	990
380	317
380	371
380	520
380	561
380	775
380	907
381	242
381	766
381	772
381	830
381	862
381	896
382	152
382	538
382	841
382	939
382	989
382	1000
383	77
383	147
383	329
383	731
383	811
383	971
384	813
384	933
384	947
384	972
384	973
384	977
385	441
385	496
385	577
385	774
385	928
385	956
386	643
386	650
386	697
386	761
386	873
386	886
387	580
387	635
387	770
387	774
387	822
387	928
388	316
388	375
388	788
388	855
388	925
388	929
389	239
389	750
389	762
389	893
389	952
389	994
390	686
390	725
390	826
390	909
390	910
390	923
391	632
391	649
391	674
391	844
391	851
391	865
392	694
392	699
392	824
392	927
392	937
392	988
393	690
393	761
393	817
393	843
393	859
393	970
394	272
394	620
394	874
394	920
394	930
394	940
395	307
395	749
395	842
395	880
395	891
395	923
396	342
396	496
396	524
396	635
396	692
396	928
397	194
397	291
397	802
397	889
397	898
397	961
398	654
398	846
398	870
398	909
398	923
398	984
399	233
399	679
399	733
399	734
399	742
399	808
400	334
400	464
400	801
400	866
400	948
400	981
401	81
401	343
401	512
401	550
401	924
401	942
402	631
402	814
402	832
402	956
402	980
402	987
403	911
403	933
403	947
403	972
403	973
403	977
404	242
404	276
404	904
404	910
404	957
404	984
405	472
405	887
405	913
405	967
405	985
405	996
406	551
406	640
406	670
406	824
406	937
406	988
407	332
407	820
407	879
407	960
407	968
407	971
408	126
408	538
408	714
408	920
408	930
408	940
409	498
409	843
409	901
409	935
409	945
409	970
410	180
410	674
410	762
410	810
410	893
410	952
411	765
411	846
411	856
411	861
411	966
411	980
412	307
412	489
412	835
412	880
412	891
412	942
413	676
413	714
413	740
413	874
413	930
413	940
414	180
414	750
414	810
414	860
414	948
414	952
415	419
415	664
415	821
415	885
415	955
415	992
416	278
416	691
416	951
416	981
416	998
416	999
417	72
417	875
417	957
417	965
417	969
417	984
418	247
418	754
418	806
418	819
418	882
418	966
419	364
419	415
419	431
419	591
419	894
419	895
420	770
420	870
420	923
420	930
420	957
420	969
421	867
421	919
421	954
421	981
421	986
421	998
422	232
422	536
422	583
422	788
422	852
422	925
423	626
423	729
423	922
423	936
423	995
423	996
424	646
424	829
424	871
424	929
424	995
424	996
425	174
425	354
425	755
425	758
425	873
425	921
426	662
426	762
426	860
426	889
426	893
426	952
427	168
427	489
427	572
427	614
427	835
427	880
428	527
428	697
428	761
428	882
428	886
428	921
429	12
429	777
429	828
429	939
429	944
429	989
430	883
430	947
430	972
430	973
430	977
430	994
431	113
431	419
431	818
431	912
431	958
431	999
432	559
432	733
432	808
432	885
432	894
432	982
433	338
433	699
433	853
433	932
433	937
433	988
434	448
434	899
434	923
434	927
434	969
434	984
435	449
435	656
435	875
435	904
435	934
435	969
436	112
436	736
436	778
436	953
436	954
436	959
437	69
437	662
437	715
437	810
437	860
437	893
438	134
438	148
438	241
438	867
438	948
438	951
439	41
439	549
439	697
439	765
439	855
439	925
440	178
440	261
440	528
440	759
440	932
440	988
441	385
441	577
441	623
441	738
441	928
441	929
442	752
442	904
442	909
442	923
442	969
442	984
443	273
443	444
443	856
443	965
443	966
443	982
444	443
444	728
444	861
444	888
444	939
444	956
445	877
445	901
445	903
445	938
445	946
445	970
446	356
446	744
446	792
446	885
446	897
446	934
447	831
447	872
447	943
447	972
447	973
447	977
448	246
448	434
448	707
448	870
448	909
448	984
449	435
449	856
449	870
449	899
449	927
449	984
450	902
450	911
450	948
450	951
450	981
450	986
451	857
451	889
451	890
451	898
451	992
451	994
452	632
452	677
452	688
452	797
452	929
452	953
453	54
453	516
453	580
453	800
453	888
453	982
454	492
454	564
454	888
454	914
454	963
454	965
455	161
455	566
455	757
455	881
455	958
455	960
456	867
456	964
456	975
456	976
456	979
456	993
457	92
457	302
457	509
457	695
457	749
457	880
458	287
458	892
458	913
458	956
458	963
458	966
458	982
459	323
459	867
459	964
459	975
459	976
459	979
459	993
460	42
460	883
460	911
460	947
460	972
460	973
460	977
461	283
461	779
461	825
461	935
461	945
461	970
461	998
462	499
462	512
462	768
462	814
462	849
462	958
462	998
463	115
463	567
463	868
463	922
463	949
463	985
463	995
464	253
464	400
464	696
464	919
464	951
464	954
464	981
465	27
465	136
465	659
465	951
465	981
465	990
465	999
466	269
466	478
466	549
466	583
466	772
466	855
466	925
467	123
467	684
467	777
467	897
467	924
467	961
467	994
468	6
468	228
468	632
468	688
468	797
468	851
468	865
469	710
469	841
469	907
469	926
469	939
469	962
469	1000
470	208
470	577
470	612
470	623
470	635
470	774
470	928
471	557
471	833
471	847
471	849
471	900
471	981
471	998
472	405
472	546
472	711
472	907
472	931
472	985
472	996
473	639
473	674
473	715
473	860
473	893
473	952
473	984
474	72
474	676
474	722
474	863
474	874
474	920
474	930
475	64
475	185
475	307
475	692
475	756
475	960
475	971
476	379
476	684
476	951
476	954
476	958
476	990
476	998
477	769
477	811
477	850
477	960
477	968
477	971
477	991
478	41
478	466
478	536
478	558
478	765
478	788
478	925
479	279
479	887
479	922
479	949
479	950
479	995
479	996
480	801
480	926
480	964
480	975
480	976
480	979
480	993
481	554
481	814
481	816
481	823
481	917
481	963
481	982
482	317
482	365
482	518
482	633
482	907
482	933
482	960
483	899
483	904
483	910
483	927
483	957
483	979
483	984
484	573
484	829
484	862
484	868
484	985
484	995
484	996
485	566
485	760
485	771
485	790
485	968
485	991
485	993
486	770
486	875
486	909
486	927
486	959
486	969
486	984
487	516
487	723
487	809
487	861
487	963
487	982
487	987
488	329
488	634
488	821
488	836
488	885
488	894
488	955
489	255
489	412
489	427
489	749
489	835
489	880
489	891
490	532
490	726
490	837
490	936
490	978
490	992
490	994
491	858
491	867
491	959
491	964
491	975
491	976
491	979
492	10
492	84
492	454
492	800
492	917
492	932
492	956
493	847
493	924
493	964
493	975
493	976
493	979
493	993
494	283
494	518
494	690
494	825
494	935
494	945
494	970
495	93
495	816
495	877
495	901
495	914
495	938
495	946
496	25
496	385
496	396
496	522
496	568
496	738
496	912
497	571
497	713
497	776
497	861
497	941
497	956
497	982
498	347
498	409
498	787
498	813
498	935
498	945
498	970
499	285
499	462
499	706
499	958
499	990
499	998
499	999
500	639
500	750
500	810
500	860
500	893
500	908
500	952
501	645
501	820
501	828
501	841
501	899
501	997
501	1000
502	79
502	714
502	775
502	920
502	930
502	940
502	997
503	85
503	875
503	899
503	909
503	910
503	957
503	969
504	17
504	199
504	854
504	892
504	916
504	965
504	973
505	650
505	815
505	962
505	983
505	989
505	990
505	1000
506	11
506	845
506	848
506	910
506	923
506	957
506	969
507	313
507	740
507	917
507	936
507	942
507	959
507	961
508	64
508	511
508	518
508	850
508	881
508	971
508	982
509	264
509	457
509	614
509	835
509	880
509	891
509	986
510	240
510	948
510	951
510	966
510	981
510	986
510	999
511	219
511	508
511	576
511	811
511	907
511	960
511	971
512	401
512	462
512	768
512	912
512	951
512	990
512	998
513	229
513	258
513	710
513	820
513	918
513	945
513	997
514	308
514	714
514	719
514	722
514	874
514	930
514	940
515	675
515	764
515	859
515	935
515	945
515	953
515	970
516	302
516	453
516	487
516	655
516	892
516	982
516	991
517	739
517	745
517	822
517	826
517	878
517	924
517	978
518	45
518	482
518	494
518	508
518	907
518	960
518	991
519	310
519	604
519	804
519	834
519	914
519	938
519	946
520	78
520	219
520	380
520	616
520	757
520	971
520	991
521	612
521	915
521	939
521	962
521	983
521	997
521	1000
522	105
522	131
522	496
522	525
522	577
522	612
522	928
523	340
523	576
523	760
523	850
523	879
523	968
523	991
524	32
524	34
524	131
524	396
524	651
524	822
524	844
525	32
525	131
525	326
525	522
525	577
525	635
525	825
526	1
526	838
526	848
526	875
526	950
526	969
526	984
527	120
527	266
527	428
527	758
527	781
527	886
527	906
528	169
528	440
528	727
528	824
528	937
528	988
528	998
529	640
529	666
529	694
529	927
529	932
529	937
529	988
530	603
530	690
530	817
530	859
530	935
530	945
530	970
531	698
531	794
531	983
531	989
531	995
531	997
531	1000
532	490
532	827
532	964
532	975
532	976
532	979
532	993
533	249
533	347
533	773
533	794
533	820
533	954
533	1000
534	558
534	899
534	915
534	926
534	944
534	989
534	997
535	84
535	107
535	578
535	754
535	798
535	814
535	941
536	422
536	478
536	583
536	621
536	765
536	855
536	925
537	124
537	562
537	702
537	834
537	877
537	901
537	903
538	266
538	382
538	408
538	820
538	915
538	989
538	1000
539	271
539	295
539	561
539	588
539	772
539	789
539	795
540	569
540	657
540	680
540	834
540	901
540	938
540	946
541	233
541	708
541	784
541	804
541	857
541	974
541	992
542	198
542	263
542	758
542	781
542	873
542	906
542	921
543	269
543	375
543	583
543	696
543	765
543	773
543	925
544	561
544	616
544	687
544	951
544	968
544	971
544	991
545	586
545	869
545	964
545	975
545	976
545	979
545	993
546	472
546	690
546	735
546	852
546	887
546	931
546	949
547	336
547	370
547	845
547	909
547	927
547	957
547	969
547	984
548	218
548	691
548	742
548	808
548	895
548	950
548	955
548	971
549	193
549	369
549	439
549	466
549	612
549	696
549	855
549	925
550	401
550	863
550	889
550	934
550	959
550	974
550	992
550	994
551	126
551	235
551	406
551	603
551	676
551	863
551	920
551	940
552	264
552	614
552	695
552	727
552	749
552	835
552	880
552	891
553	864
553	898
553	929
553	931
553	949
553	967
553	995
553	996
554	6
554	481
554	683
554	856
554	916
554	963
554	966
554	980
555	91
555	639
555	660
555	779
555	787
555	935
555	945
555	970
556	592
556	708
556	846
556	853
556	876
556	884
556	916
556	966
557	93
557	471
557	905
557	912
557	950
557	954
557	981
557	986
558	229
558	478
558	534
558	807
558	921
558	939
558	962
558	997
559	432
559	563
559	679
559	691
559	836
559	894
559	895
559	955
560	869
560	910
560	940
560	964
560	975
560	976
560	979
560	993
561	380
561	539
561	544
561	641
561	879
561	907
561	960
561	991
562	537
562	680
562	730
562	816
562	834
562	918
562	938
562	946
563	559
563	790
563	933
563	943
563	947
563	972
563	973
563	977
564	454
564	701
564	853
564	861
564	956
564	965
564	980
564	991
565	114
565	928
565	929
565	931
565	950
565	985
565	995
565	996
566	146
566	362
566	455
566	485
566	654
566	693
566	719
566	881
567	57
567	463
567	599
567	829
567	922
567	931
567	985
567	990
568	25
568	310
568	322
568	496
568	630
568	635
568	774
568	928
569	56
569	351
569	540
569	730
569	901
569	920
569	938
569	946
570	166
570	911
570	943
570	947
570	972
570	973
570	977
570	982
571	33
571	100
571	289
571	497
571	888
571	913
571	965
571	966
572	300
572	427
572	834
572	877
572	896
572	901
572	903
572	946
573	484
573	702
573	816
573	877
573	901
573	903
573	938
573	939
574	607
574	866
574	870
574	912
574	919
574	958
574	990
574	998
575	362
575	723
575	754
575	854
575	882
575	963
575	980
575	982
576	185
576	511
576	523
576	671
576	731
576	757
576	879
576	990
577	385
577	441
577	470
577	522
577	525
577	612
577	916
577	928
578	336
578	535
578	800
578	846
578	878
578	882
578	963
578	982
579	120
579	643
579	761
579	781
579	835
579	873
579	906
579	921
580	65
580	167
580	322
580	387
580	453
580	623
580	630
580	928
581	812
581	846
581	881
581	954
581	958
581	986
581	990
581	999
582	23
582	318
582	624
582	666
582	741
582	932
582	937
582	988
583	349
583	422
583	466
583	536
583	543
583	855
583	925
583	967
584	104
584	809
584	813
584	864
584	871
584	931
584	985
584	996
585	673
585	679
585	734
585	808
585	885
585	894
585	955
585	985
586	545
586	807
586	820
586	841
586	918
586	983
586	989
586	1000
587	291
587	853
587	889
587	890
587	898
587	942
587	959
587	978
588	361
588	539
588	766
588	772
588	789
588	830
588	884
588	896
589	108
589	245
589	677
589	797
589	844
589	851
589	865
589	969
590	851
590	872
590	911
590	943
590	947
590	972
590	973
590	977
591	419
591	691
591	734
591	742
591	885
591	894
591	919
591	955
592	12
592	556
592	764
592	787
592	813
592	859
592	935
592	970
593	671
593	687
593	850
593	858
593	881
593	968
593	971
593	991
594	855
594	872
594	933
594	943
594	947
594	972
594	973
594	977
595	690
595	787
595	825
595	844
595	859
595	935
595	945
595	970
596	773
596	905
596	926
596	965
596	983
596	989
596	997
596	1000
597	622
597	773
597	845
597	939
597	944
597	989
597	997
597	1000
598	246
598	376
598	653
598	838
598	845
598	910
598	923
598	969
599	355
599	567
599	868
599	949
599	981
599	985
599	995
599	996
600	629
600	655
600	787
600	832
600	854
600	856
600	963
600	982
601	119
601	650
601	832
601	841
601	944
601	962
601	997
601	1000
602	245
602	309
602	688
602	721
602	782
602	815
602	844
602	865
603	140
603	272
603	275
603	355
603	530
603	551
603	920
603	930
604	145
604	519
604	839
604	860
604	877
604	914
604	938
604	946
605	751
605	796
605	807
605	831
605	926
605	983
605	997
605	1000
606	689
606	704
606	826
606	837
606	942
606	953
606	955
606	992
607	574
607	791
607	919
607	948
607	953
607	981
607	997
607	998
608	700
608	815
608	819
608	931
608	939
608	944
608	989
608	997
609	358
609	667
609	933
609	943
609	947
609	972
609	973
609	977
610	53
610	621
610	666
610	670
610	824
610	937
610	987
610	988
611	796
611	909
611	936
611	942
611	959
611	974
611	978
611	994
612	470
612	521
612	522
612	549
612	577
612	630
612	635
612	738
613	99
613	862
613	868
613	950
613	967
613	968
613	985
613	996
614	377
614	427
614	509
614	552
614	749
614	842
614	880
614	891
615	883
615	933
615	947
615	972
615	973
615	977
615	984
615	993
616	520
616	544
616	833
616	850
616	907
616	968
616	971
616	991
617	6
617	638
617	648
617	786
617	798
617	876
617	956
617	963
617	987
618	225
618	312
618	345
618	857
618	889
618	934
618	953
618	961
618	994
619	624
619	699
619	732
619	759
619	811
619	824
619	932
619	937
619	988
620	260
620	394
620	722
620	863
620	874
620	917
620	920
620	930
620	940
621	224
621	536
621	610
621	759
621	806
621	824
621	932
621	937
621	988
622	275
622	597
622	650
622	698
622	710
622	841
622	918
622	961
622	989
623	326
623	441
623	470
623	580
623	672
623	774
623	822
623	903
623	928
624	224
624	300
624	582
624	619
624	666
624	694
624	824
624	932
624	988
625	202
625	363
625	839
625	888
625	901
625	903
625	914
625	938
625	946
626	423
626	829
626	864
626	931
626	949
626	967
626	977
626	995
626	996
627	46
627	870
627	904
627	909
627	927
627	928
627	941
627	969
627	984
628	39
628	239
628	717
628	750
628	810
628	860
628	893
628	952
628	997
629	600
629	685
629	759
629	800
629	823
629	832
629	963
629	965
629	980
630	34
630	342
630	568
630	580
630	612
630	651
630	683
630	822
630	928
631	402
631	744
631	778
631	792
631	889
631	897
631	939
631	953
631	961
632	309
632	391
632	452
632	468
632	721
632	782
632	844
632	865
632	987
633	371
633	482
633	692
633	756
633	881
633	907
633	968
633	975
633	991
634	488
634	673
634	703
634	808
634	821
634	894
634	895
634	908
634	944
635	167
635	387
635	396
635	470
635	525
635	568
635	612
635	803
635	822
636	9
636	356
636	360
636	674
636	717
636	762
636	860
636	893
636	952
637	128
637	271
637	363
637	747
637	772
637	789
637	795
637	830
637	896
638	617
638	754
638	846
638	853
638	913
638	941
638	963
638	965
638	994
639	239
639	360
639	473
639	500
639	555
639	717
639	750
639	810
639	952
640	115
640	338
640	406
640	529
640	709
640	732
640	807
640	937
640	988
641	561
641	671
641	745
641	790
641	879
641	881
641	968
641	971
641	991
642	783
642	801
642	858
642	964
642	966
642	975
642	976
642	979
642	993
643	386
643	579
643	715
643	755
643	781
643	873
643	886
643	906
643	921
644	138
644	862
644	929
644	931
644	949
644	950
644	958
644	967
644	985
645	501
645	700
645	737
645	777
645	796
645	944
645	989
645	996
645	997
646	424
646	858
646	867
646	964
646	975
646	976
646	979
646	983
646	993
647	18
647	707
647	892
647	913
647	941
647	956
647	966
647	982
647	983
648	617
648	820
648	831
648	918
648	926
648	962
648	983
648	989
648	997
649	245
649	391
649	688
649	782
649	797
649	844
649	851
649	865
649	890
650	386
650	505
650	601
650	622
650	819
650	915
650	918
650	983
650	997
651	186
651	326
651	524
651	630
651	738
651	774
651	841
651	856
651	928
652	149
652	857
652	902
652	912
652	948
652	954
652	986
652	990
652	998
653	598
653	743
653	783
653	964
653	973
653	975
653	976
653	979
653	993
654	70
654	398
654	566
654	686
654	870
654	899
654	923
654	969
654	984
655	5
655	516
655	600
655	741
655	846
655	913
655	956
655	980
655	982
656	435
656	686
656	834
656	870
656	875
656	904
656	909
656	927
656	957
657	540
657	840
657	872
657	911
657	933
657	947
657	972
657	973
657	977
658	333
658	669
658	769
658	776
658	782
658	837
658	898
658	924
658	994
659	177
659	315
659	465
659	693
659	785
659	790
659	881
659	968
659	971
660	555
660	690
660	764
660	813
660	843
660	859
660	882
660	935
660	970
661	230
661	764
661	817
661	843
661	859
661	935
661	945
661	970
661	983
662	189
662	426
662	437
662	750
662	810
662	860
662	893
662	952
662	957
663	827
663	847
663	869
663	917
663	964
663	975
663	976
663	979
663	993
664	96
664	415
664	691
664	703
664	742
664	771
664	885
664	895
664	908
665	871
665	887
665	922
665	929
665	949
665	957
665	967
665	995
665	996
666	529
666	582
666	610
666	624
666	709
666	724
666	824
666	937
666	988
667	609
667	720
667	829
667	933
667	943
667	972
667	973
667	977
667	980
668	703
668	733
668	799
668	808
668	821
668	836
668	885
668	908
668	915
669	81
669	377
669	658
669	673
669	689
669	934
669	974
669	978
669	992
670	406
670	610
670	709
670	727
670	759
670	850
670	932
670	937
670	988
671	576
671	593
671	641
671	756
671	850
671	879
671	971
671	972
671	991
672	15
672	18
672	623
672	701
672	856
672	876
672	884
672	965
672	966
672	982
673	585
673	634
673	669
673	733
673	836
673	867
673	894
673	895
673	908
673	955
674	162
674	297
674	391
674	410
674	473
674	636
674	750
674	810
674	893
674	952
675	251
675	515
675	813
675	823
675	825
675	843
675	851
675	935
675	945
675	970
676	275
676	413
676	474
676	551
676	722
676	751
676	874
676	920
676	930
676	995
677	228
677	452
677	589
677	782
677	797
677	844
677	851
677	865
677	904
677	933
678	308
678	714
678	775
678	843
678	863
678	874
678	920
678	930
678	940
678	952
679	376
679	399
679	559
679	585
679	703
679	742
679	799
679	827
679	885
679	955
680	2
680	540
680	562
680	834
680	839
680	877
680	903
680	914
680	946
680	954
681	768
681	830
681	951
681	954
681	956
681	958
681	981
681	986
681	990
681	999
682	345
682	809
682	852
682	868
682	871
682	949
682	950
682	967
682	995
682	996
683	554
683	630
683	704
683	740
683	753
683	924
683	934
683	936
683	961
683	992
684	467
684	476
684	724
684	726
684	924
684	942
684	974
684	978
684	992
684	994
685	14
685	26
685	137
685	189
685	629
685	701
685	767
685	916
685	961
685	965
686	390
686	654
686	656
686	718
686	845
686	904
686	910
686	936
686	957
686	984
687	291
687	365
687	544
687	593
687	692
687	785
687	879
687	968
687	971
687	991
688	8
688	452
688	468
688	602
688	649
688	721
688	844
688	851
688	865
688	998
689	606
689	669
689	704
689	739
689	822
689	914
689	934
689	942
689	978
689	992
690	393
690	494
690	530
690	546
690	595
690	660
690	801
690	825
690	859
690	945
691	416
691	548
691	559
691	591
691	664
691	701
691	885
691	895
691	908
691	955
692	221
692	396
692	475
692	633
692	687
692	756
692	771
692	790
692	811
692	968
693	29
693	315
693	566
693	659
693	710
693	757
693	907
693	960
693	971
693	991
694	392
694	529
694	624
694	727
694	732
694	741
694	774
694	824
694	937
694	988
695	226
695	457
695	552
695	749
695	800
695	835
695	842
695	875
695	880
695	891
696	3
696	179
696	316
696	464
696	543
696	549
696	788
696	805
696	855
696	925
697	245
697	386
697	428
697	439
697	758
697	781
697	873
697	886
697	906
697	921
698	51
698	266
698	531
698	622
698	793
698	944
698	962
698	989
698	997
698	1000
699	392
699	433
699	619
699	707
699	727
699	741
699	830
699	932
699	937
699	988
700	44
700	608
700	645
700	777
700	796
700	895
700	918
700	939
700	983
700	997
701	336
701	564
701	672
701	685
701	691
701	798
701	832
701	941
701	980
701	982
702	537
702	573
702	816
702	834
702	839
702	892
702	901
702	914
702	938
702	946
703	634
703	664
703	668
703	679
703	734
703	836
703	894
703	955
703	990
703	999
704	181
704	606
704	683
704	689
704	778
704	837
704	878
704	974
704	988
704	994
705	743
705	847
705	858
705	867
705	869
705	909
705	975
705	976
705	979
705	993
706	499
706	712
706	754
706	849
706	900
706	948
706	951
706	958
706	981
706	999
707	324
707	448
707	647
707	699
707	832
707	856
707	884
707	956
707	965
707	987
708	14
708	541
708	556
708	767
708	806
708	854
708	901
708	913
708	916
708	941
709	53
709	640
709	666
709	670
709	741
709	759
709	932
709	937
709	975
709	988
710	33
710	469
710	513
710	622
710	693
710	794
710	841
710	915
710	973
710	1000
711	42
711	205
711	277
711	472
711	864
711	929
711	931
711	967
711	985
711	995
711	996
712	134
712	706
712	833
712	900
712	931
712	948
712	954
712	958
712	986
712	998
712	999
713	137
713	497
713	781
713	853
713	876
713	884
713	892
713	917
713	956
713	964
713	980
714	24
714	304
714	308
714	408
714	413
714	502
714	514
714	678
714	863
714	874
714	940
715	9
715	250
715	437
715	473
715	643
715	717
715	750
715	810
715	860
715	893
715	952
716	116
716	753
716	778
716	802
716	821
716	931
716	959
716	961
716	974
716	978
716	992
717	162
717	189
717	628
717	636
717	639
717	715
717	860
717	893
717	946
717	952
717	965
718	82
718	190
718	686
718	817
718	838
718	848
718	870
718	884
718	909
718	969
718	984
719	514
719	566
719	731
719	757
719	771
719	785
719	790
719	854
719	960
719	971
719	991
720	236
720	667
720	840
720	872
720	883
720	911
720	933
720	947
720	972
720	973
720	977
721	8
721	279
721	602
721	632
721	688
721	782
721	797
721	844
721	851
721	865
721	904
722	243
722	474
722	514
722	620
722	676
722	775
722	816
722	863
722	874
722	930
722	940
723	124
723	302
723	487
723	575
723	728
723	888
723	892
723	940
723	963
723	980
723	987
724	52
724	238
724	666
724	684
724	736
724	804
724	841
724	889
724	898
724	942
724	992
725	390
725	838
725	845
725	848
725	849
725	885
725	904
725	909
725	923
725	957
725	969
726	116
726	361
726	490
726	684
726	802
726	804
726	826
726	878
726	924
726	934
726	959
727	152
727	378
727	528
727	552
727	670
727	694
727	699
727	932
727	937
727	965
727	988
728	285
728	293
728	444
728	723
728	759
728	876
728	913
728	916
728	980
728	982
728	987
729	423
729	829
729	887
729	893
729	931
729	949
729	950
729	967
729	985
729	995
729	996
730	48
730	562
730	569
730	839
730	877
730	901
730	903
730	914
730	938
730	946
730	997
731	383
731	576
731	719
731	790
731	811
731	892
731	907
731	968
731	971
731	977
731	991
732	47
732	106
732	215
732	619
732	640
732	694
732	741
732	824
732	905
732	935
732	988
733	258
733	311
733	376
733	399
733	432
733	668
733	673
733	742
733	808
733	895
733	955
734	293
734	399
734	585
734	591
734	703
734	742
734	799
734	821
734	836
734	895
734	938
735	546
735	809
735	824
735	862
735	866
735	868
735	871
735	887
735	949
735	985
735	995
736	150
736	151
736	359
736	436
736	724
736	890
736	924
736	953
736	978
736	992
736	994
737	645
737	815
737	820
737	915
737	926
737	930
737	939
737	962
737	983
737	989
737	1000
738	34
738	139
738	167
738	326
738	441
738	496
738	612
738	651
738	822
738	850
738	928
739	333
739	517
739	689
739	802
739	857
739	897
739	936
739	959
739	961
739	994
739	996
740	358
740	413
740	507
740	683
740	837
740	860
740	890
740	959
740	961
740	974
740	992
741	582
741	655
741	694
741	699
741	709
741	732
741	824
741	865
741	932
741	937
741	988
742	399
742	548
742	591
742	664
742	679
742	733
742	734
742	821
742	836
742	894
742	955
742	991
743	653
743	705
743	808
743	836
743	847
743	858
743	869
743	964
743	975
743	976
743	979
743	993
744	143
744	158
744	377
744	446
744	631
744	778
744	784
744	792
744	802
744	826
744	974
744	992
745	52
745	76
745	375
745	517
745	641
745	857
745	890
745	924
745	959
745	978
745	992
745	994
746	339
746	770
746	838
746	875
746	899
746	909
746	910
746	927
746	957
746	958
746	969
746	984
747	50
747	192
747	201
747	256
747	257
747	292
747	295
747	344
747	637
747	766
747	830
747	896
748	159
748	814
748	827
748	847
748	858
748	867
748	869
748	964
748	975
748	976
748	979
748	993
749	183
749	325
749	367
749	395
749	457
749	489
749	552
749	614
749	695
749	835
749	842
749	891
750	180
750	389
750	414
750	500
750	628
750	639
750	662
750	674
750	715
750	860
750	906
750	952
751	605
751	676
751	809
751	852
751	868
751	929
751	949
751	950
751	967
751	985
751	995
751	996
752	442
752	780
752	803
752	805
752	840
752	905
752	911
752	943
752	947
752	972
752	973
752	977
753	290
753	683
753	716
753	763
753	776
753	842
753	878
753	889
753	934
753	959
753	974
753	992
754	302
754	418
754	535
754	575
754	638
754	706
754	814
754	913
754	956
754	965
754	966
754	980
755	58
755	286
755	425
755	643
755	758
755	761
755	873
755	874
755	886
755	906
755	921
755	976
756	45
756	83
756	166
756	475
756	633
756	671
756	692
756	760
756	795
756	811
756	907
756	991
757	362
757	455
757	520
757	576
757	693
757	719
757	760
757	807
757	907
757	960
757	968
757	991
758	60
758	425
758	527
758	542
758	697
758	755
758	761
758	842
758	873
758	886
758	906
758	921
759	139
759	215
759	440
759	619
759	621
759	629
759	670
759	709
759	728
759	932
759	937
759	988
760	485
760	523
760	756
760	757
760	850
760	866
760	868
760	879
760	960
760	968
760	971
760	991
761	350
761	386
761	393
761	428
761	579
761	755
761	758
761	781
761	873
761	886
761	906
761	921
762	159
762	162
762	389
762	410
762	426
762	636
762	810
762	860
762	884
762	893
762	897
762	952
763	753
763	805
763	840
763	872
763	883
763	911
763	933
763	943
763	947
763	972
763	973
763	977
764	220
764	515
764	592
764	660
764	661
764	817
764	825
764	935
764	939
764	945
764	963
764	970
765	138
765	193
765	349
765	369
765	372
765	411
765	439
765	478
765	536
765	543
765	855
765	925
766	221
766	292
766	335
766	381
766	588
766	747
766	772
766	778
766	789
766	795
766	830
766	896
767	36
767	289
767	685
767	708
767	814
767	846
767	856
767	876
767	884
767	963
767	965
767	986
767	987
768	462
768	512
768	681
768	818
768	833
768	849
768	902
768	905
768	910
768	955
768	958
768	990
768	999
769	90
769	127
769	477
769	658
769	791
769	900
769	919
769	954
769	958
769	981
769	986
769	998
769	999
770	155
770	339
770	387
770	420
770	486
770	746
770	845
770	848
770	899
770	904
770	923
770	957
770	984
771	32
771	77
771	321
771	485
771	664
771	692
771	719
771	785
771	879
771	907
771	960
771	971
771	991
772	135
772	201
772	361
772	381
772	466
772	539
772	588
772	637
772	766
772	789
772	830
772	896
772	904
773	5
773	66
773	97
773	533
773	543
773	596
773	597
773	819
773	926
773	939
773	989
773	997
773	1000
774	25
774	154
774	235
774	322
774	385
774	387
774	470
774	568
774	623
774	651
774	694
774	822
774	928
775	73
775	117
775	275
775	380
775	502
775	678
775	722
775	863
775	874
775	920
775	930
775	940
775	977
776	497
776	658
776	753
776	784
776	837
776	857
776	878
776	890
776	895
776	898
776	942
776	961
776	978
777	262
777	429
777	467
777	645
777	700
777	926
777	944
777	962
777	979
777	983
777	989
777	997
777	1000
778	356
778	436
778	631
778	704
778	716
778	744
778	766
778	788
778	942
778	961
778	974
778	978
778	994
779	254
779	461
779	555
779	787
779	789
779	813
779	817
779	825
779	843
779	859
779	935
779	945
779	970
780	372
780	752
780	793
780	872
780	883
780	911
780	933
780	943
780	947
780	972
780	973
780	977
780	989
781	147
781	320
781	527
781	542
781	579
781	643
781	697
781	713
781	761
781	873
781	886
781	906
781	921
782	227
782	279
782	299
782	602
782	632
782	649
782	658
782	677
782	721
782	797
782	844
782	851
782	865
783	642
783	653
783	801
783	827
783	847
783	858
783	869
783	942
783	964
783	975
783	976
783	979
783	993
784	306
784	352
784	541
784	744
784	776
784	804
784	878
784	898
784	934
784	936
784	942
784	956
784	992
785	185
785	211
785	365
785	659
785	687
785	719
785	771
785	811
785	875
785	876
785	879
785	907
785	968
785	971
786	247
786	324
786	353
786	617
786	811
786	846
786	853
786	856
786	876
786	884
786	897
786	956
786	965
786	980
787	220
787	498
787	555
787	592
787	595
787	600
787	779
787	817
787	825
787	843
787	935
787	945
787	970
787	990
788	41
788	188
788	314
788	316
788	349
788	369
788	388
788	422
788	478
788	696
788	778
788	855
788	925
788	983
789	192
789	242
789	292
789	319
789	361
789	539
789	588
789	637
789	766
789	772
789	779
789	795
789	830
789	896
790	103
790	485
790	563
790	641
790	659
790	692
790	719
790	731
790	850
790	879
790	881
790	960
790	968
790	991
791	7
791	184
791	607
791	769
791	861
791	902
791	905
791	951
791	958
791	960
791	981
791	986
791	998
791	999
792	36
792	446
792	631
792	744
792	804
792	837
792	857
792	889
792	942
792	953
792	965
792	974
792	992
792	998
793	698
793	780
793	803
793	840
793	872
793	883
793	911
793	933
793	943
793	947
793	972
793	973
793	977
793	992
794	66
794	531
794	533
794	710
794	820
794	831
794	837
794	918
794	939
794	944
794	975
794	983
794	989
794	1000
795	128
795	186
795	201
795	242
795	256
795	271
795	292
795	361
795	539
795	637
795	756
795	766
795	789
795	896
796	51
796	248
796	605
796	611
796	645
796	700
796	807
796	845
796	918
796	962
796	983
796	989
796	997
796	1000
797	227
797	228
797	452
797	468
797	589
797	649
797	677
797	721
797	782
797	844
797	851
797	865
797	947
797	996
798	535
798	617
798	701
798	800
798	806
798	814
798	818
798	854
798	884
798	916
798	932
798	941
798	956
798	982
799	293
799	311
799	668
799	679
799	734
799	808
799	836
799	885
799	894
799	895
799	908
799	949
799	955
799	984
800	336
800	453
800	492
800	578
800	629
800	695
800	798
800	869
800	888
800	916
800	917
800	963
800	965
800	980
800	982
801	400
801	480
801	642
801	690
801	783
801	827
801	847
801	858
801	867
801	869
801	964
801	975
801	976
801	979
801	993
802	1
802	205
802	397
802	716
802	726
802	739
802	744
802	804
802	845
802	878
802	889
802	890
802	936
802	974
802	994
803	59
803	635
803	752
803	793
803	805
803	840
803	872
803	883
803	911
803	933
803	943
803	947
803	972
803	973
803	977
804	519
804	541
804	724
804	726
804	784
804	792
804	802
804	918
804	936
804	953
804	959
804	961
804	974
804	978
804	994
805	696
805	752
805	763
805	803
805	840
805	872
805	883
805	911
805	933
805	943
805	947
805	972
805	973
805	977
805	996
806	260
806	353
806	418
806	621
806	708
806	798
806	882
806	884
806	892
806	913
806	941
806	956
806	963
806	965
806	982
807	157
807	558
807	586
807	605
807	640
807	757
807	796
807	831
807	915
807	939
807	944
807	962
807	983
807	997
807	1000
808	63
808	342
808	399
808	432
808	548
808	585
808	634
808	668
808	733
808	743
808	799
808	885
808	894
808	908
808	955
809	196
809	487
809	584
809	682
809	735
809	751
809	852
809	868
809	929
809	931
809	949
809	950
809	967
809	985
809	995
810	39
810	102
810	296
810	410
810	414
810	437
810	500
810	628
810	639
810	662
810	674
810	715
810	762
810	860
810	952
811	64
811	177
811	329
811	383
811	477
811	511
811	619
811	692
811	731
811	756
811	785
811	786
811	907
811	968
811	991
812	148
812	241
812	581
812	818
812	833
812	854
812	905
812	912
812	948
812	954
812	958
812	971
812	986
812	990
812	998
812	999
813	91
813	251
813	384
813	498
813	584
813	592
813	660
813	675
813	779
813	815
813	817
813	843
813	859
813	935
813	945
813	970
814	143
814	302
814	402
814	462
814	481
814	535
814	748
814	754
814	767
814	798
814	853
814	877
814	884
814	888
814	913
814	980
815	249
815	505
815	602
815	608
815	737
815	813
815	831
815	841
815	926
815	939
815	944
815	983
815	988
815	989
815	997
815	1000
816	48
816	78
816	145
816	363
816	481
816	495
816	562
816	573
816	702
816	722
816	834
816	901
816	903
816	914
816	938
816	946
817	108
817	132
817	298
817	393
817	530
817	661
817	718
817	764
817	779
817	787
817	813
817	825
817	843
817	859
817	945
817	970
818	113
818	431
818	768
818	798
818	812
818	866
818	900
818	907
818	919
818	948
818	951
818	954
818	981
818	986
818	998
818	999
819	66
819	258
819	284
819	305
819	418
819	608
819	650
819	773
819	831
819	918
819	926
819	939
819	944
819	962
819	997
819	1000
820	44
820	119
820	407
820	501
820	513
820	533
820	538
820	586
820	648
820	737
820	794
820	918
820	944
820	962
820	978
820	1000
821	164
821	255
821	293
821	364
821	415
821	488
821	634
821	668
821	716
821	734
821	742
821	885
821	894
821	908
821	955
821	964
822	65
822	131
822	235
822	322
822	326
822	342
822	387
822	517
822	524
822	623
822	630
822	635
822	689
822	738
822	774
822	928
823	142
823	481
823	629
823	675
823	854
823	861
823	876
823	882
823	913
823	941
823	956
823	963
823	965
823	966
823	982
823	987
824	378
824	392
824	406
824	528
824	610
824	619
824	621
824	624
824	666
824	694
824	732
824	735
824	741
824	932
824	937
824	988
825	178
825	283
825	461
825	494
825	525
825	595
825	675
825	690
825	764
825	779
825	787
825	817
825	859
825	935
825	945
825	970
826	111
826	222
826	346
826	390
826	517
826	606
826	726
826	744
826	857
826	892
826	897
826	924
826	936
826	953
826	978
826	992
826	994
827	142
827	532
827	663
827	679
827	748
827	783
827	801
827	847
827	858
827	867
827	869
827	894
827	964
827	975
827	976
827	979
827	993
828	141
828	176
828	262
828	301
828	429
828	501
828	915
828	926
828	935
828	939
828	944
828	953
828	962
828	983
828	989
828	997
828	1000
829	328
829	424
829	484
829	567
829	626
829	667
829	729
829	862
829	864
829	887
829	922
829	929
829	949
829	967
829	985
829	986
829	995
829	996
830	50
830	192
830	206
830	221
830	256
830	292
830	295
830	335
830	381
830	588
830	637
830	681
830	699
830	747
830	766
830	772
830	789
830	896
831	200
831	447
831	605
831	648
831	794
831	807
831	815
831	819
831	841
831	915
831	918
831	926
831	939
831	949
831	962
831	983
831	989
831	997
832	124
832	171
832	272
832	402
832	600
832	601
832	629
832	701
832	707
832	846
832	861
832	916
832	917
832	963
832	966
832	980
832	981
832	987
833	40
833	149
833	471
833	616
833	712
833	768
833	812
833	866
833	898
833	900
833	948
833	951
833	954
833	966
833	981
833	986
833	990
833	999
834	265
834	300
834	519
834	537
834	540
834	562
834	572
834	656
834	680
834	702
834	816
834	839
834	901
834	903
834	914
834	938
834	946
834	973
835	87
835	92
835	181
835	226
835	277
835	307
835	357
835	412
835	427
835	489
835	509
835	552
835	579
835	695
835	749
835	842
835	880
835	891
836	101
836	164
836	488
836	559
836	668
836	673
836	703
836	734
836	742
836	743
836	799
836	861
836	885
836	894
836	895
836	908
836	955
836	975
837	81
837	306
837	337
837	490
837	606
837	658
837	704
837	740
837	776
837	792
837	794
837	890
837	942
837	961
837	974
837	978
837	991
837	994
838	109
838	526
838	598
838	718
838	725
838	746
838	848
838	870
838	875
838	899
838	909
838	910
838	923
838	927
838	957
838	978
838	984
838	996
839	35
839	56
839	202
839	310
839	604
839	625
839	680
839	702
839	730
839	834
839	877
839	901
839	903
839	914
839	938
839	946
839	972
839	993
840	331
840	657
840	720
840	752
840	763
840	793
840	803
840	805
840	861
840	883
840	887
840	911
840	933
840	943
840	947
840	972
840	973
840	977
841	249
841	347
841	382
841	469
841	501
841	586
841	601
841	622
841	651
841	710
841	724
841	815
841	831
841	918
841	962
841	989
841	997
841	1000
842	87
842	92
842	168
842	183
842	226
842	264
842	277
842	325
842	357
842	395
842	614
842	695
842	749
842	753
842	758
842	835
842	880
842	891
842	957
843	132
843	251
843	298
843	393
843	409
843	660
843	661
843	675
843	678
843	779
843	787
843	813
843	817
843	859
843	894
843	935
843	945
843	961
843	970
844	8
844	80
844	108
844	245
844	391
844	524
844	589
844	595
844	602
844	632
844	649
844	677
844	688
844	721
844	782
844	797
844	851
844	865
844	971
845	46
845	276
845	296
845	506
845	547
845	597
845	598
845	686
845	725
845	770
845	796
845	802
845	848
845	875
845	899
845	910
845	957
845	969
845	984
846	398
846	411
846	556
846	578
846	581
846	638
846	655
846	767
846	786
846	832
846	881
846	913
846	916
846	941
846	956
846	966
846	980
846	982
846	987
847	471
847	493
847	663
847	705
847	743
847	748
847	783
847	801
847	827
847	858
847	867
847	869
847	908
847	944
847	964
847	975
847	976
847	979
847	993
848	289
848	370
848	506
848	526
848	718
848	725
848	770
848	838
848	845
848	875
848	899
848	904
848	909
848	922
848	923
848	927
848	957
848	969
848	984
849	462
849	471
849	706
849	725
849	768
849	866
849	900
849	905
849	915
849	919
849	942
849	948
849	954
849	958
849	981
849	986
849	990
849	998
849	999
850	45
850	219
850	321
850	354
850	365
850	477
850	508
850	523
850	593
850	616
850	670
850	671
850	738
850	760
850	790
850	907
850	960
850	971
850	991
851	80
851	108
851	227
851	279
851	309
851	316
851	391
851	468
851	589
851	590
851	649
851	675
851	677
851	688
851	721
851	782
851	797
851	844
851	865
852	129
852	259
852	422
852	546
852	682
852	751
852	809
852	862
852	868
852	871
852	887
852	922
852	925
852	931
852	950
852	967
852	985
852	995
852	996
853	5
853	17
853	340
853	433
853	556
853	564
853	587
853	638
853	713
853	786
853	814
853	856
853	890
853	913
853	916
853	917
853	956
853	963
853	987
854	207
854	247
854	370
854	504
854	575
854	600
854	708
854	719
854	798
854	812
854	823
854	861
854	876
854	882
854	888
854	917
854	956
854	966
854	987
855	41
855	193
855	232
855	316
855	349
855	372
855	375
855	388
855	439
855	466
855	536
855	549
855	583
855	594
855	696
855	765
855	788
855	925
855	946
856	15
856	217
856	282
856	411
856	443
856	449
856	554
856	600
856	651
856	672
856	707
856	767
856	786
856	853
856	884
856	888
856	899
856	916
856	987
857	233
857	238
857	451
857	541
857	618
857	652
857	739
857	745
857	776
857	792
857	826
857	878
857	916
857	924
857	942
857	953
857	959
857	961
857	974
858	171
858	491
858	593
858	642
858	646
858	705
858	743
858	748
858	783
858	801
858	827
858	847
858	867
858	869
858	960
858	964
858	975
858	976
858	979
858	993
859	172
859	254
859	393
859	515
859	530
859	592
859	595
859	660
859	661
859	690
859	779
859	813
859	817
859	825
859	843
859	935
859	945
859	970
859	972
859	980
860	250
860	360
860	414
860	426
860	437
860	473
860	500
860	604
860	628
860	636
860	662
860	715
860	717
860	740
860	750
860	762
860	810
860	893
860	919
860	952
861	31
861	85
861	100
861	217
861	411
861	444
861	487
861	497
861	564
861	791
861	823
861	832
861	836
861	840
861	854
861	917
861	965
861	980
861	982
861	987
862	261
862	352
862	381
862	484
862	613
862	644
862	735
862	829
862	852
862	864
862	871
862	907
862	922
862	929
862	949
862	950
862	967
862	977
862	995
862	996
863	73
863	216
863	243
863	260
863	308
863	355
863	373
863	474
863	550
863	551
863	620
863	678
863	714
863	722
863	775
863	874
863	920
863	940
863	969
863	992
864	125
864	138
864	259
864	352
864	357
864	553
864	584
864	626
864	711
864	829
864	862
864	868
864	881
864	922
864	929
864	949
864	950
864	967
864	995
864	996
865	40
865	80
865	227
865	279
865	309
865	391
865	468
865	589
865	602
865	632
865	649
865	677
865	688
865	721
865	741
865	782
865	797
865	844
865	851
865	984
866	59
866	113
866	273
866	400
866	574
866	735
866	760
866	818
866	833
866	849
866	900
866	905
866	912
866	919
866	930
866	951
866	954
866	990
866	998
866	999
867	312
867	421
867	438
867	456
867	459
867	491
867	646
867	673
867	705
867	748
867	801
867	827
867	847
867	858
867	869
867	964
867	975
867	976
867	979
867	993
868	463
868	484
868	599
868	613
868	682
868	735
868	751
868	760
868	809
868	852
868	864
868	912
868	922
868	929
868	931
868	950
868	967
868	992
868	995
868	996
869	545
869	560
869	663
869	705
869	743
869	748
869	783
869	800
869	801
869	827
869	847
869	858
869	867
869	936
869	964
869	975
869	976
869	979
869	989
869	993
870	276
870	296
870	335
870	398
870	420
870	448
870	449
870	574
870	627
870	654
870	656
870	718
870	838
870	875
870	909
870	923
870	927
870	952
870	957
870	984
871	19
871	87
871	209
871	424
871	584
871	665
871	682
871	735
871	852
871	862
871	872
871	887
871	922
871	929
871	949
871	950
871	980
871	985
871	995
871	996
872	447
872	590
872	594
872	657
872	720
872	763
872	780
872	793
872	803
872	805
872	871
872	883
872	911
872	933
872	938
872	943
872	947
872	972
872	973
872	977
872	982
873	58
873	147
873	204
873	320
873	350
873	386
873	425
873	542
873	579
873	643
873	697
873	755
873	758
873	761
873	781
873	886
873	906
873	921
873	945
873	967
873	999
874	24
874	167
874	210
874	243
874	373
874	394
874	413
874	474
874	514
874	620
874	676
874	678
874	714
874	722
874	755
874	775
874	863
874	920
874	930
874	940
874	964
875	109
875	370
875	417
875	435
875	486
875	503
875	526
875	656
875	695
875	746
875	785
875	838
875	845
875	848
875	870
875	910
875	927
875	957
875	969
875	984
875	994
876	282
876	556
876	617
876	672
876	713
876	728
876	767
876	785
876	786
876	823
876	854
876	882
876	884
876	890
876	896
876	917
876	941
876	963
876	966
876	980
876	987
877	35
877	56
877	144
877	287
877	330
877	348
877	445
877	495
877	537
877	572
877	573
877	604
877	680
877	730
877	814
877	839
877	901
877	903
877	914
877	938
877	946
878	86
878	517
878	578
878	704
878	726
878	753
878	776
878	784
878	802
878	857
878	889
878	890
878	897
878	898
878	934
878	936
878	955
878	974
878	977
878	978
878	994
879	182
879	185
879	321
879	332
879	362
879	407
879	523
879	561
879	576
879	641
879	671
879	687
879	760
879	771
879	785
879	790
879	901
879	960
879	961
879	968
879	991
880	87
880	92
880	183
880	264
880	277
880	290
880	325
880	357
880	395
880	412
880	427
880	457
880	489
880	509
880	552
880	614
880	695
880	835
880	842
880	891
880	974
881	77
881	133
881	153
881	211
881	230
881	455
881	508
881	566
881	581
881	593
881	633
881	641
881	659
881	790
881	846
881	864
881	907
881	960
881	968
881	971
881	991
882	247
882	418
882	428
882	575
882	578
882	660
882	806
882	823
882	854
882	876
882	888
882	892
882	913
882	916
882	917
882	956
882	963
882	965
882	966
882	970
882	982
883	30
883	374
883	430
883	460
883	615
883	720
883	763
883	780
883	793
883	803
883	805
883	840
883	872
883	911
883	918
883	932
883	933
883	943
883	947
883	972
883	973
883	977
884	85
884	143
884	556
884	588
884	672
884	707
884	713
884	718
884	762
884	767
884	786
884	798
884	806
884	814
884	856
884	876
884	917
884	941
884	963
884	965
884	980
884	987
885	63
885	150
885	234
885	415
885	432
885	446
885	488
885	585
885	591
885	664
885	668
885	679
885	691
885	725
885	799
885	808
885	821
885	836
885	895
885	908
885	948
885	955
886	11
886	71
886	86
886	107
886	198
886	204
886	286
886	341
886	350
886	386
886	428
886	527
886	643
886	697
886	755
886	758
886	761
886	781
886	873
886	906
886	921
886	941
887	240
887	244
887	405
887	479
887	546
887	665
887	729
887	735
887	829
887	840
887	852
887	871
887	922
887	929
887	931
887	949
887	950
887	967
887	985
887	995
887	996
887	999
888	17
888	85
888	353
888	444
888	453
888	454
888	571
888	625
888	723
888	800
888	814
888	854
888	856
888	882
888	900
888	916
888	917
888	941
888	963
888	965
888	975
888	982
889	397
889	426
889	451
889	550
889	587
889	618
889	631
889	724
889	753
889	792
889	802
889	878
889	898
889	936
889	940
889	942
889	951
889	953
889	959
889	961
889	974
889	985
890	175
890	263
890	451
890	587
890	649
890	736
890	740
890	745
890	776
890	802
890	837
890	853
890	876
890	878
890	898
890	924
890	934
890	953
890	961
890	978
890	992
890	997
891	168
891	183
891	226
891	252
891	264
891	277
891	307
891	325
891	357
891	395
891	412
891	489
891	509
891	552
891	614
891	695
891	749
891	835
891	842
891	880
891	949
891	966
892	100
892	203
892	285
892	374
892	458
892	504
892	516
892	647
892	702
892	713
892	723
892	731
892	806
892	826
892	882
892	913
892	941
892	963
892	965
892	966
892	980
892	982
892	987
893	9
893	39
893	69
893	159
893	239
893	344
893	389
893	410
893	426
893	437
893	473
893	500
893	628
893	636
893	662
893	674
893	715
893	717
893	729
893	762
893	860
893	952
893	976
894	218
894	255
894	376
894	419
894	432
894	488
894	559
894	585
894	591
894	634
894	673
894	703
894	742
894	799
894	808
894	821
894	827
894	836
894	843
894	895
894	908
894	951
894	955
895	150
895	164
895	199
895	218
895	234
895	419
895	548
895	559
895	634
895	664
895	673
895	691
895	700
895	733
895	734
895	776
895	799
895	836
895	885
895	894
895	908
895	955
895	980
896	50
896	88
896	128
896	135
896	206
896	221
896	256
896	271
896	295
896	335
896	344
896	361
896	381
896	572
896	588
896	637
896	747
896	766
896	772
896	789
896	795
896	830
896	876
897	151
897	205
897	223
897	305
897	323
897	343
897	377
897	446
897	467
897	631
897	739
897	762
897	786
897	826
897	878
897	918
897	924
897	934
897	936
897	942
897	978
897	992
897	994
898	205
898	306
898	313
898	328
898	346
898	359
898	397
898	451
898	553
898	587
898	658
898	724
898	776
898	784
898	833
898	878
898	889
898	890
898	924
898	934
898	938
898	942
898	953
899	105
899	339
899	434
899	449
899	483
899	501
899	503
899	534
899	654
899	746
899	770
899	838
899	845
899	848
899	856
899	904
899	909
899	910
899	923
899	927
899	957
899	969
899	984
900	89
900	136
900	270
900	273
900	471
900	706
900	712
900	769
900	818
900	833
900	849
900	866
900	888
900	902
900	905
900	919
900	943
900	948
900	951
900	958
900	979
900	981
900	986
900	998
901	2
901	348
901	351
901	409
901	445
901	495
901	537
901	540
901	569
901	572
901	573
901	625
901	702
901	708
901	730
901	816
901	834
901	839
901	877
901	879
901	903
901	914
901	938
901	946
902	7
902	27
902	83
902	88
902	94
902	213
902	240
902	294
902	450
902	652
902	768
902	791
902	900
902	905
902	912
902	919
902	948
902	956
902	958
902	981
902	988
902	990
902	998
902	999
903	2
903	35
903	82
903	144
903	315
903	333
903	348
903	363
903	445
903	537
903	572
903	573
903	623
903	625
903	680
903	730
903	816
903	834
903	839
903	877
903	901
903	914
903	938
903	946
904	4
904	170
904	190
904	339
904	404
904	435
904	442
904	483
904	627
904	656
904	677
904	686
904	721
904	725
904	770
904	772
904	848
904	899
904	909
904	910
904	923
904	927
904	957
904	984
905	93
905	270
905	294
905	557
905	596
905	732
905	752
905	768
905	791
905	812
905	849
905	866
905	900
905	902
905	912
905	919
905	948
905	954
905	958
905	981
905	986
905	987
905	990
905	998
906	11
906	71
906	107
906	147
906	174
906	198
906	282
906	286
906	320
906	350
906	527
906	542
906	579
906	643
906	697
906	750
906	755
906	758
906	761
906	781
906	873
906	886
906	921
906	986
907	83
907	354
907	362
907	380
907	469
907	472
907	482
907	511
907	518
907	561
907	616
907	633
907	693
907	731
907	756
907	757
907	771
907	785
907	811
907	818
907	850
907	862
907	881
907	968
907	971
908	96
908	101
908	150
908	218
908	255
908	293
908	311
908	364
908	376
908	500
908	634
908	664
908	668
908	673
908	691
908	799
908	808
908	821
908	836
908	847
908	885
908	894
908	895
908	925
908	955
909	390
909	398
909	442
909	448
909	486
909	503
909	547
909	611
909	627
909	656
909	705
909	718
909	725
909	746
909	838
909	848
909	870
909	899
909	904
909	910
909	923
909	927
909	957
909	981
909	984
910	190
910	246
910	268
910	339
910	390
910	404
910	483
910	503
910	506
910	560
910	598
910	686
910	746
910	768
910	838
910	845
910	875
910	899
910	904
910	909
910	923
910	927
910	943
910	957
910	978
911	125
911	403
911	450
911	460
911	570
911	590
911	657
911	720
911	752
911	763
911	780
911	793
911	803
911	805
911	840
911	872
911	883
911	933
911	943
911	946
911	947
911	972
911	973
911	977
911	1000
912	49
912	67
912	130
912	225
912	431
912	496
912	512
912	557
912	574
912	652
912	812
912	866
912	868
912	902
912	905
912	919
912	948
912	954
912	958
912	981
912	986
912	990
912	995
912	998
912	999
913	254
913	324
913	374
913	405
913	458
913	571
913	638
913	647
913	655
913	708
913	728
913	754
913	806
913	814
913	823
913	846
913	853
913	882
913	892
913	941
913	965
913	966
913	970
913	980
913	982
914	35
914	43
914	48
914	287
914	310
914	348
914	351
914	454
914	495
914	519
914	604
914	625
914	680
914	689
914	702
914	730
914	816
914	834
914	839
914	877
914	901
914	903
914	938
914	945
914	946
915	13
915	122
915	196
915	214
915	266
915	521
915	534
915	538
915	650
915	668
915	710
915	737
915	807
915	828
915	831
915	849
915	918
915	926
915	930
915	939
915	944
915	962
915	983
915	989
915	997
915	1000
916	96
916	191
916	504
916	554
916	556
916	577
916	685
916	708
916	728
916	798
916	800
916	832
916	846
916	853
916	856
916	857
916	882
916	888
916	941
916	963
916	965
916	966
916	975
916	980
916	982
916	987
917	10
917	17
917	54
917	481
917	492
917	507
917	620
917	663
917	713
917	800
917	832
917	853
917	854
917	861
917	876
917	882
917	884
917	888
917	941
917	956
917	963
917	965
917	966
917	980
917	982
917	987
918	214
918	262
918	284
918	513
918	562
918	586
918	622
918	648
918	650
918	700
918	794
918	796
918	804
918	819
918	820
918	831
918	841
918	883
918	897
918	915
918	939
918	944
918	962
918	989
918	997
918	1000
919	67
919	94
919	129
919	212
919	421
919	464
919	574
919	591
919	607
919	769
919	818
919	849
919	860
919	866
919	900
919	902
919	905
919	912
919	948
919	951
919	970
919	981
919	986
919	990
919	998
919	999
920	24
920	73
920	79
920	126
920	140
920	210
920	216
920	260
920	373
920	394
920	408
920	474
920	502
920	551
920	569
920	603
920	620
920	676
920	678
920	775
920	863
920	874
920	921
920	930
920	940
920	944
921	11
921	58
921	120
921	174
921	198
921	204
921	250
921	286
921	320
921	350
921	425
921	428
921	542
921	558
921	579
921	643
921	697
921	755
921	758
921	761
921	781
921	873
921	886
921	906
921	920
921	943
922	22
922	110
922	156
922	257
922	259
922	423
922	463
922	479
922	567
922	665
922	829
922	848
922	852
922	862
922	864
922	868
922	871
922	887
922	929
922	931
922	950
922	967
922	979
922	985
922	988
922	995
922	996
923	70
923	276
923	296
923	390
923	395
923	398
923	420
923	434
923	442
923	506
923	598
923	654
923	725
923	770
923	838
923	848
923	870
923	899
923	904
923	909
923	910
923	927
923	943
923	957
923	969
923	979
923	984
924	61
924	81
924	401
924	467
924	493
924	517
924	658
924	683
924	684
924	726
924	736
924	745
924	826
924	857
924	890
924	897
924	898
924	934
924	936
924	953
924	959
924	974
924	978
924	987
924	992
924	994
924	998
925	3
925	179
925	188
925	193
925	232
925	314
925	349
925	369
925	372
925	375
925	388
925	422
925	439
925	466
925	478
925	536
925	543
925	549
925	583
925	696
925	765
925	788
925	852
925	855
925	908
925	944
925	988
926	13
926	33
926	249
926	280
926	301
926	469
926	480
926	534
926	596
926	605
926	648
926	737
926	773
926	777
926	815
926	819
926	828
926	831
926	915
926	939
926	944
926	962
926	964
926	969
926	983
926	989
926	997
927	1
927	109
927	246
927	268
927	298
927	392
927	434
927	449
927	483
927	486
927	529
927	547
927	627
927	656
927	746
927	838
927	848
927	870
927	875
927	899
927	904
927	909
927	910
927	923
927	938
927	957
927	969
927	984
928	16
928	25
928	32
928	34
928	65
928	105
928	186
928	235
928	322
928	342
928	385
928	387
928	396
928	441
928	470
928	522
928	565
928	568
928	577
928	580
928	623
928	627
928	630
928	651
928	738
928	774
928	822
928	974
929	38
929	57
929	111
929	257
929	388
929	424
929	441
929	452
929	553
929	565
929	644
929	665
929	711
929	751
929	809
929	829
929	862
929	864
929	868
929	871
929	887
929	922
929	931
929	949
929	967
929	985
929	995
929	996
930	79
930	117
930	126
930	140
930	210
930	243
930	272
930	308
930	373
930	394
930	408
930	413
930	420
930	474
930	502
930	514
930	603
930	620
930	676
930	678
930	722
930	737
930	775
930	866
930	874
930	915
930	920
930	940
931	102
931	114
931	259
931	472
931	546
931	553
931	565
931	567
931	584
931	608
931	626
931	644
931	711
931	712
931	716
931	729
931	809
931	852
931	868
931	887
931	922
931	929
931	949
931	950
931	967
931	985
931	995
931	996
932	47
932	53
932	74
932	115
932	169
932	209
932	318
932	338
932	378
932	433
932	440
932	492
932	529
932	582
932	619
932	621
932	624
932	670
932	699
932	709
932	727
932	741
932	759
932	798
932	824
932	883
932	937
932	988
933	179
933	195
933	384
933	403
933	482
933	563
933	594
933	609
933	615
933	657
933	667
933	677
933	720
933	763
933	780
933	793
933	803
933	805
933	840
933	872
933	883
933	911
933	943
933	947
933	972
933	973
933	977
933	998
934	61
934	86
934	112
934	265
934	343
934	345
934	435
934	446
934	550
934	618
934	669
934	683
934	689
934	726
934	753
934	784
934	878
934	890
934	897
934	898
934	924
934	942
934	953
934	958
934	961
934	963
934	978
934	994
934	997
935	30
935	163
935	251
935	330
935	409
935	461
935	494
935	498
935	515
935	530
935	555
935	592
935	595
935	660
935	661
935	675
935	732
935	764
935	779
935	787
935	813
935	825
935	828
935	843
935	859
935	945
935	946
935	970
935	998
936	52
936	68
936	222
936	263
936	265
936	423
936	490
936	507
936	611
936	683
936	686
936	739
936	784
936	802
936	804
936	826
936	869
936	878
936	889
936	897
936	924
936	942
936	953
936	961
936	974
936	978
936	983
936	992
936	994
937	47
937	106
937	139
937	224
937	286
937	392
937	406
937	433
937	528
937	529
937	582
937	610
937	619
937	621
937	640
937	666
937	670
937	694
937	699
937	709
937	727
937	741
937	759
937	824
937	932
937	945
937	954
937	988
937	1000
938	43
938	144
938	287
938	300
938	310
938	351
938	363
938	445
938	495
938	519
938	540
938	562
938	569
938	573
938	604
938	625
938	702
938	730
938	734
938	816
938	834
938	839
938	872
938	877
938	898
938	901
938	903
938	914
938	927
938	946
939	184
939	280
939	301
939	382
939	429
939	444
939	469
939	521
939	558
939	573
939	597
939	608
939	631
939	700
939	737
939	764
939	773
939	794
939	807
939	815
939	819
939	828
939	831
939	915
939	918
939	926
939	962
939	983
939	989
939	997
940	24
940	73
940	79
940	117
940	216
940	243
940	260
940	272
940	275
940	355
940	373
940	394
940	408
940	413
940	502
940	514
940	551
940	560
940	620
940	678
940	714
940	722
940	723
940	775
940	863
940	874
940	889
940	920
940	930
940	962
941	4
941	15
941	140
941	143
941	191
941	199
941	340
941	497
941	535
941	627
941	638
941	647
941	701
941	708
941	798
941	806
941	823
941	846
941	876
941	884
941	886
941	888
941	892
941	913
941	916
941	917
941	956
941	966
941	980
941	982
941	987
942	123
942	328
942	337
942	401
942	412
942	507
942	587
942	606
942	611
942	684
942	689
942	724
942	776
942	778
942	783
942	784
942	792
942	837
942	849
942	857
942	889
942	897
942	898
942	934
942	936
942	959
942	961
942	978
942	992
942	994
942	996
943	20
943	21
943	160
943	299
943	447
943	563
943	570
943	590
943	594
943	609
943	667
943	752
943	763
943	780
943	793
943	803
943	805
943	840
943	872
943	883
943	900
943	910
943	911
943	921
943	923
943	933
943	947
943	972
943	973
943	977
943	989
944	157
944	173
944	200
944	214
944	249
944	284
944	429
944	534
944	597
944	601
944	608
944	634
944	645
944	698
944	777
944	794
944	807
944	815
944	819
944	820
944	828
944	847
944	915
944	918
944	920
944	925
944	926
944	962
944	983
944	989
944	997
944	1000
945	12
945	91
945	163
945	220
945	254
945	298
945	330
945	409
945	461
945	494
945	498
945	513
945	515
945	530
945	555
945	595
945	661
945	675
945	690
945	764
945	779
945	787
945	813
945	817
945	825
945	843
945	859
945	873
945	914
945	935
945	937
945	970
946	43
946	56
946	78
946	145
946	202
946	287
946	300
946	348
946	445
946	495
946	519
946	540
946	562
946	569
946	572
946	604
946	625
946	680
946	702
946	717
946	730
946	816
946	834
946	839
946	855
946	877
946	901
946	903
946	911
946	914
946	935
946	938
947	2
947	160
947	173
947	369
947	384
947	403
947	430
947	460
947	563
947	570
947	590
947	594
947	609
947	615
947	657
947	720
947	752
947	763
947	780
947	793
947	797
947	803
947	805
947	840
947	872
947	883
947	911
947	933
947	943
947	972
947	973
947	977
948	60
948	129
948	208
948	379
948	400
948	414
948	438
948	450
948	510
948	607
948	652
948	706
948	712
948	812
948	818
948	833
948	849
948	885
948	900
948	902
948	905
948	912
948	919
948	951
948	954
948	958
948	986
948	990
948	992
948	993
948	998
948	999
949	42
949	114
949	187
949	244
949	297
949	463
949	479
949	546
949	553
949	599
949	626
949	644
949	665
949	682
949	729
949	735
949	751
949	799
949	809
949	829
949	831
949	862
949	864
949	871
949	887
949	891
949	929
949	931
949	950
949	972
949	985
949	995
949	996
950	19
950	28
950	38
950	110
950	117
950	156
950	209
950	304
950	479
950	526
950	548
950	557
950	565
950	613
950	644
950	682
950	729
950	751
950	809
950	852
950	862
950	864
950	868
950	871
950	887
950	922
950	931
950	949
950	967
950	985
950	995
950	996
950	999
951	60
951	67
951	90
951	231
951	273
951	416
951	438
951	450
951	464
951	465
951	476
951	510
951	512
951	544
951	681
951	706
951	791
951	818
951	833
951	866
951	889
951	894
951	900
951	919
951	948
951	954
951	958
951	981
951	986
951	988
951	990
951	998
951	999
952	9
952	39
952	69
952	159
952	162
952	180
952	189
952	204
952	239
952	250
952	360
952	389
952	410
952	414
952	426
952	473
952	500
952	628
952	636
952	639
952	662
952	674
952	678
952	715
952	717
952	750
952	762
952	810
952	860
952	870
952	893
952	968
952	976
953	112
953	158
953	265
953	305
953	323
953	327
953	328
953	341
953	346
953	356
953	436
953	452
953	515
953	606
953	607
953	618
953	631
953	736
953	792
953	804
953	826
953	828
953	857
953	889
953	890
953	898
953	924
953	934
953	936
953	959
953	961
953	974
953	989
954	127
954	130
954	253
954	278
954	319
954	334
954	421
954	436
954	464
954	476
954	533
954	557
954	581
954	652
954	680
954	681
954	712
954	769
954	812
954	818
954	833
954	849
954	866
954	905
954	912
954	937
954	948
954	951
954	955
954	958
954	986
954	998
954	999
955	63
955	96
955	101
955	164
955	234
955	255
955	311
955	364
955	376
955	378
955	415
955	488
955	548
955	559
955	585
955	591
955	606
955	673
955	679
955	691
955	703
955	733
955	742
955	768
955	799
955	808
955	821
955	836
955	878
955	885
955	894
955	895
955	908
955	954
956	26
956	31
956	207
956	385
956	402
956	444
956	458
956	492
956	497
956	564
956	617
956	647
956	655
956	681
956	707
956	713
956	754
956	784
956	786
956	798
956	806
956	823
956	846
956	853
956	854
956	882
956	902
956	917
956	941
956	965
956	966
956	980
956	987
956	995
957	82
957	155
957	170
957	370
957	404
957	417
957	420
957	483
957	503
957	506
957	547
957	656
957	662
957	665
957	686
957	725
957	746
957	770
957	838
957	842
957	845
957	848
957	870
957	875
957	899
957	904
957	909
957	910
957	923
957	927
957	967
957	969
957	984
957	996
958	134
958	213
958	270
958	294
958	334
958	431
958	455
958	462
958	476
958	499
958	574
958	581
958	644
958	681
958	706
958	712
958	746
958	768
958	769
958	791
958	812
958	849
958	900
958	902
958	905
958	912
958	934
958	948
958	951
958	954
958	981
958	984
958	990
958	998
958	999
959	76
959	84
959	99
959	112
959	123
959	158
959	263
959	291
959	323
959	327
959	358
959	368
959	436
959	486
959	491
959	507
959	550
959	587
959	611
959	716
959	726
959	739
959	740
959	745
959	753
959	804
959	857
959	889
959	924
959	942
959	953
959	963
959	974
959	978
959	992
959	994
960	29
960	45
960	133
960	153
960	168
960	176
960	219
960	230
960	281
960	315
960	317
960	354
960	365
960	367
960	407
960	455
960	475
960	477
960	482
960	511
960	518
960	561
960	693
960	719
960	757
960	760
960	771
960	790
960	791
960	850
960	858
960	879
960	881
960	963
960	968
960	984
961	37
961	61
961	76
961	116
961	290
961	291
961	364
961	368
961	397
961	467
961	507
961	618
961	622
961	631
961	683
961	685
961	716
961	739
961	740
961	776
961	778
961	804
961	837
961	843
961	857
961	879
961	889
961	890
961	934
961	936
961	942
961	953
961	974
961	978
961	992
961	994
962	51
962	97
962	173
962	194
962	237
962	262
962	373
962	469
962	505
962	521
962	558
962	601
962	648
962	698
962	737
962	777
962	796
962	807
962	819
962	820
962	828
962	831
962	841
962	915
962	918
962	926
962	939
962	940
962	944
962	963
962	977
962	983
962	989
962	993
962	997
962	1000
963	5
963	191
963	289
963	454
963	458
963	481
963	487
963	554
963	575
963	578
963	600
963	617
963	629
963	638
963	723
963	764
963	767
963	800
963	806
963	823
963	832
963	853
963	876
963	882
963	884
963	888
963	892
963	916
963	917
963	934
963	959
963	960
963	962
963	965
963	966
963	980
963	987
964	98
964	121
964	132
964	142
964	197
964	252
964	267
964	303
964	456
964	459
964	480
964	491
964	493
964	532
964	545
964	560
964	642
964	646
964	653
964	663
964	713
964	743
964	748
964	783
964	801
964	821
964	827
964	847
964	858
964	867
964	869
964	874
964	926
964	975
964	976
964	979
964	993
965	18
965	54
965	171
965	417
965	443
965	454
965	504
965	564
965	571
965	596
965	629
965	638
965	672
965	685
965	707
965	717
965	727
965	754
965	767
965	786
965	792
965	800
965	806
965	823
965	861
965	882
965	884
965	888
965	892
965	913
965	916
965	917
965	956
965	963
965	966
965	980
965	982
965	987
966	37
966	54
966	84
966	100
966	282
966	374
966	411
966	418
966	443
966	458
966	510
966	554
966	556
966	571
966	642
966	647
966	672
966	754
966	823
966	832
966	833
966	846
966	854
966	876
966	882
966	891
966	892
966	913
966	916
966	917
966	941
966	956
966	963
966	965
966	967
966	980
966	982
966	987
967	19
967	28
967	102
967	104
967	187
967	257
967	261
967	297
967	304
967	331
967	405
967	553
967	583
967	613
967	626
967	644
967	665
967	682
967	711
967	729
967	751
967	809
967	829
967	852
967	862
967	864
967	868
967	873
967	887
967	922
967	929
967	931
967	950
967	957
967	966
967	985
967	995
967	996
967	997
968	29
968	48
968	77
968	146
968	153
968	176
968	281
968	321
968	332
968	367
968	371
968	407
968	477
968	485
968	523
968	544
968	593
968	613
968	616
968	633
968	641
968	659
968	687
968	692
968	731
968	757
968	760
968	785
968	790
968	811
968	879
968	881
968	907
968	952
968	960
968	971
968	991
968	994
968	999
969	4
969	46
969	70
969	72
969	109
969	190
969	246
969	268
969	276
969	324
969	417
969	420
969	434
969	435
969	442
969	486
969	503
969	506
969	526
969	547
969	589
969	598
969	627
969	654
969	718
969	725
969	746
969	845
969	848
969	863
969	875
969	899
969	923
969	926
969	927
969	957
969	982
969	984
969	986
970	12
970	30
970	91
970	95
970	132
970	163
970	220
970	251
970	254
970	283
970	298
970	330
970	393
970	409
970	445
970	461
970	494
970	498
970	515
970	530
970	555
970	592
970	595
970	660
970	661
970	675
970	764
970	779
970	787
970	813
970	817
970	825
970	843
970	859
970	882
970	913
970	919
970	935
970	945
970	990
971	133
971	146
971	153
971	161
971	177
971	281
971	332
971	362
971	367
971	383
971	407
971	475
971	477
971	508
971	511
971	520
971	544
971	548
971	593
971	616
971	641
971	659
971	671
971	687
971	693
971	719
971	731
971	760
971	771
971	785
971	812
971	844
971	850
971	881
971	907
971	968
971	973
971	979
971	989
971	991
972	20
972	21
972	75
972	103
972	125
972	172
972	195
972	299
972	331
972	384
972	403
972	430
972	447
972	460
972	563
972	570
972	590
972	594
972	609
972	615
972	657
972	667
972	671
972	720
972	752
972	763
972	780
972	793
972	803
972	805
972	839
972	840
972	859
972	872
972	883
972	911
972	933
972	943
972	947
972	949
972	973
972	977
973	20
973	21
973	66
973	160
973	172
973	195
973	299
973	331
973	384
973	403
973	430
973	447
973	460
973	504
973	563
973	570
973	590
973	594
973	609
973	615
973	653
973	657
973	667
973	710
973	720
973	752
973	763
973	780
973	793
973	803
973	805
973	834
973	840
973	872
973	883
973	911
973	933
973	943
973	947
973	971
973	972
973	977
974	36
974	46
974	55
974	76
974	111
974	222
974	225
974	238
974	313
974	317
974	327
974	358
974	359
974	377
974	541
974	550
974	611
974	669
974	684
974	704
974	716
974	740
974	744
974	753
974	778
974	792
974	802
974	804
974	837
974	857
974	878
974	880
974	889
974	924
974	928
974	936
974	953
974	959
974	961
974	978
974	992
974	994
975	62
975	98
975	121
975	154
975	252
975	267
975	274
975	288
975	303
975	312
975	456
975	459
975	480
975	491
975	493
975	532
975	545
975	560
975	633
975	642
975	646
975	653
975	663
975	705
975	709
975	743
975	748
975	783
975	794
975	801
975	827
975	836
975	847
975	858
975	867
975	869
975	888
975	916
975	964
975	976
975	979
975	993
976	23
976	50
976	62
976	75
976	121
976	154
976	165
976	197
976	252
976	267
976	274
976	288
976	312
976	456
976	459
976	480
976	491
976	493
976	532
976	545
976	560
976	642
976	646
976	653
976	663
976	705
976	743
976	748
976	755
976	783
976	801
976	827
976	847
976	858
976	867
976	869
976	893
976	952
976	964
976	975
976	979
976	993
977	21
977	125
977	160
977	172
977	195
977	299
977	331
977	384
977	403
977	430
977	447
977	460
977	563
977	570
977	590
977	594
977	609
977	615
977	626
977	657
977	667
977	720
977	731
977	752
977	763
977	775
977	780
977	793
977	803
977	805
977	840
977	862
977	872
977	878
977	883
977	911
977	933
977	943
977	947
977	962
977	972
977	973
978	16
978	61
978	86
978	151
978	202
978	238
978	306
978	341
978	345
978	368
978	490
978	517
978	587
978	611
978	669
978	684
978	689
978	716
978	736
978	745
978	776
978	778
978	804
978	820
978	826
978	837
978	838
978	878
978	890
978	897
978	910
978	924
978	934
978	936
978	942
978	959
978	961
978	974
978	980
978	991
978	992
978	994
979	23
979	62
979	75
979	98
979	142
979	165
979	197
979	267
979	274
979	288
979	303
979	456
979	459
979	480
979	483
979	491
979	493
979	532
979	545
979	560
979	642
979	646
979	653
979	663
979	705
979	743
979	748
979	777
979	783
979	801
979	827
979	847
979	858
979	867
979	869
979	900
979	922
979	923
979	964
979	971
979	975
979	976
979	993
980	18
980	26
980	137
980	207
980	217
980	324
980	374
980	402
980	411
980	554
980	564
980	575
980	629
980	655
980	667
980	701
980	713
980	723
980	728
980	754
980	786
980	800
980	814
980	832
980	846
980	859
980	861
980	871
980	876
980	884
980	892
980	895
980	913
980	916
980	917
980	941
980	956
980	963
980	965
980	966
980	978
980	986
980	987
981	40
981	49
981	90
981	182
981	184
981	212
981	240
981	241
981	271
981	273
981	353
981	400
981	416
981	421
981	450
981	464
981	465
981	471
981	510
981	557
981	599
981	607
981	681
981	706
981	769
981	791
981	818
981	832
981	833
981	849
981	900
981	902
981	905
981	909
981	912
981	919
981	951
981	958
981	986
981	990
981	991
981	998
981	999
982	31
982	113
982	137
982	203
982	247
982	336
982	366
982	432
982	443
982	453
982	458
982	481
982	487
982	497
982	508
982	516
982	570
982	575
982	578
982	600
982	647
982	655
982	672
982	701
982	728
982	798
982	800
982	806
982	823
982	846
982	861
982	872
982	882
982	888
982	892
982	913
982	916
982	917
982	941
982	965
982	966
982	969
982	987
983	33
983	55
983	97
983	118
983	122
983	157
983	194
983	200
983	229
983	237
983	248
983	266
983	301
983	347
983	505
983	521
983	531
983	586
983	596
983	605
983	646
983	647
983	648
983	650
983	661
983	700
983	737
983	777
983	788
983	794
983	796
983	807
983	815
983	828
983	831
983	915
983	926
983	936
983	939
983	944
983	962
983	989
983	997
984	1
984	4
984	70
984	72
984	155
984	170
984	268
984	296
984	370
984	398
984	404
984	417
984	434
984	442
984	448
984	449
984	473
984	483
984	486
984	526
984	547
984	615
984	627
984	654
984	686
984	718
984	746
984	770
984	799
984	838
984	845
984	848
984	865
984	870
984	875
984	899
984	904
984	909
984	923
984	927
984	957
984	958
984	960
984	969
985	28
985	38
985	65
985	104
985	106
985	110
985	187
985	244
985	259
985	261
985	297
985	304
985	352
985	405
985	463
985	472
985	484
985	565
985	567
985	584
985	585
985	599
985	613
985	644
985	711
985	729
985	735
985	751
985	809
985	829
985	852
985	871
985	887
985	889
985	922
985	929
985	931
985	949
985	950
985	967
985	987
985	989
985	995
985	996
986	40
986	67
986	90
986	93
986	94
986	118
986	208
986	231
986	236
986	240
986	278
986	319
986	379
986	421
986	450
986	509
986	510
986	557
986	581
986	652
986	681
986	712
986	767
986	769
986	791
986	812
986	818
986	829
986	833
986	849
986	900
986	905
986	906
986	912
986	919
986	948
986	951
986	954
986	969
986	980
986	981
986	990
986	998
986	999
987	10
987	26
987	124
987	171
987	199
987	203
987	207
987	217
987	285
987	340
987	366
987	374
987	402
987	487
987	610
987	617
987	632
987	707
987	723
987	728
987	767
987	823
987	832
987	846
987	853
987	854
987	856
987	861
987	876
987	884
987	892
987	905
987	916
987	917
987	924
987	941
987	956
987	963
987	965
987	966
987	980
987	982
987	985
987	1000
988	47
988	53
988	74
988	106
988	115
988	139
988	152
988	169
988	174
988	178
988	215
988	224
988	318
988	338
988	378
988	392
988	406
988	433
988	440
988	528
988	529
988	582
988	610
988	619
988	621
988	624
988	640
988	666
988	670
988	694
988	699
988	704
988	709
988	727
988	732
988	741
988	759
988	815
988	824
988	902
988	922
988	925
988	932
988	937
988	951
989	13
989	44
989	51
989	97
989	196
989	258
989	280
989	382
989	429
989	505
989	531
989	534
989	538
989	586
989	596
989	597
989	608
989	622
989	645
989	648
989	698
989	737
989	773
989	777
989	780
989	794
989	796
989	815
989	828
989	831
989	841
989	869
989	915
989	918
989	926
989	939
989	943
989	944
989	953
989	962
989	971
989	983
989	985
989	997
989	1000
990	88
990	89
990	94
990	130
990	134
990	148
990	182
990	231
990	236
990	241
990	253
990	270
990	334
990	379
990	465
990	476
990	499
990	505
990	512
990	567
990	574
990	576
990	581
990	652
990	681
990	703
990	768
990	787
990	812
990	833
990	849
990	866
990	902
990	905
990	912
990	919
990	948
990	951
990	958
990	970
990	981
990	986
990	993
990	998
990	999
991	29
991	64
991	83
991	166
991	211
991	230
991	315
991	329
991	332
991	354
991	371
991	477
991	485
991	516
991	518
991	520
991	523
991	544
991	561
991	564
991	593
991	616
991	633
991	641
991	671
991	687
991	693
991	719
991	731
991	742
991	756
991	757
991	760
991	771
991	790
991	811
991	837
991	850
991	879
991	881
991	968
991	971
991	978
991	981
991	1000
992	16
992	68
992	111
992	123
992	181
992	233
992	237
992	263
992	265
992	327
992	341
992	368
992	415
992	451
992	490
992	541
992	550
992	606
992	669
992	683
992	684
992	689
992	716
992	724
992	736
992	740
992	744
992	745
992	753
992	784
992	792
992	793
992	826
992	863
992	868
992	890
992	897
992	924
992	936
992	942
992	948
992	959
992	961
992	974
992	978
992	994
993	23
993	62
993	75
993	98
993	121
993	154
993	165
993	197
993	248
993	252
993	267
993	274
993	288
993	303
993	312
993	456
993	459
993	480
993	485
993	493
993	532
993	545
993	560
993	615
993	642
993	646
993	653
993	663
993	705
993	743
993	748
993	783
993	801
993	827
993	839
993	847
993	858
993	867
993	869
993	948
993	962
993	964
993	975
993	976
993	979
993	990
994	16
994	175
994	222
994	223
994	225
994	256
994	290
994	305
994	306
994	333
994	337
994	343
994	345
994	346
994	389
994	430
994	451
994	467
994	490
994	550
994	611
994	618
994	638
994	658
994	684
994	704
994	736
994	739
994	745
994	778
994	802
994	804
994	826
994	837
994	875
994	878
994	897
994	924
994	934
994	936
994	942
994	959
994	961
994	968
994	974
994	978
994	992
995	38
995	49
995	57
995	68
995	99
995	102
995	187
995	209
995	244
995	257
995	304
995	352
995	423
995	424
995	463
995	479
995	484
995	531
995	553
995	565
995	599
995	626
995	665
995	676
995	682
995	711
995	729
995	735
995	751
995	809
995	829
995	852
995	862
995	864
995	868
995	871
995	887
995	912
995	922
995	929
995	931
995	949
995	950
995	956
995	967
995	985
995	996
996	19
996	28
996	57
996	99
996	104
996	110
996	138
996	156
996	261
996	405
996	423
996	424
996	472
996	479
996	484
996	553
996	565
996	584
996	599
996	613
996	626
996	645
996	665
996	682
996	711
996	729
996	739
996	751
996	797
996	805
996	829
996	838
996	852
996	862
996	864
996	868
996	871
996	887
996	922
996	929
996	931
996	942
996	949
996	950
996	957
996	967
996	985
996	995
997	55
997	141
997	157
997	196
997	248
997	284
997	347
997	501
997	502
997	513
997	521
997	531
997	534
997	558
997	596
997	597
997	601
997	605
997	607
997	608
997	628
997	645
997	648
997	650
997	698
997	700
997	730
997	773
997	777
997	796
997	807
997	815
997	819
997	828
997	831
997	841
997	890
997	915
997	918
997	926
997	934
997	939
997	944
997	962
997	967
997	983
997	989
997	1000
998	7
998	27
998	59
998	60
998	127
998	130
998	136
998	148
998	149
998	241
998	319
998	416
998	421
998	461
998	462
998	471
998	476
998	499
998	512
998	528
998	574
998	607
998	652
998	688
998	712
998	769
998	791
998	792
998	812
998	818
998	849
998	866
998	900
998	902
998	905
998	912
998	919
998	924
998	933
998	935
998	948
998	951
998	954
998	958
998	981
998	986
998	990
998	999
999	27
999	89
999	118
999	127
999	129
999	136
999	149
999	165
999	182
999	208
999	212
999	213
999	236
999	278
999	319
999	359
999	416
999	431
999	465
999	499
999	510
999	581
999	681
999	703
999	706
999	712
999	768
999	769
999	791
999	812
999	818
999	833
999	849
999	866
999	873
999	887
999	902
999	912
999	919
999	948
999	950
999	951
999	954
999	958
999	968
999	981
999	986
999	990
999	998
1000	13
1000	119
1000	122
1000	173
1000	214
1000	223
1000	237
1000	248
1000	258
1000	262
1000	274
1000	301
1000	346
1000	382
1000	469
1000	501
1000	505
1000	521
1000	531
1000	533
1000	538
1000	586
1000	596
1000	597
1000	601
1000	605
1000	698
1000	710
1000	737
1000	773
1000	777
1000	794
1000	796
1000	807
1000	815
1000	819
1000	820
1000	828
1000	841
1000	911
1000	915
1000	918
1000	937
1000	944
1000	962
1000	987
1000	989
1000	991
1000	997
