1	333
1	943
1	957
1	962
2	89
2	631
2	677
2	918
3	831
3	968
3	974
3	976
4	944
4	972
4	985
4	998
5	887
5	919
5	957
5	962
6	303
6	625
6	939
6	978
7	550
7	671
7	823
7	987
8	844
8	986
8	992
8	994
9	747
9	873
9	925
9	940
10	756
10	963
10	982
10	990
11	22
11	520
11	770
11	981
12	941
12	949
12	997
12	1000
13	258
13	293
13	933
13	995
14	887
14	919
14	957
14	962
15	575
15	728
15	964
15	980
16	411
16	628
16	826
16	862
17	735
17	914
17	965
17	969
18	711
18	958
18	982
18	986
19	741
19	984
19	991
19	996
20	879
20	949
20	987
20	1000
21	959
21	987
21	997
21	1000
22	11
22	811
22	835
22	988
23	398
23	507
23	529
23	988
24	879
24	938
24	959
24	1000
25	299
25	541
25	823
25	836
26	504
26	657
26	865
26	967
27	140
27	505
27	818
27	989
28	581
28	712
28	797
28	939
29	766
29	827
29	899
29	979
30	136
30	613
30	899
30	979
31	193
31	531
31	758
31	998
32	329
32	894
32	926
32	989
33	159
33	648
33	835
33	988
34	233
34	575
34	806
34	980
35	945
35	956
35	972
35	985
36	426
36	487
36	730
36	805
37	956
37	972
37	985
37	998
38	731
38	904
38	971
38	977
39	354
39	505
39	652
39	996
40	852
40	969
40	986
40	999
41	420
41	625
41	633
41	961
42	722
42	841
42	843
42	937
43	449
43	939
43	961
43	978
44	907
44	915
44	930
44	965
45	880
45	968
45	981
45	993
46	289
46	646
46	824
46	916
47	669
47	835
47	944
47	988
48	467
48	768
48	952
48	966
49	483
49	523
49	961
49	978
50	468
50	481
50	916
50	947
51	797
51	848
51	883
51	939
52	499
52	695
52	939
52	978
53	279
53	690
53	773
53	980
54	785
54	792
54	934
54	986
55	678
55	969
55	994
55	1000
56	562
56	836
56	908
56	932
57	65
57	540
57	939
57	961
58	169
58	499
58	760
58	946
59	395
59	777
59	808
59	891
60	792
60	854
60	902
60	917
61	138
61	712
61	798
61	917
62	561
62	570
62	785
62	990
63	599
63	753
63	832
63	990
64	143
64	610
64	989
64	996
65	57
65	768
65	868
65	1000
66	913
66	914
66	986
66	994
67	866
67	905
67	929
67	950
68	691
68	743
68	933
68	995
69	671
69	735
69	837
69	958
70	429
70	582
70	876
70	990
71	343
71	834
71	906
71	973
72	667
72	911
72	947
72	992
73	213
73	603
73	799
73	999
74	199
74	612
74	727
74	868
75	584
75	683
75	839
75	968
76	755
76	924
76	947
76	992
77	230
77	750
77	881
77	932
78	244
78	746
78	918
78	956
79	641
79	792
79	874
79	917
80	321
80	846
80	963
80	982
81	83
81	759
81	786
81	860
82	817
82	821
82	823
82	970
83	81
83	786
83	850
83	860
84	614
84	636
84	990
84	999
85	272
85	936
85	965
85	990
86	890
86	950
86	953
86	965
87	422
87	615
87	889
87	979
88	385
88	390
88	850
88	864
89	2
89	289
89	796
89	897
90	619
90	705
90	787
90	929
91	951
91	969
91	990
91	994
92	906
92	934
92	946
92	995
93	600
93	796
93	891
93	916
94	470
94	642
94	666
94	995
95	471
95	819
95	883
95	979
96	964
96	984
96	991
96	993
97	279
97	577
97	650
97	773
98	514
98	872
98	877
98	892
99	664
99	688
99	718
99	924
100	662
100	952
100	987
100	1000
101	188
101	421
101	935
101	985
102	607
102	707
102	812
102	970
103	676
103	856
103	900
103	915
104	749
104	783
104	786
104	860
105	758
105	954
105	983
105	985
106	225
106	947
106	955
106	969
107	737
107	972
107	983
107	998
108	494
108	928
108	944
108	998
109	310
109	828
109	988
109	991
110	291
110	829
110	926
110	996
111	945
111	954
111	983
111	985
112	628
112	666
112	723
112	875
113	906
113	933
113	973
113	995
114	266
114	349
114	355
114	979
115	498
115	801
115	844
115	916
116	547
116	596
116	740
116	978
117	811
117	815
117	888
117	988
118	316
118	360
118	523
118	740
119	922
119	948
119	991
119	993
120	858
120	927
120	968
120	974
121	203
121	914
121	969
121	986
122	971
122	987
122	997
122	1000
123	630
123	852
123	897
123	918
124	742
124	775
124	948
124	986
125	386
125	438
125	796
125	918
126	204
126	494
126	714
126	988
127	262
127	975
127	982
127	992
128	859
128	868
128	949
128	959
129	846
129	913
129	990
129	994
130	840
130	878
130	914
130	947
131	254
131	827
131	899
131	979
132	435
132	556
132	816
132	980
133	647
133	954
133	985
133	998
134	507
134	673
134	948
134	991
135	736
135	842
135	876
135	979
136	30
136	311
136	809
136	979
137	406
137	489
137	618
137	896
138	61
138	854
138	902
138	917
139	316
139	595
139	740
139	961
140	27
140	948
140	977
140	993
141	613
141	842
141	889
141	979
142	721
142	728
142	951
142	980
143	64
143	769
143	882
143	935
144	945
144	954
144	985
144	998
145	156
145	791
145	951
145	980
146	749
146	969
146	992
146	998
147	153
147	626
147	753
147	832
148	260
148	865
148	950
148	987
149	272
149	571
149	703
149	877
150	195
150	716
150	901
150	971
151	849
151	921
151	934
151	938
152	371
152	828
152	942
152	984
153	147
153	843
153	863
153	931
154	599
154	881
154	908
154	937
155	493
155	923
155	957
155	962
156	145
156	556
156	791
156	980
157	945
157	983
157	985
157	998
158	956
158	972
158	983
158	998
159	33
159	797
159	961
159	978
160	506
160	942
160	964
160	981
161	394
161	734
161	905
161	953
162	770
162	836
162	881
162	931
163	513
163	898
163	980
163	998
164	759
164	788
164	862
164	926
165	648
165	815
165	928
165	944
166	840
166	913
166	982
166	986
167	309
167	551
167	554
167	630
168	909
168	914
168	958
168	999
169	58
169	450
169	950
169	973
170	684
170	707
170	973
170	995
171	919
171	923
171	957
171	962
172	597
172	919
172	943
172	957
173	738
173	942
173	974
173	977
174	639
174	648
174	908
174	931
175	427
175	719
175	889
175	979
176	641
176	874
176	902
176	917
177	877
177	900
177	936
177	965
178	665
178	852
178	918
178	935
179	846
179	986
179	990
179	992
180	594
180	789
180	847
180	953
181	219
181	346
181	983
181	998
182	693
182	745
182	772
182	906
183	616
183	830
183	872
183	996
184	658
184	893
184	927
184	964
185	566
185	651
185	783
185	786
186	713
186	933
186	946
186	970
187	199
187	952
187	966
187	987
188	101
188	748
188	885
188	996
189	221
189	607
189	851
189	864
190	704
190	904
190	971
190	987
191	593
191	652
191	944
191	988
192	387
192	406
192	893
192	927
193	31
193	708
193	983
193	998
194	887
194	919
194	957
194	962
195	150
195	516
195	952
195	966
196	604
196	759
196	860
196	894
197	388
197	414
197	925
197	940
198	333
198	900
198	950
198	967
199	74
199	187
199	768
199	856
200	815
200	845
200	928
200	988
201	586
201	948
201	974
201	977
202	273
202	933
202	970
202	995
203	121
203	957
203	990
203	999
204	126
204	925
204	944
204	988
205	321
205	324
205	934
205	947
206	684
206	754
206	762
206	973
207	477
207	964
207	977
207	984
208	588
208	752
208	868
208	997
209	854
209	902
209	917
209	971
210	830
210	876
210	935
210	989
211	912
211	919
211	923
211	943
212	773
212	884
212	977
212	991
213	73
213	501
213	632
213	999
214	863
214	908
214	931
214	972
215	240
215	708
215	774
215	980
216	445
216	854
216	874
216	918
217	457
217	608
217	893
217	984
218	827
218	889
218	899
218	979
219	181
219	576
219	820
219	916
220	351
220	482
220	575
220	951
221	189
221	609
221	952
221	1000
222	540
222	615
222	961
222	978
223	232
223	698
223	821
223	944
224	251
224	856
224	859
224	1000
225	106
225	869
225	934
225	986
226	284
226	836
226	843
226	931
227	454
227	538
227	920
227	989
228	882
228	920
228	924
228	975
229	630
229	814
229	940
229	943
230	77
230	550
230	931
230	932
231	271
231	755
231	961
231	994
232	223
232	439
232	698
232	857
233	34
233	831
233	951
233	980
234	491
234	880
234	948
234	991
235	825
235	838
235	922
235	993
236	700
236	927
236	968
236	981
237	862
237	875
237	885
237	962
237	996
238	695
238	805
238	845
238	944
238	988
239	287
239	604
239	759
239	771
239	850
240	215
240	586
240	750
240	763
240	980
241	668
241	751
241	873
241	906
241	955
242	895
242	896
242	906
242	955
242	973
243	879
243	938
243	959
243	987
243	997
244	78
244	795
244	852
244	897
244	918
245	649
245	945
245	954
245	956
245	983
246	447
246	809
246	842
246	899
246	979
247	435
247	732
247	774
247	806
247	980
248	313
248	485
248	865
248	909
248	986
249	954
249	972
249	985
249	989
249	998
250	912
250	943
250	957
250	962
250	988
251	224
251	559
251	836
251	841
251	863
252	641
252	798
252	891
252	902
252	917
253	347
253	804
253	904
253	921
253	971
254	131
254	871
254	954
254	983
254	985
255	308
255	413
255	622
255	850
255	860
256	491
256	893
256	968
256	991
256	993
257	747
257	938
257	941
257	966
257	997
258	13
258	901
258	907
258	933
258	970
259	602
259	972
259	985
259	988
259	998
260	148
260	401
260	795
260	861
260	929
261	643
261	821
261	955
261	970
261	973
262	127
262	315
262	934
262	958
262	994
263	904
263	941
263	971
263	997
263	1000
264	316
264	644
264	740
264	760
264	797
265	356
265	565
265	852
265	897
265	918
266	114
266	479
266	574
266	939
266	978
267	304
267	479
267	874
267	902
267	917
268	451
268	779
268	828
268	974
268	981
269	690
269	871
269	972
269	983
269	985
270	838
270	858
270	880
270	898
270	968
271	231
271	415
271	853
271	857
271	994
272	85
272	149
272	476
272	907
272	930
273	202
273	762
273	821
273	946
273	955
274	611
274	836
274	863
274	881
274	937
275	921
275	963
275	990
275	992
275	999
276	729
276	788
276	885
276	906
276	996
277	580
277	637
277	909
277	992
277	999
278	517
278	814
278	873
278	925
278	940
279	53
279	97
279	650
279	708
279	728
280	958
280	986
280	992
280	994
280	999
281	485
281	898
281	945
281	972
281	983
282	504
282	514
282	789
282	960
282	967
283	289
283	725
283	852
283	897
283	918
284	226
284	428
284	573
284	656
284	910
285	350
285	386
285	497
285	607
285	946
286	750
286	791
286	806
286	816
286	951
287	239
287	771
287	850
287	860
287	985
288	671
288	832
288	881
288	908
288	932
289	46
289	89
289	283
289	852
289	897
290	707
290	745
290	834
290	864
290	973
291	110
291	574
291	581
291	961
291	978
292	769
292	770
292	910
292	926
292	975
293	13
293	746
293	851
293	946
293	995
294	449
294	591
294	712
294	961
294	978
295	302
295	545
295	798
295	874
295	917
296	944
296	954
296	956
296	983
296	998
297	474
297	528
297	804
297	966
297	971
298	692
298	935
298	975
298	989
298	996
299	25
299	671
299	686
299	843
299	937
300	696
300	784
300	915
300	931
300	936
301	743
301	790
301	805
301	833
301	940
302	295
302	384
302	798
302	854
302	917
303	6
303	331
303	574
303	712
303	978
304	267
304	792
304	902
304	917
304	938
305	391
305	631
305	852
305	897
305	918
306	458
306	700
306	801
306	884
306	981
307	387
307	520
307	741
307	870
307	993
308	255
308	779
308	923
308	943
308	962
309	167
309	478
309	814
309	855
309	940
310	109
310	477
310	942
310	968
310	981
311	136
311	363
311	635
311	814
311	855
312	745
312	762
312	946
312	970
312	995
313	248
313	963
313	982
313	986
313	994
314	777
314	889
314	899
314	954
314	979
315	262
315	519
315	633
315	939
315	978
316	118
316	139
316	264
316	939
316	996
317	687
317	945
317	954
317	956
317	998
318	681
318	968
318	974
318	977
318	984
319	803
319	805
319	822
319	928
319	988
320	353
320	404
320	865
320	900
320	929
321	80
321	205
321	963
321	982
321	992
322	572
322	765
322	852
322	897
322	918
323	588
323	945
323	956
323	983
323	998
324	205
324	585
324	742
324	911
324	994
325	526
325	681
325	968
325	976
325	993
326	737
326	954
326	956
326	985
326	998
327	359
327	804
327	849
327	959
327	997
328	546
328	636
328	958
328	963
328	982
329	32
329	366
329	656
329	935
329	948
330	631
330	775
330	984
330	991
330	993
331	303
331	427
331	624
331	939
331	978
332	807
332	869
332	903
332	911
332	982
333	1
333	198
333	872
333	960
333	967
334	901
334	924
334	946
334	970
334	995
335	710
335	851
335	970
335	973
335	995
336	525
336	742
336	942
336	984
336	997
337	425
337	804
337	941
337	952
337	953
338	669
338	857
338	888
338	917
338	928
339	625
339	912
339	919
339	943
339	962
340	640
340	958
340	982
340	990
340	994
341	569
341	952
341	959
341	966
341	997
342	471
342	719
342	889
342	899
342	979
343	71
343	770
343	974
343	977
343	984
344	571
344	605
344	676
344	865
344	936
345	706
345	799
345	904
345	990
345	992
346	181
346	871
346	956
346	972
346	998
347	253
347	569
347	941
347	966
347	1000
348	798
348	802
348	854
348	874
348	902
349	114
349	634
349	842
349	889
349	979
350	285
350	851
350	894
350	895
350	970
351	220
351	557
351	633
351	848
351	978
352	510
352	908
352	932
352	937
352	1000
353	320
353	728
353	953
353	965
353	967
354	39
354	448
354	505
354	601
354	859
355	114
355	819
355	827
355	899
355	979
356	265
356	420
356	596
356	939
356	978
357	534
357	771
357	863
357	881
357	931
358	829
358	885
358	910
358	924
358	996
359	327
359	941
359	966
359	987
359	997
360	118
360	456
360	518
360	895
360	970
361	592
361	785
361	792
361	874
361	902
362	685
362	866
362	890
362	936
362	960
363	311
363	453
363	536
363	630
363	940
364	604
364	622
364	771
364	786
364	860
365	912
365	923
365	943
365	957
365	962
366	329
366	793
366	935
366	989
366	996
367	570
367	819
367	880
367	974
367	981
368	645
368	789
368	872
368	915
368	929
369	921
369	949
369	971
369	997
369	1000
370	719
370	736
370	819
370	861
370	979
371	152
371	831
371	922
371	974
371	976
372	810
372	817
372	906
372	945
372	973
373	414
373	675
373	873
373	883
373	925
374	733
374	785
374	943
374	957
374	962
375	442
375	948
375	981
375	984
375	993
376	439
376	805
376	843
376	928
376	988
377	672
377	744
377	763
377	774
377	980
378	410
378	818
378	971
378	987
378	1000
379	848
379	941
379	949
379	987
379	997
380	673
380	681
380	922
380	942
380	974
381	661
381	663
381	772
381	802
381	916
382	460
382	864
382	901
382	970
382	995
383	549
383	813
383	861
383	865
383	930
384	302
384	467
384	798
384	902
384	917
385	88
385	812
385	834
385	896
385	984
386	125
386	285
386	402
386	746
386	897
386	918
387	192
387	307
387	683
387	922
387	977
387	980
388	197
388	614
388	814
388	833
388	873
388	940
389	560
389	717
389	810
389	946
389	949
389	995
390	88
390	659
390	896
390	933
390	955
390	972
391	305
391	780
391	832
391	908
391	931
391	937
392	752
392	929
392	938
392	949
392	966
392	987
393	664
393	789
393	936
393	950
393	960
393	967
394	161
394	577
394	849
394	921
394	941
394	952
395	59
395	646
395	658
395	757
395	766
395	772
396	715
396	788
396	818
396	920
396	969
396	996
397	577
397	731
397	904
397	940
397	949
397	987
398	23
398	439
398	805
398	811
398	857
398	988
399	446
399	708
399	732
399	750
399	791
399	951
400	645
400	709
400	829
400	935
400	989
400	996
401	260
401	899
401	900
401	915
401	929
401	960
402	386
402	765
402	852
402	897
402	918
402	928
403	792
403	854
403	874
403	902
403	917
403	957
404	320
404	571
404	694
404	696
404	930
404	970
405	762
405	810
405	817
405	933
405	981
405	995
406	137
406	192
406	525
406	880
406	908
406	976
407	498
407	833
407	884
407	922
407	942
407	964
408	752
408	804
408	856
408	904
408	941
408	997
409	443
409	608
409	651
409	726
409	824
409	916
410	378
410	815
410	938
410	966
410	987
410	997
411	16
411	617
411	642
411	664
411	867
411	975
412	640
412	829
412	947
412	986
412	990
412	994
413	255
413	617
413	759
413	786
413	850
413	860
414	197
414	373
414	558
414	584
414	635
414	855
415	271
415	589
415	756
415	947
415	969
415	999
416	653
416	716
416	859
416	879
416	938
416	952
417	795
417	866
417	879
417	892
417	929
417	930
418	594
418	606
418	890
418	900
418	953
418	967
419	528
419	719
419	777
419	842
419	973
419	979
420	41
420	356
420	483
420	797
420	883
420	989
421	101
421	645
421	894
421	931
421	989
421	996
422	87
422	607
422	809
422	889
422	899
422	979
423	432
423	746
423	796
423	852
423	897
423	918
424	782
424	912
424	943
424	944
424	957
424	962
425	337
425	451
425	619
425	849
425	949
425	971
426	36
426	674
426	698
426	815
426	942
426	988
427	175
427	331
427	777
427	842
427	889
427	979
428	284
428	470
428	920
428	924
428	926
428	979
429	70
429	778
429	911
429	969
429	982
429	986
430	687
430	767
430	956
430	972
430	985
430	998
431	534
431	559
431	563
431	582
431	932
431	957
432	423
432	438
432	746
432	796
432	896
432	918
433	912
433	919
433	923
433	943
433	957
433	962
434	707
434	812
434	873
434	895
434	896
434	933
435	132
435	247
435	672
435	806
435	963
435	980
436	605
436	634
436	719
436	777
436	819
436	842
437	834
437	945
437	956
437	972
437	983
437	998
438	125
438	432
438	746
438	765
438	796
438	939
439	232
439	376
439	398
439	487
439	497
439	988
440	447
440	826
440	862
440	870
440	885
440	975
441	466
441	471
441	827
441	897
441	899
441	979
442	375
442	679
442	839
442	870
442	893
442	991
443	409
443	942
443	964
443	976
443	991
443	993
444	715
444	826
444	920
444	924
444	936
444	975
445	216
445	580
445	854
445	874
445	902
445	917
446	399
446	475
446	857
446	888
446	944
446	988
447	246
447	440
447	573
447	652
447	788
447	910
448	354
448	654
448	682
448	716
448	935
448	975
449	43
449	294
449	479
449	519
449	836
449	883
450	169
450	725
450	789
450	864
450	886
450	901
451	268
451	425
451	681
451	828
451	982
451	984
452	649
452	670
452	898
452	945
452	983
452	998
453	363
453	554
453	747
453	833
453	887
453	940
454	227
454	875
454	882
454	910
454	924
454	995
455	708
455	763
455	768
455	773
455	951
455	980
456	360
456	660
456	760
456	864
456	901
456	955
457	217
457	775
457	884
457	948
457	964
457	984
458	306
458	488
458	974
458	975
458	981
458	991
459	532
459	621
459	709
459	872
459	936
459	960
460	382
460	534
460	739
460	780
460	908
460	937
461	490
461	580
461	749
461	837
461	992
461	999
462	499
462	543
462	544
462	596
462	978
462	981
463	831
463	884
463	904
463	968
463	974
463	984
464	635
464	656
464	692
464	873
464	925
464	940
465	578
465	603
465	761
465	941
465	959
465	971
466	441
466	680
466	809
466	819
466	889
466	979
467	48
467	384
467	716
467	761
467	856
467	1000
468	50
468	603
468	878
468	909
468	990
468	999
469	617
469	759
469	771
469	783
469	786
469	850
470	94
470	428
470	524
470	610
470	924
470	926
471	95
471	342
471	441
471	528
471	979
471	986
472	636
472	949
472	959
472	987
472	997
472	1000
473	635
473	790
473	832
473	873
473	925
473	940
474	297
474	686
474	731
474	941
474	971
474	1000
475	446
475	567
475	695
475	888
475	928
475	988
476	272
476	847
476	892
476	905
476	924
476	953
476	965
477	207
477	310
477	922
477	928
477	977
477	984
477	991
478	309
478	554
478	629
478	667
478	743
478	925
478	940
479	266
479	267
479	449
479	740
479	848
479	883
479	939
480	757
480	772
480	793
480	820
480	824
480	891
480	916
481	50
481	876
481	909
481	911
481	949
481	963
481	999
482	220
482	496
482	690
482	750
482	774
482	816
482	980
483	49
483	420
483	595
483	740
483	916
483	961
483	978
484	504
484	621
484	702
484	905
484	930
484	965
484	971
485	248
485	281
485	678
485	853
485	969
485	994
485	999
486	680
486	689
486	713
486	751
486	812
486	970
486	995
487	36
487	439
487	494
487	845
487	888
487	944
487	979
488	458
488	775
488	893
488	948
488	974
488	976
488	992
489	137
489	839
489	863
489	977
489	981
489	984
489	993
490	461
490	887
490	912
490	919
490	923
490	957
490	962
491	234
491	256
491	546
491	759
491	942
491	964
491	977
492	617
492	622
492	771
492	783
492	850
492	860
492	930
493	155
493	887
493	923
493	943
493	957
493	962
493	993
494	108
494	126
494	487
494	583
494	714
494	944
494	988
495	683
495	825
495	839
495	956
495	976
495	981
495	984
496	482
496	620
496	684
496	690
496	774
496	806
496	951
497	285
497	439
497	717
497	895
497	896
497	906
497	955
498	115
498	407
498	526
498	720
498	964
498	991
498	993
499	52
499	58
499	462
499	624
499	797
499	961
499	978
500	546
500	825
500	922
500	948
500	976
500	984
500	993
501	213
501	699
501	799
501	909
501	934
501	990
501	999
502	521
502	677
502	754
502	871
502	945
502	985
502	998
503	887
503	912
503	923
503	943
503	956
503	957
503	962
504	26
504	282
504	484
504	676
504	960
504	965
504	967
505	27
505	39
505	354
505	664
505	718
505	894
505	924
506	160
506	870
506	912
506	948
506	968
506	974
506	977
507	23
507	134
507	618
507	683
507	742
507	948
507	977
508	724
508	827
508	871
508	972
508	983
508	985
508	998
509	629
509	695
509	711
509	811
509	845
509	944
509	988
510	352
510	541
510	686
510	843
510	863
510	907
510	937
511	547
511	574
511	613
511	797
511	883
511	961
511	978
512	526
512	570
512	643
512	858
512	976
512	977
512	983
513	163
513	754
513	834
513	972
513	983
513	985
513	998
514	98
514	282
514	572
514	786
514	892
514	907
514	950
515	781
515	871
515	898
515	945
515	954
515	972
515	984
516	195
516	730
516	904
516	921
516	966
516	971
516	1000
517	278
517	558
517	743
517	790
517	833
517	855
517	940
518	360
518	834
518	896
518	946
518	955
518	969
518	970
519	315
519	449
519	557
519	581
519	935
519	961
519	978
520	11
520	307
520	948
520	976
520	984
520	991
520	993
521	502
521	737
521	918
521	972
521	983
521	985
521	998
522	564
522	731
522	921
522	952
522	971
522	987
522	997
523	49
523	118
523	799
523	883
523	939
523	961
523	978
524	470
524	537
524	729
524	870
524	975
524	989
524	996
525	336
525	406
525	831
525	888
525	964
525	976
525	977
526	325
526	498
526	512
526	770
526	968
526	976
526	981
527	661
527	663
527	766
527	824
527	888
527	891
527	916
528	297
528	419
528	471
528	719
528	736
528	842
528	979
529	23
529	629
529	698
529	928
529	941
529	944
529	988
530	683
530	718
530	770
530	968
530	974
530	977
530	991
531	31
531	945
531	954
531	956
531	972
531	983
531	985
532	459
532	702
532	709
532	892
532	900
532	936
532	967
533	658
533	726
533	741
533	793
533	808
533	824
533	844
534	357
534	431
534	460
534	626
534	660
534	780
534	937
535	582
535	599
535	611
535	662
535	836
535	931
535	937
536	363
536	729
536	748
536	875
536	924
536	926
536	989
537	524
537	666
537	829
537	867
537	920
537	935
537	996
538	227
538	610
538	882
538	890
538	910
538	975
538	989
539	652
539	657
539	830
539	875
539	885
539	935
539	996
540	57
540	222
540	624
540	644
540	848
540	961
540	978
541	25
541	510
541	559
541	582
541	832
541	908
541	937
542	556
542	732
542	750
542	806
542	946
542	951
542	980
543	462
543	557
543	591
543	813
543	883
543	961
543	978
544	462
544	625
544	848
544	939
544	961
544	974
544	978
545	295
545	792
545	854
545	860
545	874
545	902
545	917
546	328
546	491
546	500
546	858
546	884
546	942
546	993
547	116
547	511
547	848
547	883
547	939
547	961
547	978
548	669
548	714
548	730
548	815
548	835
548	892
548	928
549	383
549	636
549	807
549	914
549	963
549	992
549	999
550	7
550	230
550	722
550	780
550	908
550	931
550	932
551	167
551	605
551	685
551	866
551	900
551	907
551	960
552	658
552	693
552	801
552	802
552	808
552	844
552	891
553	737
553	769
553	818
553	920
553	924
553	926
553	989
554	167
554	453
554	478
554	675
554	855
554	925
554	940
555	756
555	954
555	956
555	972
555	983
555	985
555	998
556	132
556	156
556	542
556	708
556	728
556	951
556	980
557	351
557	519
557	543
557	624
557	775
557	797
557	961
558	414
558	517
558	614
558	692
558	814
558	865
558	940
559	251
559	431
559	541
559	663
559	823
559	908
559	932
560	389
560	583
560	834
560	849
560	901
560	955
560	995
561	62
561	799
561	914
561	919
561	947
561	982
561	999
562	56
562	582
562	639
562	780
562	823
562	841
562	952
563	431
563	753
563	829
563	832
563	843
563	881
563	932
564	522
564	938
564	959
564	966
564	988
564	997
564	1000
565	265
565	709
565	746
565	765
565	852
565	897
565	918
566	185
566	622
566	767
566	771
566	783
566	850
566	860
567	475
567	695
567	714
567	805
567	857
567	888
567	910
567	988
568	569
568	655
568	868
568	914
568	921
568	966
568	971
568	1000
569	341
569	347
569	568
569	704
569	804
569	951
569	997
569	1000
570	62
570	367
570	512
570	770
570	927
570	976
570	977
570	981
571	149
571	344
571	404
571	861
571	905
571	915
571	936
571	990
572	322
572	514
572	606
572	638
572	705
572	866
572	950
572	967
573	284
573	447
573	654
573	717
573	862
573	926
573	975
573	996
574	266
574	291
574	303
574	511
574	596
574	740
574	778
574	883
575	15
575	34
575	220
575	620
575	728
575	951
575	963
575	980
576	219
576	600
576	661
576	793
576	820
576	844
576	916
576	967
577	97
577	394
577	397
577	662
577	938
577	941
577	987
577	997
578	465
578	612
578	646
578	761
578	849
578	959
578	987
578	1000
579	616
579	621
579	929
579	936
579	953
579	960
579	965
579	967
580	277
580	445
580	461
580	878
580	909
580	958
580	986
580	994
581	28
581	291
581	519
581	591
581	751
581	797
581	939
581	978
582	70
582	431
582	535
582	541
582	562
582	671
582	841
582	932
583	494
583	560
583	760
583	834
583	895
583	901
583	970
583	995
584	75
584	414
584	630
584	703
584	790
584	873
584	925
584	940
585	324
585	794
585	837
585	947
585	952
585	969
585	982
585	999
586	201
586	240
586	708
586	732
586	744
586	806
586	816
586	980
587	657
587	847
587	856
587	877
587	905
587	950
587	960
587	965
588	208
588	323
588	804
588	904
588	949
588	959
588	997
588	1000
589	415
589	764
589	887
589	912
589	923
589	943
589	957
589	962
590	650
590	721
590	728
590	773
590	816
590	951
590	980
590	995
591	294
591	543
591	581
591	644
591	712
591	920
591	961
591	978
592	361
592	641
592	798
592	854
592	874
592	902
592	917
592	922
593	191
593	611
593	674
593	730
593	835
593	928
593	944
593	988
594	180
594	418
594	705
594	738
594	847
594	861
594	892
594	953
595	139
595	483
595	727
595	797
595	848
595	883
595	961
595	978
596	116
596	356
596	462
596	574
596	689
596	848
596	939
596	961
597	172
597	887
597	919
597	923
597	943
597	957
597	962
597	994
598	847
598	890
598	907
598	915
598	945
598	950
598	965
598	967
599	63
599	154
599	535
599	841
599	908
599	932
599	937
599	976
600	93
600	576
600	775
600	801
600	802
600	820
600	844
600	891
601	354
601	652
601	654
601	818
601	926
601	975
601	989
601	998
602	259
602	898
602	954
602	972
602	982
602	983
602	985
602	998
603	73
603	465
603	468
603	794
603	837
603	947
603	969
603	992
604	196
604	239
604	364
604	747
604	771
604	783
604	850
604	860
605	344
605	436
605	551
605	787
605	795
605	890
605	930
605	950
606	418
606	572
606	702
606	709
606	861
606	866
606	905
606	966
607	102
607	189
607	285
607	422
607	895
607	970
607	973
607	995
608	217
608	409
608	651
608	757
608	793
608	801
608	808
608	916
609	221
609	868
609	879
609	937
609	941
609	949
609	997
609	1000
610	64
610	470
610	538
610	682
610	776
610	966
610	989
610	996
611	274
611	535
611	593
611	626
611	639
611	753
611	931
611	937
612	74
612	578
612	904
612	952
612	959
612	968
612	987
612	997
613	30
613	141
613	511
613	809
613	819
613	889
613	899
613	979
614	84
614	388
614	558
614	630
614	703
614	833
614	855
614	925
615	87
615	222
615	634
615	736
615	777
615	809
615	827
615	979
616	183
616	579
616	826
616	920
616	935
616	975
616	989
616	996
617	411
617	413
617	469
617	492
617	622
617	783
617	786
617	860
618	137
618	507
618	742
618	899
618	927
618	974
618	976
618	981
619	90
619	425
619	716
619	904
619	921
619	949
619	966
619	1000
620	496
620	575
620	672
620	728
620	774
620	816
620	947
620	951
620	980
621	459
621	484
621	579
621	866
621	877
621	907
621	936
621	953
621	959
622	255
622	364
622	492
622	566
622	617
622	759
622	786
622	850
622	978
623	782
623	800
623	883
623	912
623	919
623	923
623	943
623	957
623	962
624	331
624	499
624	540
624	557
624	712
624	740
624	883
624	961
624	997
625	6
625	41
625	339
625	544
625	644
625	848
625	939
625	961
625	978
626	147
626	534
626	611
626	722
626	753
626	836
626	841
626	908
626	961
627	673
627	754
627	871
627	945
627	954
627	956
627	972
627	983
627	998
628	16
628	112
628	688
628	778
628	818
628	826
628	882
628	953
628	989
629	478
629	509
629	529
629	648
629	835
629	845
629	928
629	944
629	988
630	123
630	167
630	229
630	363
630	584
630	614
630	703
630	873
630	925
631	2
631	305
631	330
631	665
631	796
631	852
631	853
631	897
631	918
632	213
632	756
632	794
632	858
632	911
632	958
632	990
632	992
632	999
633	41
633	315
633	351
633	837
633	848
633	883
633	939
633	961
633	978
634	349
634	436
634	615
634	736
634	777
634	842
634	858
634	899
634	979
635	311
635	414
635	464
635	473
635	667
635	873
635	917
635	925
635	940
636	84
636	328
636	472
636	549
636	670
636	756
636	903
636	969
636	992
637	277
637	785
637	913
637	947
637	986
637	990
637	994
637	999
637	1000
638	572
638	698
638	810
638	900
638	930
638	936
638	953
638	960
638	965
639	174
639	562
639	611
639	697
639	753
639	832
639	884
639	931
639	932
640	340
640	412
640	934
640	949
640	958
640	963
640	992
640	994
640	999
641	79
641	176
641	252
641	592
641	792
641	854
641	874
641	917
641	953
642	94
642	411
642	776
642	826
642	867
642	871
642	875
642	920
642	975
643	261
643	512
643	884
643	893
643	922
643	927
643	968
643	976
643	991
644	264
644	540
644	591
644	625
644	772
644	848
644	939
644	961
644	978
645	368
645	400
645	421
645	718
645	748
645	769
645	894
645	924
645	975
646	46
646	395
646	578
646	726
646	766
646	801
646	808
646	891
646	916
647	133
647	767
647	781
647	956
647	960
647	972
647	983
647	985
647	998
648	33
648	165
648	174
648	629
648	811
648	822
648	845
648	888
648	988
649	245
649	452
649	781
649	871
649	886
649	898
649	945
649	972
649	985
650	97
650	279
650	590
650	763
650	774
650	924
650	951
650	980
650	983
651	185
651	409
651	608
651	726
651	793
651	801
651	820
651	844
651	916
652	39
652	191
652	447
652	539
652	601
652	894
652	910
652	920
652	935
653	416
653	752
653	878
653	938
653	952
653	971
653	987
653	997
653	1000
654	448
654	573
654	601
654	664
654	697
654	826
654	867
654	975
654	996
655	568
655	704
655	879
655	916
655	921
655	938
655	949
655	966
655	987
656	284
656	329
656	464
656	748
656	818
656	867
656	910
656	920
656	935
657	26
657	539
657	587
657	813
657	915
657	930
657	936
657	950
657	960
658	184
658	395
658	533
658	552
658	661
658	663
658	772
658	802
658	891
659	390
659	710
659	713
659	817
659	839
659	896
659	906
659	955
659	995
660	456
660	534
660	691
660	751
660	812
660	896
660	906
660	970
660	973
661	381
661	527
661	576
661	658
661	772
661	808
661	844
661	916
661	977
662	100
662	535
662	577
662	752
662	791
662	959
662	971
662	997
662	1000
663	381
663	527
663	559
663	658
663	757
663	793
663	802
663	808
663	818
664	99
664	393
664	411
664	505
664	654
664	867
664	903
664	926
664	989
665	178
665	631
665	746
665	765
665	796
665	897
665	914
665	918
665	944
666	94
666	112
666	537
666	769
666	776
666	778
666	829
666	860
666	894
666	989
667	72
667	478
667	635
667	743
667	747
667	790
667	855
667	873
667	925
667	940
668	241
668	693
668	715
668	886
668	896
668	906
668	946
668	955
668	970
668	995
669	47
669	338
669	548
669	803
669	811
669	815
669	822
669	845
669	854
669	928
670	452
670	636
670	735
670	876
670	903
670	911
670	986
670	990
670	992
670	994
671	7
671	69
671	288
671	299
671	582
671	832
671	841
671	881
671	932
671	984
672	377
672	435
672	620
672	690
672	774
672	806
672	816
672	863
672	951
672	980
673	134
673	380
673	627
673	679
673	838
673	942
673	948
673	964
673	981
673	984
674	426
674	593
674	698
674	714
674	753
674	803
674	857
674	928
674	944
674	988
675	373
675	554
675	692
675	747
675	814
675	833
675	845
675	855
675	873
675	940
676	103
676	344
676	504
676	813
676	866
676	877
676	905
676	907
676	943
676	967
677	2
677	502
677	855
677	898
677	945
677	954
677	956
677	972
677	983
677	998
678	55
678	485
678	749
678	840
678	853
678	876
678	963
678	977
678	982
678	999
679	442
679	673
679	683
679	803
679	839
679	927
679	977
679	981
679	991
679	993
680	466
680	486
680	730
680	803
680	815
680	822
680	857
680	888
680	944
680	988
681	318
681	325
681	380
681	451
681	682
681	742
681	948
681	974
681	981
681	993
682	448
682	610
682	681
682	829
682	862
682	867
682	882
682	924
682	935
682	975
683	75
683	387
683	495
683	507
683	530
683	679
683	937
683	976
683	977
683	991
684	170
684	206
684	496
684	717
684	745
684	812
684	834
684	886
684	933
684	973
685	362
685	551
685	784
685	866
685	915
685	936
685	953
685	965
685	967
685	994
686	299
686	474
686	510
686	697
686	836
686	841
686	931
686	932
686	937
686	980
687	317
687	430
687	767
687	787
687	871
687	954
687	972
687	985
687	989
687	998
688	99
688	628
688	723
688	776
688	839
688	875
688	885
688	920
688	935
688	989
689	486
689	596
689	691
689	810
689	851
689	864
689	896
689	906
689	933
689	973
690	53
690	269
690	482
690	496
690	672
690	732
690	763
690	816
690	951
690	980
691	68
691	660
691	689
691	693
691	812
691	901
691	933
691	955
691	973
691	981
692	298
692	464
692	558
692	675
692	703
692	743
692	747
692	855
692	925
692	940
693	182
693	552
693	668
693	691
693	707
693	895
693	901
693	906
693	973
693	995
694	404
694	789
694	866
694	872
694	900
694	915
694	920
694	930
694	950
694	953
695	52
695	238
695	475
695	509
695	567
695	805
695	811
695	845
695	944
695	988
696	300
696	404
696	861
696	877
696	907
696	922
696	953
696	960
696	965
696	967
697	639
697	654
697	686
697	722
697	739
697	823
697	836
697	881
697	932
697	937
698	223
698	232
698	426
698	529
698	638
698	674
698	730
698	845
698	928
698	988
699	501
699	869
699	878
699	958
699	969
699	984
699	990
699	992
699	994
699	999
700	236
700	306
700	701
700	825
700	839
700	850
700	968
700	974
700	976
700	993
701	700
701	720
701	734
701	839
701	964
701	968
701	976
701	981
701	984
701	991
702	484
702	532
702	606
702	734
702	813
702	872
702	890
702	950
702	965
702	973
703	149
703	584
703	614
703	630
703	692
703	743
703	790
703	814
703	855
703	925
704	190
704	569
704	655
704	761
704	849
704	879
704	889
704	949
704	952
704	966
704	971
705	90
705	572
705	594
705	847
705	861
705	877
705	882
705	890
705	930
705	953
705	967
706	345
706	853
706	878
706	934
706	943
706	958
706	963
706	969
706	984
706	986
706	990
707	102
707	170
707	290
707	434
707	693
707	745
707	812
707	901
707	955
707	993
707	995
708	193
708	215
708	279
708	399
708	455
708	556
708	586
708	744
708	750
708	951
708	980
709	400
709	459
709	532
709	565
709	606
709	847
709	865
709	907
709	915
709	960
709	967
710	335
710	659
710	745
710	751
710	810
710	853
710	886
710	946
710	955
710	970
710	995
711	18
711	509
711	799
711	869
711	947
711	958
711	982
711	990
711	992
711	994
711	999
712	28
712	61
712	294
712	303
712	591
712	624
712	740
712	882
712	883
712	939
712	978
713	186
713	486
713	659
713	812
713	817
713	820
713	933
713	955
713	973
713	986
713	995
714	126
714	494
714	548
714	567
714	674
714	822
714	835
714	888
714	928
714	955
714	988
715	396
715	444
715	668
715	748
715	862
715	882
715	885
715	924
715	926
715	975
715	996
716	150
716	416
716	448
716	467
716	619
716	849
716	856
716	921
716	941
716	997
716	1000
717	389
717	497
717	573
717	684
717	745
717	751
717	881
717	906
717	946
717	970
717	973
718	99
718	505
718	530
718	645
718	723
718	769
718	830
718	913
718	935
718	989
718	996
719	175
719	342
719	370
719	419
719	436
719	528
719	765
719	819
719	827
719	859
719	979
720	498
720	701
720	756
720	942
720	948
720	968
720	977
720	981
720	984
720	991
720	993
721	142
721	590
721	744
721	750
721	763
721	773
721	791
721	816
721	951
721	970
721	980
722	42
722	550
722	626
722	697
722	739
722	780
722	832
722	881
722	932
722	937
722	947
723	112
723	688
723	718
723	829
723	867
723	894
723	910
723	935
723	962
723	975
723	989
724	508
724	767
724	781
724	864
724	898
724	911
724	954
724	972
724	983
724	985
724	998
725	283
725	450
725	821
725	851
725	864
725	895
725	906
725	946
725	970
725	973
725	995
726	409
726	533
726	646
726	651
726	772
726	802
726	820
726	824
726	891
726	916
726	996
727	74
727	595
727	859
727	868
727	949
727	959
727	966
727	971
727	980
727	997
727	1000
728	15
728	142
728	279
728	353
728	556
728	575
728	590
728	620
728	744
728	951
728	980
729	276
729	524
729	536
729	748
729	790
729	875
729	882
729	910
729	920
729	926
729	996
730	36
730	516
730	548
730	593
730	680
730	698
730	845
730	857
730	940
730	944
730	988
731	38
731	397
731	474
731	522
731	768
731	954
731	966
731	971
731	987
731	997
731	1000
732	247
732	399
732	542
732	586
732	690
732	773
732	791
732	806
732	854
732	951
732	980
733	374
733	779
733	800
733	887
733	895
733	912
733	919
733	923
733	943
733	957
733	962
734	161
734	701
734	702
734	784
734	787
734	790
734	877
734	905
734	915
734	930
734	936
735	17
735	69
735	670
735	794
735	837
735	909
735	913
735	934
735	954
735	963
735	992
735	999
736	135
736	370
736	528
736	615
736	634
736	809
736	819
736	827
736	889
736	899
736	970
736	979
737	107
737	326
737	521
737	553
737	754
737	767
737	898
737	945
737	956
737	966
737	985
737	998
738	173
738	594
738	825
738	839
738	870
738	942
738	964
738	974
738	976
738	977
738	981
738	993
739	460
739	697
739	722
739	823
739	843
739	863
739	881
739	908
739	931
739	932
739	937
739	968
740	116
740	118
740	139
740	264
740	479
740	483
740	574
740	624
740	712
740	797
740	883
740	958
741	19
741	307
741	533
741	880
741	893
741	922
741	964
741	968
741	976
741	984
741	991
741	993
742	124
742	324
742	336
742	507
742	618
742	681
742	809
742	858
742	964
742	981
742	984
742	991
743	68
743	301
743	478
743	517
743	667
743	692
743	703
743	814
743	833
743	855
743	873
743	925
744	377
744	586
744	708
744	721
744	728
744	750
744	773
744	774
744	812
744	951
744	969
744	980
745	182
745	290
745	312
745	684
745	707
745	710
745	717
745	886
745	906
745	927
745	955
745	973
746	78
746	293
746	386
746	423
746	432
746	438
746	565
746	665
746	765
746	796
746	897
746	918
747	9
747	257
747	453
747	604
747	667
747	675
747	692
747	814
747	833
747	855
747	873
747	940
748	188
748	536
748	645
748	656
748	715
748	729
748	818
748	924
748	935
748	974
748	975
748	989
749	104
749	146
749	461
749	678
749	903
749	911
749	914
749	950
749	982
749	990
749	992
749	999
750	77
750	240
750	286
750	399
750	482
750	542
750	708
750	721
750	744
750	791
750	951
750	980
751	241
751	486
751	581
751	660
751	710
751	717
751	762
751	810
751	896
751	901
751	946
751	958
752	208
752	392
752	408
752	653
752	662
752	911
752	921
752	959
752	987
752	997
752	999
752	1000
753	63
753	147
753	563
753	611
753	626
753	639
753	674
753	793
753	841
753	843
753	863
753	881
754	206
754	502
754	513
754	627
754	737
754	838
754	945
754	956
754	972
754	983
754	985
754	998
755	76
755	231
755	846
755	876
755	878
755	903
755	914
755	934
755	952
755	958
755	969
755	999
756	10
756	415
756	555
756	632
756	636
756	720
756	869
756	903
756	914
756	969
756	986
756	992
757	395
757	480
757	608
757	663
757	793
757	801
757	802
757	808
757	820
757	844
757	891
757	974
758	31
758	105
758	767
758	871
758	878
758	898
758	945
758	954
758	956
758	983
758	985
758	998
759	81
759	164
759	196
759	239
759	413
759	469
759	491
759	622
759	771
759	783
759	850
759	860
760	58
760	264
760	456
760	583
760	864
760	886
760	896
760	901
760	946
760	971
760	973
760	995
761	465
761	467
761	578
761	704
761	849
761	859
761	893
761	952
761	959
761	966
761	971
761	987
762	206
762	273
762	312
762	405
762	751
762	886
762	895
762	933
762	946
762	968
762	973
762	995
763	240
763	377
763	455
763	650
763	690
763	721
763	773
763	791
763	806
763	969
763	980
763	994
764	589
764	779
764	800
764	824
764	887
764	912
764	919
764	923
764	943
764	957
764	960
764	962
765	322
765	402
765	438
765	565
765	665
765	719
765	746
765	796
765	852
765	877
765	897
765	918
766	29
766	395
766	527
766	646
766	801
766	802
766	808
766	815
766	820
766	824
766	844
766	891
767	430
767	566
767	647
767	687
767	724
767	737
767	758
767	954
767	956
767	976
767	983
767	985
767	998
768	48
768	65
768	199
768	455
768	731
768	856
768	902
768	904
768	938
768	949
768	966
768	987
768	1000
769	143
769	292
769	553
769	645
769	666
769	718
769	788
769	818
769	826
769	830
769	894
769	910
769	941
770	11
770	162
770	292
770	343
770	526
770	530
770	570
770	831
770	839
770	968
770	974
770	977
770	991
771	239
771	287
771	357
771	364
771	469
771	492
771	566
771	604
771	759
771	783
771	786
771	850
771	860
772	182
772	381
772	395
772	480
772	644
772	658
772	661
772	726
772	801
772	808
772	824
772	891
772	916
773	53
773	97
773	212
773	455
773	590
773	721
773	732
773	744
773	763
773	806
773	816
773	951
773	980
774	215
774	247
774	377
774	482
774	496
774	620
774	650
774	672
774	744
774	791
774	816
774	866
774	980
775	124
775	330
775	457
775	488
775	557
775	600
775	922
775	927
775	964
775	976
775	977
775	981
775	991
776	610
776	642
776	666
776	688
776	777
776	778
776	814
776	910
776	920
776	924
776	975
776	989
776	996
777	59
777	314
777	419
777	427
777	436
777	615
777	634
777	776
777	809
777	842
777	889
777	899
777	979
778	429
778	574
778	628
778	666
778	776
778	788
778	862
778	885
778	920
778	935
778	975
778	989
778	996
779	268
779	308
779	733
779	764
779	782
779	800
779	887
779	905
779	919
779	923
779	943
779	957
779	962
780	391
780	460
780	534
780	550
780	562
780	722
780	843
780	886
780	908
780	931
780	932
780	937
780	992
781	515
781	647
781	649
781	724
781	898
781	945
781	954
781	956
781	972
781	983
781	985
781	997
781	998
782	424
782	623
782	779
782	800
782	887
782	893
782	912
782	919
782	923
782	943
782	950
782	957
782	962
783	104
783	185
783	469
783	492
783	566
783	604
783	617
783	759
783	771
783	786
783	850
783	860
783	935
784	300
784	685
784	734
784	787
784	892
784	907
784	921
784	930
784	936
784	950
784	951
784	953
784	960
785	54
785	62
785	361
785	374
785	637
785	799
785	840
785	913
785	914
785	934
785	969
785	992
785	994
786	81
786	83
786	104
786	185
786	364
786	413
786	469
786	514
786	617
786	622
786	771
786	783
786	850
787	90
787	605
787	687
787	734
787	784
787	795
787	813
787	827
787	861
787	950
787	953
787	965
787	967
788	164
788	276
788	396
788	447
788	769
788	778
788	829
788	876
788	880
788	910
788	920
788	989
788	996
789	180
789	282
789	368
789	393
789	450
789	694
789	813
789	865
789	936
789	953
789	960
789	965
789	967
790	301
790	473
790	517
790	584
790	667
790	703
790	729
790	734
790	833
790	855
790	873
790	925
790	940
791	145
791	156
791	286
791	399
791	662
791	721
791	732
791	750
791	763
791	774
791	951
791	971
791	980
792	54
792	60
792	79
792	304
792	361
792	403
792	545
792	641
792	798
792	854
792	874
792	902
792	917
793	366
793	480
793	533
793	576
793	608
793	651
793	663
793	753
793	757
793	820
793	824
793	891
793	916
794	585
794	603
794	632
794	735
794	836
794	875
794	913
794	947
794	982
794	986
794	990
794	994
794	999
795	244
795	260
795	417
795	605
795	787
795	861
795	865
795	890
795	892
795	915
795	930
795	950
795	965
796	89
796	93
796	125
796	423
796	432
796	438
796	631
796	665
796	746
796	765
796	852
796	897
796	918
797	28
797	51
797	159
797	264
797	420
797	499
797	511
797	557
797	581
797	595
797	740
797	868
797	939
797	987
798	61
798	252
798	295
798	302
798	348
798	384
798	592
798	792
798	832
798	844
798	854
798	874
798	902
798	917
799	73
799	345
799	501
799	523
799	561
799	711
799	785
799	807
799	840
799	958
799	982
799	986
799	992
799	994
800	623
800	733
800	764
800	779
800	782
800	807
800	887
800	912
800	919
800	923
800	943
800	957
800	962
800	963
801	115
801	306
801	552
801	600
801	608
801	646
801	651
801	757
801	766
801	772
801	808
801	824
801	844
801	925
802	348
802	381
802	552
802	600
802	658
802	663
802	726
802	757
802	766
802	820
802	824
802	891
802	916
802	977
803	319
803	669
803	674
803	679
803	680
803	805
803	811
803	815
803	822
803	835
803	846
803	888
803	944
803	988
804	253
804	297
804	327
804	337
804	408
804	569
804	588
804	938
804	949
804	952
804	960
804	966
804	987
804	997
805	36
805	238
805	301
805	319
805	376
805	398
805	567
805	695
805	803
805	835
805	857
805	862
805	928
805	944
806	34
806	247
806	286
806	435
806	496
806	542
806	586
806	672
806	732
806	763
806	773
806	847
806	951
806	973
806	980
807	332
807	549
807	799
807	800
807	903
807	913
807	934
807	947
807	958
807	963
807	982
807	986
807	991
807	992
807	999
808	59
808	533
808	552
808	608
808	646
808	661
808	663
808	757
808	766
808	772
808	801
808	844
808	891
808	932
808	998
809	136
809	246
809	422
809	466
809	613
809	615
809	736
809	742
809	777
809	819
809	827
809	842
809	899
809	912
809	979
810	372
810	389
810	405
810	638
810	689
810	710
810	751
810	834
810	842
810	864
810	895
810	933
810	946
810	955
810	973
811	22
811	117
811	398
811	509
811	648
811	669
811	695
811	803
811	822
811	845
811	857
811	888
811	944
811	988
811	998
812	102
812	385
812	434
812	486
812	660
812	684
812	691
812	707
812	713
812	744
812	817
812	879
812	970
812	973
812	995
813	383
813	543
813	657
813	676
813	702
813	787
813	789
813	865
813	872
813	892
813	905
813	929
813	936
813	965
813	988
814	229
814	278
814	309
814	311
814	388
814	558
814	675
814	703
814	743
814	747
814	776
814	833
814	855
814	925
814	940
815	117
815	165
815	200
815	410
815	426
815	548
815	669
815	680
815	766
815	803
815	822
815	845
815	857
815	888
815	928
816	132
816	286
816	482
816	586
816	590
816	620
816	672
816	690
816	721
816	773
816	774
816	951
816	968
816	980
816	991
817	82
817	372
817	405
817	659
817	713
817	812
817	821
817	851
817	886
817	946
817	962
817	970
817	973
817	992
817	995
818	27
818	378
818	396
818	553
818	601
818	628
818	656
818	663
818	748
818	769
818	882
818	935
818	975
818	989
818	996
819	95
819	355
819	367
819	370
819	436
819	466
819	613
819	719
819	736
819	809
819	827
819	838
819	889
819	899
819	979
820	219
820	480
820	576
820	600
820	651
820	713
820	726
820	757
820	766
820	793
820	802
820	844
820	891
820	916
820	994
821	82
821	223
821	261
821	273
821	725
821	817
821	886
821	895
821	896
821	946
821	955
821	963
821	970
821	973
821	995
822	319
822	648
822	669
822	680
822	714
822	803
822	811
822	815
822	835
822	857
822	867
822	888
822	928
822	944
822	988
823	7
823	25
823	82
823	559
823	562
823	697
823	739
823	832
823	836
823	841
823	843
823	851
823	863
823	881
823	931
824	46
824	409
824	480
824	527
824	533
824	726
824	764
824	766
824	772
824	793
824	801
824	802
824	844
824	891
824	916
825	235
825	495
825	500
825	700
825	738
825	830
825	858
825	871
825	922
825	942
825	964
825	977
825	981
825	991
825	993
826	16
826	440
826	444
826	616
826	628
826	642
826	654
826	769
826	829
826	867
826	901
826	926
826	960
826	975
826	996
827	29
827	131
827	218
827	355
827	441
827	508
827	615
827	719
827	736
827	787
827	809
827	819
827	842
827	889
827	899
827	979
828	109
828	152
828	268
828	451
828	831
828	838
828	858
828	927
828	928
828	964
828	974
828	976
828	984
828	991
828	993
828	996
829	110
829	358
829	400
829	412
829	537
829	563
829	666
829	682
829	723
829	788
829	826
829	882
829	885
829	894
829	924
829	975
830	183
830	210
830	539
830	718
830	769
830	825
830	867
830	882
830	893
830	894
830	920
830	924
830	926
830	975
830	989
830	996
831	3
831	233
831	371
831	463
831	525
831	770
831	828
831	838
831	839
831	870
831	880
831	884
831	922
831	948
831	974
831	993
832	63
832	147
832	288
832	391
832	473
832	541
832	563
832	639
832	671
832	722
832	798
832	823
832	841
832	863
832	931
832	937
833	301
833	388
833	407
833	453
833	517
833	614
833	675
833	743
833	747
833	790
833	814
833	847
833	855
833	873
833	925
833	940
834	71
834	290
834	385
834	437
834	513
834	518
834	560
834	583
834	684
834	810
834	895
834	901
834	946
834	955
834	970
834	995
835	22
835	33
835	47
835	548
835	593
835	629
835	714
835	803
835	805
835	822
835	888
835	928
835	930
835	944
835	947
835	988
836	25
836	56
836	162
836	226
836	251
836	274
836	449
836	535
836	626
836	686
836	697
836	794
836	823
836	931
836	932
836	937
837	69
837	461
837	585
837	603
837	633
837	735
837	840
837	876
837	909
837	913
837	963
837	982
837	986
837	990
837	992
837	994
838	235
838	270
838	673
838	754
838	819
838	828
838	831
838	880
838	922
838	927
838	948
838	964
838	976
838	981
838	984
838	993
839	75
839	442
839	489
839	495
839	659
839	679
839	688
839	700
839	701
839	738
839	770
839	831
839	870
839	942
839	974
839	993
840	130
840	166
840	678
840	785
840	799
840	837
840	853
840	869
840	903
840	914
840	934
840	947
840	958
840	979
840	986
840	990
841	42
841	251
841	562
841	582
841	599
841	626
841	671
841	686
841	753
841	823
841	832
841	843
841	869
841	931
841	932
841	937
841	975
842	135
842	141
842	246
842	349
842	419
842	427
842	436
842	528
842	634
842	777
842	809
842	810
842	827
842	889
842	899
842	912
842	979
843	42
843	153
843	226
843	299
843	376
843	510
843	563
843	739
843	753
843	780
843	823
843	841
843	863
843	905
843	908
843	932
843	937
844	8
844	115
844	533
844	552
844	576
844	600
844	651
844	661
844	757
844	766
844	798
844	801
844	808
844	820
844	824
844	891
844	916
845	200
845	238
845	487
845	509
845	629
845	648
845	669
845	675
845	695
845	698
845	730
845	811
845	815
845	888
845	944
845	950
845	988
846	80
846	129
846	179
846	755
846	803
846	869
846	878
846	903
846	909
846	914
846	934
846	958
846	968
846	982
846	990
846	994
846	999
847	180
847	476
847	587
847	594
847	598
847	705
847	709
847	806
847	833
847	861
847	865
847	877
847	890
847	905
847	953
847	960
847	965
848	51
848	351
848	379
848	479
848	540
848	544
848	547
848	595
848	596
848	625
848	633
848	644
848	883
848	937
848	939
848	961
848	978
849	151
849	327
849	394
849	425
849	560
849	578
849	704
849	716
849	761
849	904
849	938
849	941
849	952
849	959
849	966
849	992
849	1000
850	83
850	88
850	239
850	255
850	287
850	413
850	469
850	492
850	566
850	604
850	622
850	700
850	759
850	771
850	783
850	786
850	860
851	189
851	293
851	335
851	350
851	689
851	725
851	817
851	823
851	886
851	895
851	901
851	914
851	933
851	946
851	955
851	970
851	973
851	995
852	40
852	123
852	178
852	244
852	265
852	283
852	289
852	305
852	322
852	402
852	423
852	565
852	631
852	765
852	796
852	897
852	918
852	978
853	271
853	485
853	631
853	678
853	706
853	710
853	840
853	869
853	876
853	878
853	947
853	958
853	963
853	969
853	982
853	986
853	990
853	992
854	60
854	138
854	209
854	216
854	302
854	348
854	403
854	445
854	545
854	592
854	641
854	669
854	732
854	792
854	798
854	874
854	902
854	917
855	309
855	311
855	414
855	517
855	554
855	614
855	667
855	675
855	677
855	692
855	703
855	743
855	747
855	790
855	814
855	833
855	925
855	958
856	103
856	199
856	224
856	408
856	467
856	587
856	716
856	768
856	859
856	904
856	921
856	938
856	952
856	959
856	966
856	971
856	987
856	1000
857	232
857	271
857	338
857	398
857	446
857	567
857	674
857	680
857	730
857	805
857	811
857	815
857	822
857	888
857	928
857	944
857	988
857	989
858	120
858	270
858	512
858	546
858	632
858	634
858	742
858	825
858	828
858	880
858	927
858	942
858	948
858	964
858	968
858	977
858	984
858	991
859	128
859	224
859	354
859	416
859	719
859	727
859	761
859	856
859	938
859	941
859	949
859	952
859	959
859	971
859	987
859	995
859	997
859	1000
860	81
860	83
860	104
860	196
860	255
860	287
860	364
860	413
860	492
860	545
860	566
860	604
860	617
860	666
860	759
860	771
860	783
860	850
861	260
861	370
861	383
861	571
861	594
861	606
861	696
861	705
861	787
861	795
861	847
861	892
861	896
861	907
861	929
861	930
861	965
861	967
862	16
862	164
862	237
862	440
862	573
862	682
862	715
862	778
862	805
862	869
862	875
862	882
862	894
862	920
862	924
862	975
862	989
862	996
863	153
863	214
863	251
863	274
863	357
863	489
863	510
863	672
863	739
863	753
863	823
863	832
863	843
863	881
863	908
863	915
863	931
863	937
864	88
864	189
864	290
864	382
864	450
864	456
864	689
864	724
864	725
864	760
864	810
864	886
864	901
864	906
864	946
864	970
864	973
864	989
864	995
865	26
865	148
865	248
865	320
865	344
865	383
865	558
865	709
865	789
865	795
865	813
865	847
865	872
865	900
865	915
865	950
865	964
865	965
865	967
866	67
866	362
866	417
866	551
866	572
866	606
866	621
866	676
866	685
866	694
866	774
866	872
866	877
866	890
866	902
866	905
866	919
866	960
866	967
867	411
867	537
867	642
867	654
867	656
867	664
867	682
867	723
867	822
867	826
867	830
867	875
867	894
867	910
867	926
867	927
867	975
867	989
867	996
868	65
868	74
868	128
868	208
868	568
868	609
868	727
868	797
868	904
868	921
868	938
868	941
868	945
868	949
868	959
868	966
868	970
868	971
868	997
869	225
869	332
869	699
869	711
869	756
869	840
869	841
869	846
869	853
869	862
869	876
869	900
869	909
869	958
869	969
869	982
869	986
869	990
869	994
870	307
870	440
870	442
870	506
870	524
870	738
870	831
870	839
870	880
870	884
870	893
870	927
870	942
870	948
870	974
870	981
870	991
870	992
870	993
871	254
871	269
871	346
871	502
871	508
871	515
871	627
871	642
871	649
871	687
871	758
871	825
871	898
871	939
871	945
871	954
871	972
871	983
871	985
872	98
872	183
872	333
872	368
872	459
872	694
872	702
872	813
872	865
872	866
872	890
872	892
872	907
872	915
872	930
872	950
872	960
872	965
872	999
873	9
873	241
873	278
873	373
873	388
873	434
873	464
873	473
873	584
873	630
873	635
873	667
873	675
873	743
873	747
873	790
873	833
873	925
873	940
874	79
874	176
874	216
874	267
874	295
874	348
874	361
874	403
874	445
874	545
874	592
874	641
874	792
874	798
874	854
874	902
874	917
874	982
874	987
875	112
875	237
875	454
875	536
875	539
875	642
875	688
875	729
875	794
875	862
875	867
875	882
875	885
875	910
875	920
875	926
875	975
875	980
875	996
876	70
876	135
876	210
876	481
876	670
876	678
876	755
876	788
876	837
876	853
876	869
876	878
876	911
876	934
876	947
876	963
876	982
876	990
876	999
877	98
877	149
877	177
877	587
877	621
877	676
877	696
877	705
877	734
877	765
877	847
877	866
877	900
877	907
877	929
877	950
877	953
877	960
877	965
877	991
878	130
878	468
878	580
878	653
878	699
878	706
878	755
878	758
878	846
878	853
878	876
878	903
878	911
878	947
878	963
878	982
878	986
878	992
878	994
878	999
879	20
879	24
879	243
879	416
879	417
879	609
879	655
879	704
879	812
879	921
879	938
879	941
879	949
879	952
879	959
879	966
879	979
879	987
879	997
879	1000
880	45
880	234
880	270
880	367
880	406
880	741
880	788
880	831
880	838
880	858
880	870
880	893
880	926
880	927
880	942
880	964
880	974
880	977
880	984
880	991
881	77
881	154
881	162
881	274
881	288
881	357
881	563
881	671
881	697
881	717
881	722
881	739
881	753
881	823
881	863
881	908
881	925
881	931
881	932
881	937
882	143
882	228
882	454
882	538
882	628
882	682
882	705
882	712
882	715
882	729
882	818
882	829
882	830
882	862
882	875
882	885
882	924
882	935
882	989
882	996
883	51
883	95
883	373
883	420
883	449
883	479
883	511
883	523
883	543
883	547
883	574
883	595
883	623
883	624
883	633
883	712
883	740
883	848
883	939
883	961
883	978
884	212
884	306
884	407
884	457
884	463
884	546
884	639
884	643
884	831
884	870
884	893
884	898
884	922
884	927
884	964
884	968
884	976
884	977
884	981
884	991
884	1000
885	188
885	237
885	276
885	358
885	440
885	539
885	688
885	715
885	778
885	829
885	875
885	882
885	890
885	894
885	910
885	926
885	975
885	989
885	991
885	993
885	996
886	450
886	649
886	668
886	684
886	710
886	745
886	760
886	762
886	780
886	817
886	821
886	851
886	864
886	896
886	901
886	915
886	933
886	946
886	955
886	970
886	995
887	5
887	14
887	194
887	453
887	490
887	493
887	503
887	589
887	597
887	733
887	764
887	779
887	782
887	800
887	912
887	919
887	923
887	943
887	957
887	962
887	983
888	117
888	338
888	446
888	475
888	487
888	525
888	527
888	567
888	648
888	680
888	714
888	803
888	811
888	815
888	822
888	835
888	845
888	857
888	928
888	988
888	992
889	87
889	141
889	175
889	218
889	314
889	342
889	349
889	422
889	427
889	466
889	613
889	704
889	736
889	777
889	819
889	827
889	842
889	899
889	956
889	979
889	990
890	86
890	362
890	418
890	538
890	598
890	605
890	702
890	705
890	795
890	847
890	866
890	872
890	885
890	915
890	929
890	930
890	943
890	953
890	960
890	965
890	967
891	59
891	93
891	252
891	480
891	527
891	552
891	600
891	646
891	658
891	726
891	757
891	766
891	772
891	793
891	802
891	808
891	820
891	824
891	844
891	916
891	964
892	98
892	417
892	476
892	514
892	532
892	548
892	594
892	784
892	795
892	813
892	861
892	872
892	900
892	907
892	929
892	950
892	953
892	954
892	960
892	967
892	987
893	184
893	192
893	217
893	256
893	442
893	488
893	643
893	741
893	761
893	782
893	830
893	870
893	880
893	884
893	942
893	948
893	968
893	977
893	981
893	984
893	991
893	993
894	32
894	196
894	350
894	421
894	505
894	645
894	652
894	666
894	723
894	769
894	829
894	830
894	862
894	867
894	885
894	910
894	920
894	926
894	975
894	989
894	996
894	1000
895	242
895	350
895	360
895	434
895	497
895	583
895	607
895	693
895	725
895	733
895	762
895	810
895	821
895	834
895	851
895	896
895	903
895	923
895	933
895	955
895	973
895	995
896	137
896	242
896	385
896	390
896	432
896	434
896	497
896	518
896	659
896	660
896	668
896	689
896	751
896	760
896	821
896	861
896	886
896	895
896	955
896	970
896	973
896	995
897	89
897	123
897	244
897	265
897	283
897	289
897	305
897	322
897	386
897	402
897	423
897	441
897	565
897	631
897	665
897	746
897	765
897	796
897	852
897	918
897	976
897	978
898	163
898	270
898	281
898	452
898	515
898	602
898	649
898	677
898	724
898	737
898	758
898	781
898	871
898	884
898	945
898	948
898	954
898	956
898	972
898	983
898	985
898	998
899	29
899	30
899	131
899	218
899	246
899	314
899	342
899	355
899	401
899	422
899	441
899	613
899	618
899	634
899	736
899	777
899	809
899	819
899	827
899	842
899	889
899	979
900	103
900	177
900	198
900	320
900	401
900	418
900	532
900	551
900	638
900	694
900	865
900	869
900	877
900	892
900	905
900	907
900	929
900	930
900	936
900	950
900	953
900	974
901	150
901	258
901	334
901	382
901	450
901	456
901	560
901	583
901	691
901	693
901	707
901	751
901	760
901	826
901	834
901	851
901	864
901	886
901	933
901	952
901	955
901	995
902	60
902	138
902	176
902	209
902	252
902	267
902	304
902	348
902	361
902	384
902	403
902	445
902	545
902	592
902	768
902	792
902	798
902	854
902	866
902	874
902	917
902	921
903	332
903	636
903	664
903	670
903	749
903	755
903	756
903	807
903	840
903	846
903	878
903	895
903	909
903	934
903	947
903	958
903	963
903	982
903	986
903	990
903	992
903	999
904	38
904	190
904	253
904	263
904	345
904	397
904	408
904	463
904	516
904	588
904	612
904	619
904	768
904	849
904	856
904	868
904	909
904	921
904	941
904	949
904	971
904	987
904	1000
905	67
905	161
905	476
905	484
905	571
905	587
905	606
905	676
905	734
905	779
905	813
905	843
905	847
905	866
905	900
905	907
905	927
905	929
905	936
905	950
905	953
905	960
905	965
906	71
906	92
906	113
906	182
906	241
906	242
906	276
906	372
906	497
906	659
906	660
906	668
906	689
906	693
906	717
906	725
906	745
906	864
906	917
906	946
906	967
906	970
906	995
907	44
907	258
907	272
907	510
907	514
907	551
907	598
907	621
907	676
907	696
907	709
907	784
907	861
907	872
907	877
907	892
907	900
907	905
907	910
907	929
907	936
907	953
907	967
908	56
908	154
908	174
908	214
908	288
908	352
908	391
908	406
908	460
908	541
908	550
908	559
908	599
908	626
908	739
908	780
908	843
908	863
908	881
908	931
908	932
908	937
908	995
909	168
909	248
909	277
909	468
909	481
909	501
909	580
909	735
909	837
909	846
909	869
909	903
909	904
909	913
909	934
909	947
909	963
909	976
909	982
909	986
909	992
909	994
909	999
910	284
910	292
910	358
910	447
910	454
910	538
910	567
910	652
910	656
910	723
910	729
910	769
910	776
910	788
910	867
910	875
910	885
910	894
910	907
910	935
910	975
910	989
910	996
911	72
911	324
911	332
911	429
911	481
911	632
911	670
911	724
911	749
911	752
911	876
911	878
911	934
911	947
911	958
911	963
911	969
911	981
911	986
911	990
911	992
911	994
911	999
912	211
912	250
912	339
912	365
912	424
912	433
912	490
912	503
912	506
912	589
912	623
912	733
912	764
912	782
912	800
912	809
912	842
912	887
912	919
912	923
912	943
912	957
912	962
913	66
913	129
913	166
913	637
913	718
913	735
913	785
913	794
913	807
913	837
913	909
913	914
913	934
913	947
913	963
913	969
913	982
913	986
913	990
913	992
913	994
913	995
913	1000
914	17
914	66
914	121
914	130
914	168
914	549
914	561
914	568
914	665
914	749
914	755
914	756
914	785
914	840
914	846
914	851
914	913
914	947
914	958
914	963
914	982
914	992
914	994
914	999
915	44
915	103
915	300
915	368
915	401
915	571
915	598
915	657
915	685
915	694
915	709
915	734
915	795
915	863
915	865
915	872
915	886
915	890
915	936
915	950
915	953
915	960
915	967
915	969
916	46
916	50
916	93
916	115
916	219
916	381
916	409
916	480
916	483
916	527
916	576
916	608
916	646
916	651
916	655
916	661
916	726
916	772
916	793
916	802
916	820
916	824
916	844
916	891
917	60
917	61
917	79
917	138
917	176
917	209
917	252
917	267
917	295
917	302
917	304
917	338
917	384
917	403
917	445
917	545
917	592
917	635
917	641
917	792
917	798
917	854
917	874
917	902
917	906
918	2
918	78
918	123
918	125
918	178
918	216
918	244
918	265
918	283
918	305
918	322
918	386
918	402
918	423
918	432
918	521
918	565
918	631
918	665
918	746
918	765
918	796
918	852
918	897
918	951
919	5
919	14
919	171
919	172
919	194
919	211
919	339
919	433
919	490
919	561
919	597
919	623
919	733
919	764
919	779
919	782
919	800
919	866
919	887
919	912
919	923
919	943
919	953
919	957
919	962
920	227
920	228
920	396
920	428
920	444
920	537
920	553
920	591
920	616
920	642
920	652
920	656
920	688
920	694
920	729
920	776
920	778
920	788
920	830
920	862
920	875
920	894
920	935
920	962
920	989
921	151
921	253
921	275
921	369
921	394
921	516
921	522
921	568
921	619
921	655
921	716
921	752
921	784
921	856
921	868
921	879
921	902
921	904
921	938
921	949
921	959
921	966
921	971
921	987
921	997
922	119
922	235
922	371
922	380
922	387
922	407
922	477
922	500
922	592
922	643
922	696
922	741
922	775
922	825
922	831
922	838
922	884
922	964
922	968
922	971
922	974
922	976
922	977
922	981
922	984
922	991
923	155
923	171
923	211
923	308
923	365
923	433
923	490
923	493
923	503
923	589
923	597
923	623
923	733
923	764
923	779
923	782
923	800
923	887
923	895
923	912
923	919
923	943
923	947
923	957
923	962
923	999
924	76
924	99
924	228
924	334
924	358
924	428
924	444
924	454
924	470
924	476
924	505
924	536
924	553
924	645
924	650
924	682
924	715
924	748
924	776
924	829
924	830
924	862
924	882
924	926
924	975
924	996
925	9
925	197
925	204
925	278
925	373
925	464
925	473
925	478
925	554
925	584
925	614
925	630
925	635
925	667
925	692
925	703
925	743
925	790
925	801
925	814
925	833
925	855
925	873
925	881
925	940
925	997
926	32
926	110
926	164
926	292
926	428
926	470
926	536
926	553
926	573
926	601
926	664
926	715
926	729
926	826
926	830
926	867
926	875
926	880
926	885
926	894
926	924
926	959
926	962
926	975
926	989
926	996
927	120
927	184
927	192
927	236
927	570
927	618
927	643
927	679
927	745
927	775
927	828
927	838
927	858
927	867
927	870
927	880
927	884
927	905
927	942
927	948
927	968
927	974
927	976
927	977
927	984
927	993
928	108
928	165
928	200
928	319
928	338
928	376
928	402
928	475
928	477
928	529
928	548
928	593
928	629
928	669
928	674
928	698
928	714
928	805
928	815
928	822
928	828
928	835
928	857
928	888
928	944
928	988
929	67
929	90
929	260
929	320
929	368
929	392
929	401
929	417
929	579
929	813
929	861
929	877
929	890
929	892
929	900
929	905
929	907
929	930
929	936
929	950
929	953
929	960
929	964
929	965
929	967
929	976
930	44
930	272
930	383
930	404
930	417
930	484
930	492
930	605
930	638
930	657
930	694
930	705
930	734
930	784
930	795
930	835
930	861
930	872
930	890
930	900
930	929
930	936
930	939
930	960
930	965
930	967
931	153
931	162
931	174
931	214
931	226
931	230
931	300
931	357
931	391
931	421
931	535
931	550
931	611
931	639
931	686
931	739
931	780
931	823
931	832
931	836
931	841
931	863
931	881
931	908
931	932
931	937
931	999
932	56
932	77
932	230
932	288
932	352
932	431
932	550
932	559
932	563
932	582
932	599
932	639
932	671
932	686
932	697
932	722
932	739
932	780
932	808
932	836
932	841
932	843
932	881
932	908
932	931
932	965
932	985
933	13
933	68
933	113
933	186
933	202
933	258
933	390
933	405
933	434
933	684
933	689
933	691
933	713
933	762
933	810
933	851
933	886
933	895
933	901
933	934
933	946
933	955
933	970
933	972
933	973
933	995
933	997
934	54
934	92
934	151
934	205
934	225
934	262
934	501
934	640
934	706
934	735
934	755
934	785
934	807
934	840
934	846
934	876
934	903
934	909
934	911
934	913
934	933
934	963
934	969
934	982
934	986
934	990
934	992
934	994
935	101
935	143
935	178
935	210
935	298
935	329
935	366
935	400
935	448
935	519
935	537
935	539
935	616
935	652
935	656
935	682
935	688
935	718
935	723
935	748
935	778
935	783
935	818
935	882
935	910
935	920
935	975
935	989
936	85
936	177
936	300
936	344
936	362
936	393
936	444
936	459
936	532
936	571
936	579
936	621
936	638
936	657
936	685
936	734
936	784
936	789
936	813
936	900
936	905
936	907
936	915
936	929
936	930
936	950
936	955
936	961
936	965
937	42
937	154
937	274
937	299
937	352
937	391
937	460
937	510
937	534
937	535
937	541
937	599
937	609
937	611
937	683
937	686
937	697
937	722
937	739
937	780
937	832
937	836
937	841
937	843
937	848
937	863
937	881
937	908
937	931
938	24
938	151
938	243
938	257
938	304
938	392
938	410
938	416
938	564
938	577
938	653
938	655
938	768
938	804
938	849
938	856
938	859
938	868
938	879
938	921
938	941
938	949
938	952
938	959
938	978
938	981
938	987
938	997
938	1000
939	6
939	28
939	43
939	51
939	52
939	57
939	266
939	315
939	316
939	331
939	356
939	438
939	479
939	523
939	544
939	547
939	581
939	596
939	625
939	633
939	644
939	712
939	797
939	848
939	871
939	883
939	930
939	961
939	978
940	9
940	197
940	229
940	278
940	301
940	309
940	363
940	388
940	397
940	453
940	464
940	473
940	478
940	517
940	554
940	558
940	584
940	635
940	667
940	675
940	692
940	730
940	747
940	790
940	814
940	833
940	873
940	925
940	978
941	12
941	257
941	263
941	337
941	347
941	359
941	379
941	394
941	408
941	465
941	474
941	529
941	577
941	609
941	716
941	769
941	849
941	859
941	868
941	879
941	904
941	938
941	952
941	959
941	971
941	987
941	990
941	997
941	1000
942	152
942	160
942	173
942	310
942	336
942	380
942	407
942	426
942	443
942	491
942	546
942	673
942	720
942	738
942	825
942	839
942	858
942	870
942	880
942	893
942	927
942	948
942	964
942	967
942	974
942	976
942	977
942	982
942	991
943	1
943	172
943	211
943	229
943	250
943	308
943	339
943	365
943	374
943	424
943	433
943	493
943	503
943	589
943	597
943	623
943	676
943	706
943	733
943	764
943	779
943	782
943	800
943	887
943	890
943	912
943	919
943	923
943	957
943	962
944	4
944	47
944	108
944	165
944	191
944	204
944	223
944	238
944	296
944	424
944	446
944	487
944	494
944	509
944	529
944	593
944	629
944	665
944	674
944	680
944	695
944	730
944	803
944	805
944	811
944	822
944	835
944	845
944	857
944	928
944	988
945	35
945	111
945	144
945	157
945	245
945	281
945	317
945	323
945	372
945	437
945	452
945	502
945	515
945	531
945	598
945	627
945	649
945	677
945	737
945	754
945	758
945	781
945	868
945	871
945	898
945	954
945	956
945	972
945	983
945	985
945	998
946	58
946	92
946	186
946	273
946	285
946	293
946	312
946	334
946	389
946	518
946	542
946	668
946	710
946	717
946	725
946	751
946	760
946	762
946	810
946	817
946	821
946	834
946	851
946	864
946	886
946	906
946	933
946	955
946	957
946	994
946	999
947	50
947	72
947	76
947	106
947	130
947	205
947	412
947	415
947	561
947	585
947	603
947	620
947	637
947	711
947	722
947	794
947	807
947	835
947	840
947	853
947	876
947	878
947	903
947	909
947	911
947	913
947	914
947	923
947	963
947	969
947	999
948	119
948	124
948	134
948	140
948	201
948	234
948	329
948	375
948	457
948	488
948	500
948	506
948	507
948	520
948	673
948	681
948	720
948	831
948	838
948	858
948	870
948	893
948	898
948	927
948	942
948	964
948	966
948	976
948	981
948	984
948	993
949	12
949	20
949	128
949	369
949	379
949	389
949	392
949	397
949	425
949	472
949	481
949	588
949	609
949	619
949	640
949	655
949	704
949	727
949	768
949	804
949	859
949	868
949	879
949	904
949	921
949	938
949	952
949	971
949	985
949	987
949	997
950	67
950	86
950	148
950	169
950	198
950	393
950	514
950	572
950	587
950	598
950	605
950	657
950	694
950	702
950	749
950	782
950	784
950	787
950	795
950	845
950	865
950	872
950	877
950	892
950	900
950	905
950	915
950	929
950	936
950	960
950	965
951	91
951	142
951	145
951	220
951	233
951	286
951	399
951	455
951	496
951	542
951	556
951	569
951	575
951	590
951	620
951	650
951	672
951	690
951	708
951	721
951	728
951	732
951	744
951	750
951	773
951	784
951	791
951	806
951	816
951	918
951	980
952	48
952	100
952	187
952	195
952	221
952	337
952	341
952	394
952	416
952	522
952	562
952	585
952	612
952	653
952	704
952	755
952	761
952	804
952	849
952	856
952	859
952	879
952	901
952	938
952	941
952	949
952	959
952	966
952	971
952	987
952	997
952	1000
953	86
953	161
953	180
953	337
953	353
953	418
953	476
953	579
953	594
953	621
953	628
953	638
953	641
953	685
953	694
953	696
953	705
953	784
953	787
953	789
953	847
953	877
953	890
953	892
953	900
953	905
953	907
953	915
953	919
953	929
953	960
953	967
954	105
954	111
954	133
954	144
954	245
954	249
954	254
954	296
954	314
954	317
954	326
954	515
954	531
954	555
954	602
954	627
954	677
954	687
954	724
954	731
954	735
954	758
954	767
954	781
954	871
954	892
954	898
954	945
954	956
954	972
954	983
954	985
955	106
955	241
955	242
955	261
955	273
955	390
955	456
955	497
955	518
955	560
955	659
955	668
955	691
955	707
955	710
955	713
955	714
955	745
955	810
955	821
955	834
955	851
955	886
955	895
955	896
955	901
955	933
955	936
955	946
955	970
955	973
955	982
956	35
956	37
956	78
956	158
956	245
956	296
956	317
956	323
956	326
956	346
956	430
956	437
956	495
956	503
956	531
956	555
956	627
956	647
956	677
956	737
956	754
956	758
956	767
956	781
956	889
956	898
956	945
956	954
956	972
956	983
956	985
956	998
957	1
957	5
957	14
957	155
957	171
957	172
957	194
957	203
957	250
957	365
957	374
957	403
957	424
957	431
957	433
957	490
957	493
957	503
957	589
957	597
957	623
957	733
957	764
957	779
957	782
957	800
957	887
957	912
957	919
957	923
957	943
957	946
957	962
958	18
958	69
958	168
958	262
958	280
958	328
958	340
958	580
958	632
958	640
958	699
958	706
958	711
958	740
958	751
958	755
958	799
958	807
958	840
958	846
958	853
958	855
958	869
958	903
958	911
958	914
958	963
958	969
958	982
958	986
958	990
958	991
958	992
958	994
959	21
959	24
959	128
959	243
959	327
959	341
959	465
959	472
959	564
959	578
959	588
959	612
959	621
959	662
959	727
959	752
959	761
959	849
959	856
959	859
959	868
959	879
959	921
959	926
959	938
959	941
959	952
959	966
959	971
959	987
959	991
959	993
959	997
959	1000
960	282
960	333
960	362
960	393
960	401
960	459
960	504
960	551
960	579
960	587
960	638
960	647
960	657
960	696
960	709
960	764
960	784
960	789
960	804
960	826
960	847
960	866
960	872
960	877
960	890
960	892
960	905
960	915
960	929
960	930
960	950
960	953
960	965
960	967
961	41
961	43
961	49
961	57
961	139
961	159
961	222
961	231
961	291
961	294
961	483
961	499
961	511
961	519
961	523
961	540
961	543
961	544
961	547
961	557
961	591
961	595
961	596
961	624
961	625
961	626
961	633
961	644
961	848
961	883
961	936
961	939
961	972
961	978
962	1
962	5
962	14
962	155
962	171
962	194
962	237
962	250
962	308
962	339
962	365
962	374
962	424
962	433
962	490
962	493
962	503
962	589
962	597
962	623
962	723
962	733
962	764
962	779
962	782
962	800
962	817
962	887
962	912
962	919
962	920
962	923
962	926
962	943
962	957
963	10
963	80
963	275
963	313
963	321
963	328
963	435
963	481
963	549
963	575
963	640
963	678
963	706
963	735
963	800
963	807
963	821
963	837
963	853
963	876
963	878
963	903
963	909
963	911
963	913
963	914
963	934
963	947
963	958
963	969
963	982
963	986
963	992
963	994
963	999
964	15
964	96
964	160
964	184
964	207
964	407
964	443
964	457
964	491
964	498
964	525
964	673
964	701
964	738
964	741
964	742
964	775
964	825
964	828
964	838
964	858
964	865
964	880
964	884
964	891
964	922
964	929
964	942
964	948
964	968
964	974
964	976
964	981
964	984
964	991
964	993
965	17
965	44
965	85
965	86
965	177
965	353
965	476
965	484
965	504
965	579
965	587
965	598
965	638
965	685
965	696
965	702
965	787
965	789
965	795
965	813
965	847
965	861
965	865
965	872
965	877
965	890
965	905
965	929
965	930
965	932
965	936
965	950
965	960
965	967
965	986
965	996
966	48
966	187
966	195
966	257
966	297
966	341
966	347
966	359
966	392
966	410
966	516
966	564
966	568
966	606
966	610
966	619
966	655
966	704
966	727
966	731
966	737
966	761
966	768
966	804
966	849
966	856
966	868
966	879
966	921
966	948
966	952
966	959
966	971
966	987
966	997
966	1000
967	26
967	198
967	282
967	333
967	353
967	393
967	418
967	504
967	532
967	572
967	576
967	579
967	598
967	676
967	685
967	696
967	705
967	709
967	787
967	789
967	861
967	865
967	866
967	890
967	892
967	906
967	907
967	915
967	929
967	930
967	942
967	953
967	960
967	965
967	993
967	999
968	3
968	45
968	75
968	120
968	236
968	256
968	270
968	310
968	318
968	325
968	463
968	506
968	526
968	530
968	612
968	643
968	700
968	701
968	720
968	739
968	741
968	762
968	770
968	816
968	846
968	858
968	884
968	893
968	922
968	927
968	964
968	974
968	976
968	977
968	981
968	984
968	993
969	17
969	40
969	55
969	91
969	106
969	121
969	146
969	396
969	415
969	429
969	485
969	518
969	585
969	603
969	636
969	699
969	706
969	744
969	755
969	756
969	763
969	785
969	853
969	869
969	911
969	913
969	915
969	934
969	947
969	958
969	963
969	982
969	986
969	990
969	992
969	994
969	999
970	82
970	102
970	186
970	202
970	258
970	261
970	312
970	334
970	335
970	350
970	360
970	382
970	404
970	486
970	518
970	583
970	607
970	660
970	668
970	710
970	717
970	721
970	725
970	736
970	812
970	817
970	821
970	834
970	851
970	864
970	868
970	886
970	896
970	906
970	933
970	955
970	973
970	995
971	38
971	122
971	150
971	190
971	209
971	253
971	263
971	297
971	369
971	378
971	425
971	465
971	474
971	484
971	516
971	522
971	568
971	653
971	662
971	704
971	727
971	731
971	760
971	761
971	791
971	856
971	859
971	868
971	904
971	921
971	922
971	941
971	949
971	952
971	959
971	966
971	987
971	997
971	1000
972	4
972	35
972	37
972	107
972	158
972	214
972	249
972	259
972	269
972	281
972	346
972	390
972	430
972	437
972	508
972	513
972	515
972	521
972	531
972	555
972	602
972	627
972	647
972	649
972	677
972	687
972	724
972	754
972	781
972	871
972	898
972	933
972	945
972	954
972	956
972	961
972	983
972	985
972	998
973	71
973	113
973	169
973	170
973	206
973	242
973	261
973	290
973	335
973	372
973	419
973	607
973	660
973	684
973	689
973	691
973	693
973	702
973	713
973	717
973	725
973	745
973	760
973	762
973	806
973	810
973	812
973	817
973	821
973	851
973	864
973	895
973	896
973	933
973	955
973	970
973	975
973	984
973	995
974	3
974	120
974	173
974	201
974	268
974	318
974	343
974	367
974	371
974	380
974	458
974	463
974	488
974	506
974	530
974	544
974	618
974	681
974	700
974	738
974	748
974	757
974	770
974	828
974	831
974	839
974	870
974	880
974	900
974	922
974	927
974	942
974	964
974	968
974	976
974	981
974	984
974	991
974	993
974	998
975	127
975	228
975	292
975	298
975	411
975	440
975	444
975	448
975	458
975	524
975	538
975	573
975	601
975	616
975	642
975	645
975	654
975	682
975	715
975	723
975	748
975	776
975	778
975	818
975	826
975	829
975	830
975	841
975	862
975	867
975	875
975	885
975	894
975	910
975	924
975	926
975	935
975	973
975	989
975	996
976	3
976	325
976	371
976	406
976	443
976	488
976	495
976	500
976	512
976	520
976	525
976	526
976	570
976	599
976	618
976	643
976	683
976	700
976	701
976	738
976	741
976	767
976	775
976	828
976	838
976	884
976	897
976	909
976	922
976	927
976	929
976	942
976	948
976	964
976	968
976	974
976	977
976	981
976	984
976	991
976	993
977	38
977	140
977	173
977	201
977	207
977	212
977	318
977	343
977	387
977	477
977	489
977	491
977	506
977	507
977	512
977	525
977	530
977	570
977	661
977	678
977	679
977	683
977	720
977	738
977	770
977	775
977	802
977	825
977	858
977	880
977	884
977	893
977	922
977	927
977	942
977	968
977	976
977	981
977	983
977	991
977	993
978	6
978	43
978	49
978	52
978	116
978	159
978	222
978	266
978	291
978	294
978	303
978	315
978	331
978	351
978	356
978	462
978	483
978	499
978	511
978	519
978	523
978	540
978	543
978	544
978	547
978	581
978	591
978	595
978	622
978	625
978	633
978	644
978	712
978	848
978	852
978	883
978	897
978	938
978	939
978	940
978	961
979	29
979	30
979	87
979	95
979	114
979	131
979	135
979	136
979	141
979	175
979	218
979	246
979	314
979	342
979	349
979	355
979	370
979	419
979	422
979	427
979	428
979	441
979	466
979	471
979	487
979	528
979	613
979	615
979	634
979	719
979	736
979	777
979	809
979	819
979	827
979	840
979	842
979	879
979	889
979	899
979	993
980	15
980	34
980	53
980	132
980	142
980	145
980	156
980	163
980	215
980	233
980	240
980	247
980	377
980	387
980	435
980	455
980	482
980	542
980	556
980	575
980	586
980	590
980	620
980	650
980	672
980	686
980	690
980	708
980	721
980	727
980	728
980	732
980	744
980	750
980	763
980	773
980	774
980	791
980	806
980	816
980	875
980	951
981	11
981	45
981	160
981	236
981	268
981	306
981	310
981	367
981	375
981	405
981	458
981	462
981	489
981	495
981	526
981	570
981	618
981	673
981	679
981	681
981	691
981	701
981	720
981	738
981	742
981	775
981	825
981	838
981	870
981	884
981	893
981	911
981	922
981	938
981	948
981	964
981	968
981	974
981	976
981	977
981	984
981	993
982	10
982	18
982	80
982	127
982	166
982	313
982	321
982	328
982	332
982	340
982	429
982	451
982	561
982	585
982	602
982	678
982	711
982	749
982	794
982	799
982	807
982	837
982	846
982	853
982	869
982	874
982	876
982	878
982	903
982	909
982	913
982	914
982	934
982	942
982	955
982	958
982	963
982	969
982	986
982	990
982	994
982	999
983	105
983	107
983	111
983	157
983	158
983	181
983	193
983	245
983	254
983	269
983	281
983	296
983	323
983	437
983	452
983	508
983	512
983	513
983	521
983	531
983	555
983	602
983	627
983	647
983	650
983	677
983	724
983	754
983	758
983	767
983	781
983	871
983	887
983	898
983	945
983	954
983	956
983	972
983	977
983	985
983	994
983	998
984	19
984	96
984	152
984	207
984	217
984	318
984	330
984	336
984	343
984	375
984	385
984	451
984	457
984	463
984	477
984	489
984	495
984	500
984	515
984	520
984	671
984	673
984	699
984	701
984	706
984	720
984	741
984	742
984	828
984	838
984	858
984	880
984	893
984	922
984	927
984	948
984	964
984	968
984	973
984	974
984	976
984	981
984	993
985	4
985	35
985	37
985	101
985	105
985	111
985	133
985	144
985	157
985	249
985	254
985	259
985	269
985	287
985	326
985	430
985	502
985	508
985	513
985	521
985	531
985	555
985	602
985	647
985	649
985	687
985	724
985	737
985	754
985	758
985	767
985	781
985	871
985	898
985	932
985	945
985	949
985	954
985	956
985	972
985	983
985	986
985	998
986	8
986	18
986	40
986	54
986	66
986	121
986	124
986	166
986	179
986	225
986	248
986	280
986	313
986	412
986	429
986	471
986	580
986	637
986	670
986	706
986	713
986	756
986	794
986	799
986	807
986	837
986	840
986	853
986	869
986	878
986	903
986	909
986	911
986	913
986	934
986	958
986	963
986	965
986	969
986	982
986	985
986	990
986	994
986	999
987	7
987	20
987	21
987	100
987	122
987	148
987	187
987	190
987	243
987	359
987	378
987	379
987	392
987	397
987	410
987	472
987	522
987	577
987	578
987	612
987	653
987	655
987	731
987	752
987	761
987	768
987	797
987	804
987	856
987	859
987	874
987	879
987	892
987	904
987	921
987	938
987	941
987	949
987	952
987	959
987	966
987	971
987	997
987	1000
988	22
988	23
988	33
988	47
988	109
988	117
988	126
988	191
988	200
988	204
988	238
988	250
988	259
988	319
988	376
988	398
988	426
988	439
988	446
988	475
988	494
988	509
988	529
988	564
988	567
988	593
988	629
988	648
988	674
988	680
988	695
988	698
988	714
988	730
988	803
988	811
988	813
988	822
988	835
988	845
988	857
988	888
988	928
988	944
989	27
989	32
989	64
989	210
989	227
989	249
989	298
989	366
989	400
989	420
989	421
989	524
989	536
989	538
989	553
989	601
989	610
989	616
989	628
989	664
989	666
989	687
989	688
989	718
989	723
989	748
989	776
989	778
989	788
989	818
989	830
989	857
989	862
989	864
989	867
989	882
989	885
989	894
989	910
989	920
989	926
989	935
989	975
989	996
990	10
990	62
990	63
990	70
990	84
990	85
990	91
990	129
990	179
990	203
990	275
990	340
990	345
990	412
990	468
990	501
990	571
990	632
990	637
990	670
990	699
990	706
990	711
990	749
990	794
990	837
990	840
990	846
990	853
990	869
990	876
990	889
990	903
990	911
990	913
990	934
990	941
990	958
990	969
990	982
990	986
990	992
990	994
990	999
991	19
991	96
991	109
991	119
991	134
991	212
991	234
991	256
991	330
991	442
991	443
991	458
991	477
991	498
991	520
991	530
991	643
991	679
991	683
991	701
991	720
991	741
991	742
991	770
991	775
991	807
991	816
991	825
991	828
991	858
991	870
991	877
991	880
991	884
991	885
991	893
991	922
991	942
991	958
991	959
991	964
991	974
991	976
991	977
991	993
992	8
992	72
992	76
992	127
992	146
992	179
992	275
992	277
992	280
992	321
992	345
992	461
992	488
992	549
992	603
992	632
992	636
992	640
992	670
992	699
992	711
992	735
992	749
992	756
992	780
992	785
992	799
992	807
992	817
992	837
992	849
992	853
992	870
992	878
992	888
992	903
992	909
992	911
992	913
992	914
992	934
992	958
992	963
992	969
992	990
993	45
993	96
993	119
993	140
993	235
993	256
993	307
993	325
993	330
993	375
993	443
993	489
993	493
993	498
993	500
993	520
993	546
993	679
993	681
993	700
993	707
993	720
993	738
993	741
993	825
993	828
993	831
993	838
993	839
993	870
993	885
993	893
993	927
993	948
993	959
993	964
993	967
993	968
993	974
993	976
993	977
993	979
993	981
993	984
993	991
994	8
994	55
994	66
994	91
994	129
994	231
994	262
994	271
994	280
994	313
994	324
994	340
994	412
994	485
994	580
994	597
994	637
994	640
994	670
994	685
994	699
994	711
994	763
994	785
994	794
994	799
994	820
994	837
994	846
994	869
994	878
994	909
994	911
994	913
994	914
994	934
994	946
994	958
994	963
994	969
994	982
994	983
994	986
994	990
994	999
995	13
995	68
995	92
995	94
995	113
995	170
995	202
995	293
995	312
995	334
995	335
995	382
995	389
995	405
995	454
995	486
995	560
995	583
995	590
995	607
995	659
995	668
995	693
995	707
995	710
995	713
995	725
995	760
995	762
995	812
995	817
995	821
995	834
995	851
995	859
995	864
995	886
995	895
995	896
995	901
995	906
995	908
995	913
995	933
995	970
995	973
996	19
996	39
996	64
996	110
996	183
996	188
996	237
996	276
996	298
996	316
996	358
996	366
996	396
996	400
996	421
996	524
996	537
996	539
996	573
996	610
996	616
996	654
996	715
996	718
996	726
996	729
996	776
996	778
996	788
996	818
996	826
996	828
996	830
996	862
996	867
996	875
996	882
996	885
996	894
996	910
996	924
996	926
996	965
996	975
996	989
996	997
997	12
997	21
997	122
997	208
997	243
997	257
997	263
997	327
997	336
997	341
997	359
997	369
997	379
997	408
997	410
997	472
997	522
997	564
997	569
997	577
997	588
997	609
997	612
997	624
997	653
997	662
997	716
997	727
997	731
997	752
997	781
997	804
997	859
997	868
997	879
997	921
997	925
997	933
997	938
997	941
997	949
997	952
997	959
997	966
997	971
997	987
997	996
997	1000
998	4
998	31
998	37
998	107
998	108
998	133
998	144
998	146
998	157
998	158
998	163
998	181
998	193
998	249
998	259
998	296
998	317
998	323
998	326
998	346
998	430
998	437
998	452
998	502
998	508
998	513
998	521
998	555
998	601
998	602
998	627
998	647
998	677
998	687
998	724
998	737
998	754
998	758
998	767
998	781
998	808
998	811
998	898
998	945
998	956
998	972
998	974
998	983
998	985
999	40
999	73
999	84
999	168
999	203
999	213
999	275
999	277
999	280
999	415
999	461
999	468
999	481
999	485
999	501
999	549
999	561
999	585
999	632
999	637
999	640
999	678
999	699
999	711
999	735
999	749
999	752
999	755
999	794
999	807
999	846
999	872
999	876
999	878
999	903
999	909
999	911
999	914
999	923
999	931
999	946
999	947
999	963
999	967
999	969
999	982
999	986
999	990
999	994
1000	12
1000	20
1000	21
1000	24
1000	55
1000	65
1000	100
1000	122
1000	221
1000	224
1000	263
1000	347
1000	352
1000	369
1000	378
1000	467
1000	472
1000	474
1000	516
1000	564
1000	568
1000	569
1000	578
1000	588
1000	609
1000	619
1000	637
1000	653
1000	662
1000	716
1000	727
1000	731
1000	752
1000	768
1000	849
1000	856
1000	859
1000	879
1000	884
1000	894
1000	904
1000	913
1000	938
1000	941
1000	952
1000	959
1000	966
1000	971
1000	987
1000	997
