1	587
1	956
1	962
1	982
2	252
2	791
2	828
2	992
3	318
3	779
3	879
3	920
4	745
4	858
4	948
4	987
5	630
5	896
5	915
5	930
6	91
6	474
6	880
6	998
7	146
7	587
7	779
7	882
8	59
8	112
8	809
8	946
9	894
9	979
9	989
9	1000
10	130
10	477
10	583
10	947
11	701
11	924
11	982
11	985
12	181
12	629
12	835
12	989
13	798
13	909
13	942
13	955
14	735
14	750
14	828
14	882
15	610
15	620
15	970
15	978
16	266
16	856
16	905
16	929
17	337
17	637
17	889
17	948
18	348
18	501
18	967
18	971
19	684
19	893
19	970
19	978
20	472
20	884
20	931
20	998
21	802
21	839
21	900
21	978
22	349
22	502
22	889
22	985
23	265
23	607
23	965
23	990
24	136
24	286
24	771
24	941
25	544
25	796
25	847
25	924
26	219
26	367
26	967
26	979
27	513
27	838
27	875
27	977
28	694
28	815
28	831
28	947
29	261
29	504
29	720
29	949
30	551
30	886
30	925
30	980
31	552
31	851
31	865
31	916
32	651
32	663
32	727
32	991
33	792
33	926
33	943
33	987
34	827
34	859
34	937
34	990
35	125
35	859
35	927
35	985
36	769
36	779
36	855
36	888
37	549
37	852
37	876
37	985
38	271
38	608
38	824
38	982
39	114
39	756
39	799
39	989
40	261
40	674
40	683
40	936
41	809
41	854
41	904
41	989
42	102
42	455
42	750
42	942
43	434
43	474
43	612
43	726
44	158
44	321
44	447
44	903
45	677
45	908
45	915
45	923
46	574
46	927
46	943
46	985
47	562
47	905
47	961
47	988
48	539
48	690
48	817
48	938
49	286
49	931
49	935
49	990
50	704
50	913
50	932
50	977
51	501
51	815
51	839
51	893
52	740
52	840
52	878
52	971
53	313
53	621
53	957
53	983
54	931
54	935
54	963
54	998
55	180
55	739
55	803
55	1000
56	651
56	981
56	995
56	999
57	773
57	782
57	943
57	987
58	618
58	657
58	794
58	971
59	8
59	396
59	753
59	981
60	706
60	795
60	829
60	969
61	227
61	410
61	936
61	969
62	306
62	812
62	971
62	988
63	217
63	671
63	882
63	942
64	785
64	853
64	886
64	994
65	75
65	904
65	951
65	984
66	661
66	964
66	977
66	991
67	659
67	774
67	886
67	999
68	517
68	767
68	776
68	999
69	241
69	771
69	873
69	983
70	200
70	523
70	888
70	977
71	767
71	953
71	976
71	995
72	116
72	624
72	824
72	957
73	322
73	667
73	925
73	996
74	202
74	722
74	875
74	985
75	65
75	571
75	937
75	997
76	570
76	871
76	883
76	891
77	184
77	767
77	772
77	999
78	243
78	408
78	447
78	506
79	272
79	430
79	460
79	962
80	619
80	678
80	941
80	946
81	653
81	892
81	964
81	992
82	799
82	837
82	954
82	993
83	555
83	652
83	754
83	973
84	406
84	586
84	721
84	988
85	320
85	946
85	990
85	996
86	850
86	938
86	956
86	982
87	306
87	663
87	842
87	919
88	921
88	943
88	982
88	987
89	139
89	233
89	603
89	972
90	127
90	703
90	897
90	996
91	6
91	259
91	784
91	914
92	303
92	567
92	862
92	985
93	838
93	899
93	980
93	994
94	832
94	928
94	974
94	990
95	314
95	909
95	955
95	975
96	171
96	878
96	969
96	991
97	891
97	966
97	979
97	994
98	876
98	964
98	991
98	992
99	298
99	885
99	926
99	987
100	253
100	280
100	794
100	967
101	563
101	640
101	921
101	996
102	42
102	770
102	805
102	977
103	387
103	617
103	747
103	874
104	298
104	927
104	949
104	973
105	279
105	931
105	972
105	975
106	529
106	904
106	969
106	995
107	659
107	891
107	976
107	980
108	709
108	710
108	822
108	875
109	188
109	366
109	804
109	917
110	424
110	970
110	974
110	978
111	363
111	511
111	852
111	985
112	8
112	432
112	852
112	941
113	855
113	910
113	933
113	953
114	39
114	796
114	809
114	975
115	761
115	774
115	953
115	995
116	72
116	920
116	981
116	983
117	265
117	624
117	936
117	994
118	362
118	621
118	932
118	977
119	672
119	881
119	888
119	974
120	599
120	651
120	658
120	823
121	319
121	967
121	993
121	997
122	487
122	537
122	865
122	906
123	843
123	863
123	961
123	971
124	612
124	705
124	914
124	983
125	35
125	238
125	985
125	986
126	424
126	510
126	902
126	966
127	90
127	427
127	555
127	734
128	421
128	595
128	665
128	906
129	388
129	743
129	892
129	916
130	10
130	143
130	887
130	963
131	748
131	779
131	913
131	932
132	415
132	449
132	899
132	994
133	161
133	245
133	656
133	821
134	755
134	933
134	982
134	991
135	944
135	959
135	997
135	1000
136	24
136	701
136	952
136	956
137	408
137	693
137	788
137	896
138	534
138	907
138	937
138	986
139	89
139	157
139	929
139	975
140	579
140	977
140	980
140	994
141	715
141	778
141	912
141	997
142	603
142	877
142	933
142	992
143	130
143	808
143	830
143	915
144	462
144	725
144	843
144	935
145	289
145	798
145	857
145	1000
146	7
146	544
146	709
146	932
147	661
147	726
147	931
147	939
148	801
148	869
148	947
148	975
149	246
149	543
149	979
149	980
150	212
150	770
150	858
150	977
151	728
151	803
151	929
151	943
152	908
152	961
152	971
152	995
153	792
153	853
153	921
153	990
154	702
154	846
154	938
154	952
155	198
155	277
155	948
155	963
156	289
156	807
156	948
156	987
157	139
157	259
157	754
157	975
158	44
158	452
158	872
158	915
159	197
159	452
159	765
159	988
160	766
160	943
160	960
160	993
161	133
161	628
161	905
161	936
162	199
162	420
162	631
162	843
163	904
163	943
163	948
163	987
164	697
164	822
164	837
164	904
165	592
165	922
165	930
165	993
166	342
166	801
166	813
166	984
167	792
167	862
167	927
167	985
168	781
168	922
168	984
168	992
169	214
169	253
169	874
169	915
170	325
170	805
170	876
170	902
171	96
171	209
171	938
171	969
172	690
172	772
172	845
172	884
173	576
173	690
173	909
173	955
174	742
174	862
174	927
174	985
175	835
175	985
175	989
175	1000
176	204
176	263
176	822
176	823
177	502
177	536
177	597
177	914
178	313
178	826
178	835
178	966
179	818
179	833
179	970
179	978
180	55
180	951
180	984
180	993
181	12
181	341
181	634
181	737
182	787
182	803
182	837
182	929
183	326
183	355
183	602
183	939
184	77
184	255
184	723
184	823
185	582
185	894
185	953
185	995
186	290
186	589
186	995
186	999
187	412
187	828
187	942
187	955
188	109
188	488
188	952
188	982
189	684
189	888
189	895
189	977
190	842
190	862
190	883
190	991
191	877
191	930
191	969
191	991
192	909
192	924
192	952
192	956
193	497
193	659
193	669
193	790
194	861
194	894
194	970
194	978
195	762
195	882
195	942
195	955
196	442
196	634
196	954
196	974
197	159
197	586
197	886
197	915
198	155
198	554
198	923
198	998
199	162
199	348
199	618
199	985
200	70
200	882
200	908
200	955
201	422
201	589
201	877
201	991
202	74
202	430
202	714
202	985
203	769
203	805
203	813
203	875
204	176
204	727
204	910
204	953
205	532
205	598
205	776
205	907
206	691
206	703
206	990
206	996
207	846
207	861
207	952
207	982
208	513
208	655
208	979
208	994
209	171
209	964
209	970
209	992
210	279
210	861
210	901
210	978
211	232
211	941
211	957
211	983
212	150
212	267
212	479
212	977
213	591
213	604
213	941
213	981
214	169
214	743
214	754
214	923
215	889
215	897
215	912
215	914
216	264
216	732
216	867
216	977
217	63
217	904
217	995
217	999
218	533
218	895
218	968
218	972
219	26
219	764
219	794
219	824
220	221
220	612
220	983
220	992
221	220
221	463
221	637
221	983
222	646
222	674
222	837
222	920
223	584
223	775
223	875
223	937
224	878
224	923
224	934
224	951
225	817
225	934
225	952
225	982
226	829
226	868
226	974
226	997
227	61
227	458
227	920
227	958
228	586
228	701
228	850
228	938
229	241
229	315
229	386
229	788
230	720
230	747
230	830
230	971
231	445
231	808
231	844
231	911
232	211
232	476
232	925
232	986
233	89
233	332
233	941
233	981
234	744
234	755
234	787
234	991
235	597
235	826
235	945
235	960
236	592
236	876
236	899
236	980
237	790
237	821
237	925
237	968
238	125
238	785
238	852
238	985
239	838
239	842
239	913
239	932
240	390
240	716
240	866
240	963
241	69
241	229
241	764
241	902
242	718
242	728
242	929
242	998
243	78
243	670
243	940
243	989
244	768
244	943
244	948
244	987
245	133
245	261
245	427
245	949
245	989
246	149
246	832
246	968
246	986
246	996
247	383
247	697
247	759
247	904
247	999
248	254
248	573
248	608
248	956
248	982
249	317
249	384
249	810
249	915
249	961
250	252
250	565
250	566
250	845
250	936
251	518
251	943
251	948
251	987
251	990
252	2
252	250
252	466
252	991
252	992
253	100
253	169
253	514
253	863
253	962
254	248
254	509
254	897
254	958
254	965
255	184
255	605
255	774
255	822
255	999
256	585
256	700
256	738
256	804
256	981
257	379
257	594
257	906
257	920
257	973
258	829
258	933
258	991
258	992
258	995
259	91
259	157
259	297
259	502
259	941
260	530
260	543
260	738
260	827
260	986
261	29
261	40
261	245
261	777
261	966
262	582
262	720
262	861
262	893
262	978
263	176
263	415
263	885
263	948
263	987
264	216
264	705
264	769
264	875
264	992
265	23
265	117
265	744
265	979
265	994
266	16
266	762
266	773
266	787
266	800
267	212
267	838
267	866
267	913
267	980
268	620
268	839
268	969
268	970
268	978
269	757
269	918
269	926
269	948
269	987
270	507
270	599
270	722
270	723
270	789
271	38
271	507
271	536
271	956
271	982
272	79
272	304
272	764
272	917
272	935
273	521
273	696
273	748
273	899
273	979
274	710
274	769
274	806
274	901
274	977
275	719
275	776
275	863
275	935
275	997
276	815
276	900
276	936
276	970
276	974
277	155
277	859
277	869
277	931
277	950
278	368
278	468
278	870
278	897
278	969
279	105
279	210
279	720
279	725
279	978
280	100
280	828
280	909
280	942
280	955
281	459
281	839
281	946
281	970
281	978
282	383
282	635
282	716
282	892
282	999
283	450
283	521
283	677
283	984
283	994
284	495
284	592
284	746
284	763
284	980
285	777
285	785
285	800
285	979
285	980
286	24
286	49
286	599
286	941
286	957
287	425
287	458
287	879
287	906
287	936
288	661
288	689
288	933
288	992
288	998
289	145
289	156
289	883
289	944
289	998
290	186
290	547
290	600
290	877
290	964
291	306
291	368
291	932
291	964
291	992
292	440
292	688
292	694
292	923
292	972
293	639
293	722
293	954
293	984
293	997
294	828
294	885
294	909
294	955
294	984
295	893
295	902
295	925
295	935
295	996
296	676
296	800
296	905
296	929
296	960
297	259
297	356
297	525
297	759
297	902
298	99
298	104
298	845
298	949
298	973
299	410
299	655
299	725
299	807
299	821
300	393
300	671
300	967
300	971
300	988
301	364
301	512
301	906
301	914
301	966
302	324
302	466
302	569
302	956
302	981
303	92
303	446
303	532
303	553
303	961
304	272
304	780
304	911
304	915
304	967
305	547
305	626
305	704
305	911
305	992
306	62
306	87
306	291
306	820
306	964
307	692
307	859
307	918
307	991
307	992
308	422
308	563
308	706
308	933
308	992
309	882
309	909
309	942
309	954
309	955
310	632
310	684
310	880
310	913
310	977
311	449
311	500
311	884
311	958
311	979
312	860
312	865
312	878
312	936
312	974
313	53
313	178
313	656
313	710
313	920
314	95
314	570
314	576
314	750
314	909
315	229
315	340
315	646
315	914
315	1000
316	760
316	905
316	911
316	929
316	997
317	249
317	812
317	844
317	914
317	996
318	3
318	864
318	867
318	914
318	973
319	121
319	685
319	825
319	878
319	993
320	85
320	717
320	958
320	968
320	999
321	44
321	682
321	773
321	898
321	949
322	73
322	806
322	900
322	970
322	978
323	553
323	874
323	930
323	962
323	967
324	302
324	418
324	527
324	957
324	981
325	170
325	591
325	596
325	981
325	983
326	183
326	754
326	878
326	947
326	975
327	493
327	711
327	820
327	964
327	991
328	332
328	619
328	784
328	877
328	926
329	508
329	578
329	833
329	970
329	978
330	517
330	697
330	910
330	931
330	999
331	532
331	550
331	765
331	810
331	962
332	233
332	328
332	612
332	823
332	957
333	499
333	918
333	926
333	964
333	987
334	356
334	392
334	693
334	760
334	905
335	781
335	921
335	925
335	935
335	990
336	436
336	885
336	948
336	950
336	987
337	17
337	759
337	812
337	957
337	983
338	845
338	872
338	898
338	949
338	957
339	607
339	716
339	742
339	953
339	999
340	315
340	480
340	824
340	862
340	912
341	181
341	824
341	890
341	912
341	986
342	166
342	662
342	676
342	762
342	929
343	433
343	489
343	628
343	713
343	871
344	658
344	732
344	741
344	932
344	977
345	397
345	521
345	563
345	725
345	990
346	714
346	722
346	862
346	936
346	985
347	662
347	696
347	841
347	948
347	989
348	18
348	199
348	374
348	852
348	985
349	22
349	465
349	520
349	876
349	981
350	359
350	726
350	822
350	870
350	947
351	370
351	853
351	901
351	941
351	996
352	881
352	951
352	953
352	957
352	974
353	657
353	681
353	967
353	983
353	988
354	416
354	444
354	709
354	932
354	977
355	183
355	465
355	850
355	873
355	982
356	297
356	334
356	629
356	757
356	946
357	887
357	895
357	972
357	976
357	998
358	438
358	882
358	909
358	943
358	955
359	350
359	471
359	866
359	925
359	946
360	478
360	681
360	910
360	995
360	999
361	837
361	851
361	903
361	937
361	973
362	118
362	741
362	770
362	875
362	977
363	111
363	832
363	926
363	943
363	987
364	301
364	601
364	628
364	949
364	978
365	405
365	655
365	901
365	928
365	935
366	109
366	691
366	700
366	847
366	982
367	26
367	387
367	457
367	728
367	785
368	278
368	291
368	933
368	964
368	999
369	387
369	823
369	904
369	953
369	999
370	351
370	705
370	832
370	937
370	1000
371	418
371	771
371	890
371	951
371	981
372	618
372	679
372	725
372	824
372	985
373	520
373	761
373	864
373	936
373	949
374	348
374	399
374	927
374	973
374	985
375	527
375	584
375	850
375	873
375	982
376	617
376	690
376	772
376	872
376	988
377	561
377	854
377	894
377	944
377	1000
378	526
378	597
378	638
378	899
378	997
379	257
379	847
379	938
379	956
379	982
380	503
380	599
380	897
380	961
380	965
381	653
381	861
381	893
381	900
381	978
382	621
382	759
382	784
382	901
382	981
383	247
383	282
383	439
383	804
383	995
384	249
384	818
384	883
384	974
384	989
385	875
385	918
385	943
385	948
385	987
386	229
386	527
386	539
386	952
386	956
386	988
387	103
387	367
387	369
387	723
387	863
387	971
388	129
388	473
388	725
388	931
388	935
388	965
389	446
389	531
389	733
389	756
389	849
389	940
390	240
390	439
390	892
390	910
390	947
390	998
391	428
391	747
391	795
391	808
391	830
391	848
392	334
392	631
392	718
392	760
392	905
392	929
393	300
393	457
393	491
393	786
393	890
393	988
394	672
394	878
394	880
394	900
394	984
394	993
395	751
395	773
395	836
395	896
395	958
395	965
396	59
396	447
396	453
396	591
396	732
396	957
397	345
397	530
397	649
397	667
397	795
397	901
398	469
398	551
398	642
398	887
398	945
398	976
399	374
399	499
399	529
399	549
399	852
399	985
400	405
400	455
400	585
400	648
400	735
400	942
401	486
401	778
401	805
401	811
401	832
401	996
402	598
402	600
402	928
402	974
402	984
402	993
403	581
403	736
403	885
403	918
403	926
403	987
404	500
404	706
404	969
404	986
404	991
404	992
405	365
405	400
405	882
405	909
405	942
405	955
406	84
406	812
406	848
406	869
406	988
406	993
407	605
407	934
407	950
407	960
407	984
407	987
408	78
408	137
408	469
408	946
408	981
408	983
409	429
409	674
409	763
409	898
409	934
409	976
410	61
410	299
410	566
410	712
410	915
410	949
411	605
411	766
411	802
411	981
411	993
411	997
412	187
412	639
412	849
412	959
412	972
412	989
413	680
413	755
413	783
413	915
413	917
413	988
414	896
414	903
414	925
414	935
414	954
414	996
415	132
415	263
415	678
415	795
415	958
415	986
416	354
416	586
416	755
416	764
416	789
416	962
417	483
417	595
417	772
417	906
417	912
417	920
418	324
418	371
418	480
418	604
418	623
418	646
419	661
419	711
419	821
419	964
419	969
419	991
420	162
420	421
420	502
420	665
420	872
420	966
421	128
421	420
421	629
421	902
421	914
421	941
422	201
422	308
422	727
422	791
422	928
422	969
423	858
423	918
423	926
423	948
423	987
423	990
424	110
424	126
424	437
424	898
424	903
424	957
425	287
425	810
425	915
425	961
425	962
425	967
426	643
426	665
426	816
426	843
426	857
426	984
427	127
427	245
427	674
427	898
427	939
427	951
428	391
428	503
428	640
428	917
428	961
428	967
429	409
429	712
429	816
429	857
429	867
429	987
430	79
430	202
430	468
430	747
430	808
430	917
431	565
431	845
431	867
431	879
431	927
431	966
432	112
432	721
432	914
432	946
432	972
432	983
433	343
433	479
433	650
433	675
433	743
433	868
434	43
434	609
434	870
434	892
434	923
434	982
435	584
435	663
435	741
435	888
435	913
435	977
436	336
436	810
436	885
436	926
436	943
436	987
437	424
437	554
437	647
437	730
437	756
437	898
438	358
438	620
438	909
438	942
438	955
438	991
439	383
439	390
439	724
439	910
439	995
439	999
440	292
440	471
440	887
440	939
440	983
440	998
441	865
441	891
441	961
441	962
441	977
441	988
442	196
442	524
442	778
442	853
442	934
442	950
443	539
443	779
443	838
443	913
443	932
443	977
444	354
444	809
444	818
444	953
444	959
444	1000
445	231
445	648
445	671
445	745
445	828
445	955
446	303
446	389
446	479
446	675
446	959
446	992
447	44
447	78
447	396
447	797
447	902
447	957
448	676
448	739
448	818
448	940
448	995
448	1000
449	132
449	311
449	624
449	959
449	980
449	994
450	283
450	687
450	877
450	895
450	980
450	994
451	511
451	664
451	679
451	852
451	927
451	985
452	158
452	159
452	482
452	618
452	949
452	966
453	396
453	710
453	770
453	838
453	913
453	977
454	487
454	764
454	793
454	848
454	865
454	988
455	42
455	400
455	671
455	869
455	909
455	942
456	693
456	766
456	945
456	951
456	960
456	997
457	367
457	393
457	698
457	764
457	794
457	917
458	227
458	287
458	739
458	867
458	966
458	973
459	281
459	525
459	683
459	877
459	941
459	992
460	79
460	565
460	730
460	763
460	843
460	864
461	552
461	851
461	922
461	939
461	987
461	998
462	144
462	545
462	711
462	780
462	968
462	986
463	221
463	558
463	925
463	965
463	986
463	990
464	539
464	732
464	769
464	805
464	932
464	939
465	349
465	355
465	545
465	758
465	846
465	952
466	252
466	302
466	547
466	969
466	991
466	992
467	517
467	639
467	946
467	953
467	995
467	999
468	278
468	430
468	525
468	663
468	969
468	991
469	398
469	408
469	785
469	871
469	884
469	979
470	694
470	830
470	872
470	939
470	947
470	998
471	359
471	440
471	726
471	924
471	975
471	998
472	20
472	538
472	831
472	859
472	923
472	944
473	388
473	655
473	935
473	980
473	990
473	996
474	6
474	43
474	634
474	923
474	931
474	998
475	664
475	840
475	866
475	869
475	939
475	963
476	232
476	751
476	896
476	937
476	951
476	990
477	10
477	602
477	840
477	931
477	963
477	975
478	360
478	686
478	880
478	953
478	995
478	999
479	212
479	433
479	446
479	919
479	944
479	959
480	340
480	418
480	621
480	827
480	902
480	941
481	664
481	899
481	927
481	979
481	980
481	994
482	452
482	565
482	595
482	617
482	869
482	903
483	417
483	627
483	647
483	946
483	966
483	992
484	788
484	797
484	941
484	945
484	983
484	984
485	653
485	747
485	749
485	915
485	917
485	988
486	401
486	785
486	802
486	827
486	987
486	990
487	122
487	454
487	652
487	730
487	890
487	966
488	188
488	628
488	682
488	863
488	906
488	949
489	343
489	841
489	885
489	919
489	989
489	1000
490	733
490	737
490	802
490	958
490	968
490	990
491	393
491	901
491	909
491	928
491	965
491	986
492	709
492	769
492	875
492	913
492	975
492	987
493	327
493	773
493	807
493	808
493	943
493	987
494	626
494	692
494	731
494	827
494	964
494	992
495	284
495	680
495	976
495	979
495	984
495	994
496	552
496	817
496	835
496	952
496	956
496	982
497	193
497	603
497	814
497	892
497	898
497	963
498	675
498	921
498	959
498	962
498	989
498	1000
499	333
499	399
499	511
499	714
499	852
499	927
499	985
500	311
500	404
500	660
500	699
500	976
500	980
500	994
501	18
501	51
501	786
501	830
501	961
501	967
501	988
502	22
502	177
502	259
502	420
502	629
502	814
502	983
503	380
503	428
503	679
503	863
503	971
503	988
503	999
504	29
504	643
504	843
504	845
504	867
504	906
504	968
505	559
505	597
505	799
505	889
505	930
505	954
505	993
506	78
506	514
506	614
506	759
506	946
506	975
506	999
507	270
507	271
507	830
507	873
507	874
507	908
507	988
508	329
508	601
508	623
508	806
508	900
508	970
508	978
509	254
509	638
509	751
509	833
509	921
509	928
509	986
510	126
510	535
510	555
510	594
510	804
510	903
510	936
511	111
511	451
511	499
511	927
511	942
511	956
511	985
512	301
512	734
512	772
512	834
512	857
512	966
512	971
513	27
513	208
513	886
513	891
513	976
513	980
513	983
514	253
514	506
514	529
514	536
514	604
514	693
514	941
515	742
515	771
515	823
515	875
515	904
515	953
515	995
516	517
516	673
516	697
516	716
516	774
516	883
516	920
517	68
517	330
517	467
517	516
517	849
517	953
517	982
518	251
518	541
518	729
518	883
518	919
518	948
518	1000
519	533
519	656
519	924
519	938
519	952
519	956
519	982
520	349
520	373
520	583
520	614
520	784
520	860
520	957
521	273
521	283
521	345
521	680
521	929
521	976
521	994
522	531
522	566
522	781
522	850
522	881
522	945
522	960
523	70
523	775
523	817
523	875
523	927
523	932
523	977
524	442
524	537
524	781
524	813
524	951
524	974
524	993
525	297
525	459
525	468
525	791
525	829
525	964
525	992
526	378
526	801
526	834
526	861
526	878
526	888
526	960
527	324
527	375
527	386
527	656
527	698
527	924
527	938
528	809
528	900
528	919
528	940
528	944
528	959
528	989
529	106
529	399
529	514
529	790
529	904
529	953
529	999
530	260
530	397
530	556
530	672
530	780
530	990
530	996
531	389
531	522
531	615
531	860
531	868
531	901
531	950
532	205
532	303
532	331
532	765
532	836
532	961
532	994
533	218
533	519
533	662
533	869
533	931
533	972
533	975
534	138
534	825
534	827
534	935
534	964
534	965
534	968
535	510
535	540
535	692
535	820
535	829
535	933
535	940
536	177
536	271
536	514
536	578
536	604
536	885
536	946
537	122
537	524
537	572
537	803
537	837
537	879
537	973
538	472
538	728
538	762
538	800
538	872
538	905
538	929
539	48
539	386
539	443
539	464
539	847
539	850
539	938
540	535
540	689
540	755
540	791
540	877
540	932
540	969
541	518
541	759
541	814
541	849
541	919
541	944
541	989
542	645
542	723
542	884
542	966
542	976
542	980
542	994
543	149
543	260
543	645
543	668
543	708
543	891
543	994
544	25
544	146
544	573
544	611
544	804
544	924
544	956
545	462
545	465
545	853
545	965
545	968
545	990
545	996
546	580
546	735
546	930
546	954
546	974
546	983
546	993
547	290
547	305
547	466
547	598
547	661
547	829
547	926
548	728
548	851
548	878
548	895
548	923
548	947
548	975
549	37
549	399
549	760
549	844
549	862
549	927
549	985
550	331
550	649
550	717
550	831
550	921
550	986
550	996
551	30
551	398
551	557
551	561
551	624
551	642
551	657
552	31
552	461
552	496
552	588
552	695
552	846
552	870
553	303
553	323
553	562
553	585
553	971
553	988
553	993
554	198
554	437
554	628
554	826
554	864
554	966
554	992
555	83
555	127
555	510
555	591
555	595
555	712
555	906
556	530
556	654
556	831
556	935
556	965
556	986
556	990
557	551
557	687
557	764
557	884
557	886
557	961
557	976
558	463
558	574
558	811
558	821
558	918
558	925
558	968
559	505
559	610
559	833
559	893
559	900
559	970
559	978
560	568
560	603
560	754
560	889
560	975
560	993
560	998
561	377
561	551
561	815
561	833
561	900
561	970
561	978
562	47
562	553
562	568
562	838
562	863
562	865
562	874
563	101
563	308
563	345
563	579
563	780
563	965
563	968
564	571
564	668
564	699
564	818
564	886
564	899
564	976
565	250
565	431
565	460
565	482
565	617
565	627
565	791
566	250
566	410
566	522
566	763
566	936
566	949
566	997
567	92
567	714
567	826
567	852
567	927
567	985
567	997
568	560
568	562
568	743
568	748
568	870
568	887
568	972
569	302
569	591
569	601
569	646
569	866
569	912
569	946
570	76
570	314
570	851
570	944
570	959
570	989
570	1000
571	75
571	564
571	672
571	778
571	920
571	993
571	997
572	537
572	631
572	690
572	712
572	758
572	872
572	966
573	248
573	544
573	804
573	873
573	938
573	952
573	976
574	46
574	558
574	852
574	862
574	907
574	927
574	985
575	602
575	643
575	771
575	859
575	880
575	916
575	972
576	173
576	314
576	622
576	745
576	906
576	942
576	955
577	614
577	721
577	767
577	822
577	823
577	904
577	999
578	329
578	536
578	619
578	788
578	902
578	942
578	957
579	140
579	563
579	592
579	609
579	884
579	979
579	994
580	546
580	813
580	859
580	892
580	916
580	972
580	998
581	403
581	646
581	898
581	918
581	926
581	948
581	987
582	185
582	262
582	822
582	890
582	910
582	995
582	999
583	10
583	520
583	614
583	876
583	912
583	914
583	965
583	981
584	223
584	375
584	435
584	650
584	775
584	779
584	838
584	932
585	256
585	400
585	553
585	667
585	853
585	896
585	937
585	958
586	84
586	197
586	228
586	416
586	599
586	911
586	947
586	967
587	1
587	7
587	652
587	804
587	873
587	924
587	938
587	956
588	552
588	811
588	880
588	916
588	923
588	963
588	967
588	998
589	186
589	201
589	641
589	704
589	752
589	855
589	904
589	995
590	750
590	797
590	828
590	882
590	909
590	942
590	955
590	991
591	213
591	325
591	396
591	555
591	569
591	637
591	948
591	981
592	165
592	236
592	284
592	579
592	886
592	970
592	976
592	980
593	749
593	764
593	794
593	863
593	887
593	912
593	961
593	962
594	257
594	510
594	609
594	638
594	837
594	857
594	976
594	996
595	128
595	417
595	482
595	555
595	643
595	915
595	936
595	965
596	325
596	631
596	665
596	682
596	763
596	826
596	872
596	905
597	177
597	235
597	378
597	505
597	715
597	819
597	954
597	958
598	205
598	402
598	547
598	607
598	778
598	819
598	922
598	997
599	120
599	270
599	286
599	380
599	586
599	908
599	962
599	967
600	290
600	402
600	683
600	842
600	877
600	942
600	964
600	992
601	364
601	508
601	569
601	619
601	889
601	890
601	914
601	957
602	183
602	477
602	575
602	653
602	736
602	814
602	963
602	971
603	89
603	142
603	497
603	560
603	695
603	835
603	916
603	931
604	213
604	418
604	514
604	536
604	708
604	890
604	983
604	996
605	255
605	407
605	411
605	830
605	945
605	950
605	951
605	960
606	757
606	759
606	860
606	876
606	889
606	890
606	979
606	981
607	23
607	339
607	598
607	725
607	827
607	937
607	958
607	968
608	38
608	248
608	758
608	846
608	849
608	936
608	956
608	982
609	434
609	579
609	594
609	617
609	920
609	949
609	971
609	973
610	15
610	559
610	839
610	842
610	893
610	965
610	970
610	978
611	544
611	680
611	708
611	781
611	891
611	899
611	976
611	979
612	43
612	124
612	220
612	332
612	660
612	828
612	889
612	912
613	630
613	705
613	897
613	921
613	935
613	965
613	978
613	996
614	506
614	520
614	577
614	583
614	797
614	846
614	912
614	946
615	531
615	907
615	916
615	950
615	960
615	984
615	990
615	997
616	802
616	896
616	913
616	928
616	965
616	968
616	977
616	990
617	103
617	376
617	482
617	565
617	609
617	638
617	669
617	727
618	58
618	199
618	372
618	452
618	679
618	862
618	927
618	985
619	80
619	328
619	578
619	601
619	684
619	941
619	983
619	988
620	15
620	268
620	438
620	839
620	892
620	970
620	973
620	978
621	53
621	118
621	382
621	480
621	629
621	912
621	944
621	957
622	576
622	717
622	726
622	859
622	870
622	963
622	975
622	998
623	418
623	508
623	639
623	696
623	871
623	940
623	989
623	1000
624	72
624	117
624	449
624	551
624	976
624	985
624	993
624	994
625	663
625	706
625	820
625	829
625	834
625	842
625	907
625	991
626	305
626	494
626	641
626	711
626	727
626	788
626	969
626	998
627	483
627	565
627	647
627	766
627	811
627	898
627	966
627	973
628	161
628	343
628	364
628	488
628	554
628	717
628	864
628	973
629	12
629	356
629	421
629	502
629	621
629	886
629	946
629	957
630	5
630	613
630	644
630	815
630	830
630	962
630	971
630	988
631	162
631	392
631	572
631	596
631	857
631	949
631	973
631	990
632	310
632	781
632	890
632	907
632	930
632	974
632	984
632	997
633	703
633	705
633	811
633	892
633	921
633	928
633	949
633	986
633	996
634	181
634	196
634	474
634	688
634	702
634	798
634	944
634	989
634	1000
635	282
635	658
635	673
635	724
635	762
635	889
635	910
635	950
635	995
636	721
636	854
636	858
636	918
636	926
636	943
636	948
636	984
636	987
637	17
637	221
637	591
637	824
637	911
637	914
637	957
637	960
637	981
638	378
638	509
638	594
638	617
638	816
638	837
638	879
638	949
638	973
639	293
639	412
639	467
639	623
639	650
639	739
639	959
639	980
639	1000
640	101
640	428
640	825
640	856
640	878
640	907
640	930
640	951
640	960
641	589
641	626
641	689
641	731
641	786
641	842
641	877
641	966
641	991
642	398
642	551
642	753
642	765
642	785
642	806
642	976
642	979
642	994
643	426
643	504
643	575
643	595
643	837
643	879
643	936
643	969
643	973
644	630
644	765
644	830
644	874
644	884
644	917
644	945
644	957
644	961
645	542
645	543
645	884
645	943
645	954
645	976
645	979
645	980
645	994
646	222
646	315
646	418
646	569
646	581
646	797
646	890
646	912
646	946
647	437
647	483
647	627
647	734
647	763
647	816
647	957
647	960
647	966
648	400
648	445
648	671
648	718
648	820
648	882
648	909
648	942
648	955
649	397
649	550
649	795
649	910
649	928
649	958
649	993
649	995
649	996
650	433
650	584
650	639
650	796
650	841
650	907
650	919
650	989
650	1000
651	32
651	56
651	120
651	673
651	790
651	823
651	972
651	995
651	999
652	83
652	487
652	587
652	682
652	695
652	730
652	816
652	855
652	872
653	81
653	381
653	485
653	602
653	755
653	829
653	877
653	933
653	992
654	556
654	664
654	685
654	695
654	793
654	962
654	972
654	975
654	998
655	208
655	299
655	365
655	473
655	777
655	925
655	937
655	958
655	990
656	133
656	313
656	519
656	527
656	772
656	791
656	857
656	920
656	973
657	58
657	353
657	551
657	810
657	863
657	917
657	961
657	963
657	967
658	120
658	344
658	635
658	855
658	910
658	954
658	991
658	995
658	999
659	67
659	107
659	193
659	669
659	910
659	953
659	955
659	993
659	995
660	500
660	612
660	876
660	889
660	890
660	946
660	981
660	983
660	989
661	66
661	147
661	288
661	419
661	547
661	755
661	829
661	924
661	933
662	342
662	347
662	533
662	702
662	798
662	835
662	849
662	894
662	1000
663	32
663	87
663	435
663	468
663	625
663	727
663	933
663	965
663	991
664	451
664	475
664	481
664	654
664	793
664	814
664	939
664	963
664	972
665	128
665	420
665	426
665	596
665	724
665	772
665	864
665	879
665	930
666	678
666	811
666	853
666	928
666	938
666	961
666	968
666	988
666	996
667	73
667	397
667	585
667	713
667	783
667	802
667	853
667	986
667	990
668	543
668	564
668	708
668	845
668	891
668	918
668	944
668	976
668	980
669	193
669	617
669	659
669	855
669	904
669	906
669	964
669	995
669	999
670	243
670	737
670	739
670	796
670	849
670	851
670	894
670	928
670	989
671	63
671	300
671	445
671	455
671	648
671	745
671	898
671	942
671	955
672	119
672	394
672	530
672	571
672	860
672	930
672	947
672	984
672	993
673	516
673	635
673	651
673	752
673	793
673	910
673	939
673	995
673	999
674	40
674	222
674	409
674	427
674	740
674	879
674	961
674	972
674	973
675	433
675	446
675	498
675	798
675	818
675	871
675	886
675	939
675	959
676	296
676	342
676	448
676	718
676	728
676	803
676	867
676	905
676	929
677	45
677	283
677	712
677	783
677	786
677	789
677	933
677	967
677	971
678	80
678	415
678	666
678	697
678	827
678	921
678	925
678	958
678	986
679	372
679	451
679	503
679	618
679	807
679	852
679	862
679	927
679	985
680	413
680	495
680	521
680	611
680	777
680	884
680	958
680	979
680	980
681	353
681	360
681	810
681	848
681	911
681	917
681	961
681	962
681	1000
682	321
682	488
682	596
682	652
682	787
682	816
682	826
682	920
682	970
683	40
683	459
683	600
683	706
683	755
683	829
683	933
683	991
683	999
684	19
684	189
684	310
684	619
684	775
684	799
684	875
684	888
684	977
685	319
685	654
685	715
685	782
685	793
685	870
685	939
685	963
685	975
686	478
686	719
686	761
686	867
686	881
686	951
686	954
686	984
686	993
687	450
687	557
687	748
687	753
687	795
687	962
687	976
687	979
687	994
688	292
688	634
688	733
688	794
688	796
688	883
688	940
688	953
688	989
689	288
689	540
689	641
689	744
689	943
689	964
689	969
689	992
689	994
690	48
690	172
690	173
690	376
690	572
690	698
690	826
690	843
690	898
690	966
691	206
691	366
691	698
691	700
691	758
691	873
691	924
691	938
691	941
691	982
692	307
692	494
692	535
692	701
692	731
692	815
692	877
692	938
692	964
692	991
693	137
693	334
693	456
693	514
693	784
693	824
693	876
693	912
693	944
693	983
694	28
694	292
694	470
694	755
694	814
694	905
694	939
694	975
694	990
694	998
695	552
695	603
695	652
695	654
695	796
695	866
695	916
695	947
695	970
695	998
696	273
696	347
696	623
696	726
696	792
696	940
696	947
696	959
696	989
696	1000
697	164
697	247
697	330
697	516
697	678
697	774
697	822
697	855
697	884
697	999
698	457
698	527
698	690
698	691
698	924
698	938
698	952
698	956
698	982
698	997
699	500
699	564
699	753
699	785
699	891
699	899
699	917
699	966
699	979
699	994
700	256
700	366
700	691
700	705
700	707
700	795
700	925
700	937
700	958
700	968
701	11
701	136
701	228
701	692
701	758
701	808
701	924
701	952
701	956
701	982
702	154
702	634
702	662
702	729
702	733
702	739
702	854
702	871
702	896
702	1000
703	90
703	206
703	633
703	821
703	897
703	901
703	937
703	989
703	990
703	994
704	50
704	305
704	589
704	724
704	855
704	904
704	910
704	937
704	995
704	999
705	124
705	264
705	370
705	613
705	633
705	700
705	896
705	965
705	986
705	990
706	60
706	308
706	404
706	625
706	683
706	742
706	926
706	964
706	969
706	992
707	700
707	720
707	806
707	815
707	861
707	893
707	900
707	970
707	978
707	981
708	543
708	604
708	611
708	668
708	879
708	886
708	899
708	979
708	986
708	994
709	108
709	146
709	354
709	492
709	710
709	805
709	838
709	921
709	928
709	932
710	108
710	274
710	313
710	453
710	709
710	741
710	770
710	863
710	888
710	999
711	327
711	419
711	462
711	626
711	868
711	902
711	964
711	969
711	991
711	992
712	410
712	429
712	555
712	572
712	677
712	782
712	857
712	898
712	958
712	966
713	343
713	667
713	849
713	854
713	876
713	883
713	919
713	965
713	989
713	1000
714	202
714	346
714	499
714	567
714	722
714	927
714	961
714	964
714	985
714	991
715	141
715	597
715	685
715	740
715	761
715	881
715	903
715	907
715	945
715	961
716	240
716	282
716	339
716	516
716	742
716	747
716	823
716	950
716	995
716	999
717	320
717	550
717	622
717	628
717	901
717	921
717	923
717	925
717	937
717	986
718	242
718	392
718	648
718	676
718	760
718	762
718	803
718	893
718	905
718	929
719	275
719	686
719	756
719	799
719	813
719	829
719	834
719	934
719	945
719	951
720	29
720	230
720	262
720	279
720	707
720	806
720	869
720	893
720	900
720	970
721	84
721	432
721	577
721	636
721	807
721	885
721	918
721	943
721	948
721	987
722	74
722	270
722	293
722	346
722	714
722	850
722	852
722	862
722	927
722	985
723	184
723	270
723	387
723	542
723	812
723	830
723	844
723	847
723	967
723	971
724	439
724	635
724	665
724	704
724	822
724	850
724	953
724	962
724	995
724	999
725	144
725	279
725	299
725	345
725	372
725	388
725	607
725	901
725	968
725	996
726	43
726	147
726	350
726	471
726	622
726	696
726	832
726	839
726	895
726	998
727	32
727	204
727	422
727	617
727	626
727	663
727	791
727	968
727	969
727	992
728	151
728	242
728	367
728	538
728	548
728	676
728	760
728	905
728	929
728	933
729	518
729	702
729	756
729	789
729	827
729	871
729	894
729	940
729	959
729	988
730	437
730	460
730	487
730	652
730	816
730	845
730	959
730	966
730	983
730	997
731	494
731	641
731	692
731	882
731	907
731	926
731	933
731	969
731	991
731	992
732	216
732	344
732	396
732	464
732	775
732	838
732	841
732	913
732	956
732	977
733	389
733	490
733	688
733	702
733	809
733	854
733	856
733	919
733	944
733	1000
734	127
734	512
734	647
734	763
734	800
734	826
734	843
734	872
734	908
734	948
735	14
735	400
735	546
735	740
735	860
735	907
735	934
735	954
735	960
735	990
735	997
736	403
736	602
736	870
736	880
736	895
736	916
736	927
736	949
736	972
736	975
736	998
737	181
737	490
737	670
737	841
737	883
737	940
737	944
737	968
737	983
737	989
737	1000
738	256
738	260
738	744
738	751
738	780
738	827
738	928
738	939
738	958
738	965
738	990
739	55
739	448
739	458
739	639
739	670
739	702
739	792
739	796
739	836
739	998
739	1000
740	52
740	674
740	715
740	735
740	776
740	781
740	801
740	911
740	945
740	950
740	995
741	344
741	362
741	435
741	710
741	770
741	805
741	838
741	856
741	913
741	954
741	977
742	174
742	339
742	515
742	706
742	716
742	801
742	855
742	904
742	953
742	995
742	999
743	129
743	214
743	433
743	568
743	768
743	784
743	880
743	916
743	939
743	947
743	963
744	234
744	265
744	689
744	738
744	791
744	853
744	933
744	964
744	969
744	991
744	992
745	4
745	445
745	576
745	671
745	750
745	828
745	882
745	921
745	937
745	942
745	955
746	284
746	785
746	849
746	884
746	891
746	893
746	922
746	976
746	979
746	980
746	994
747	103
747	230
747	391
747	430
747	485
747	716
747	823
747	844
747	911
747	967
747	988
748	131
748	273
748	568
748	687
748	884
748	899
748	972
748	976
748	979
748	980
748	994
749	485
749	593
749	789
749	816
749	844
749	848
749	863
749	917
749	961
749	991
749	996
750	14
750	42
750	314
750	590
750	745
750	788
750	847
750	882
750	942
750	955
750	996
751	395
751	476
751	509
751	738
751	780
751	827
751	899
751	928
751	950
751	990
751	992
752	589
752	673
752	774
752	781
752	790
752	823
752	904
752	910
752	953
752	986
752	995
753	59
753	642
753	687
753	699
753	777
753	852
753	891
753	976
753	979
753	980
753	988
754	83
754	157
754	214
754	326
754	560
754	876
754	928
754	931
754	947
754	975
754	998
755	134
755	234
755	413
755	416
755	540
755	653
755	661
755	683
755	694
755	964
755	992
756	39
756	389
756	437
756	719
756	729
756	779
756	835
756	841
756	849
756	919
756	959
757	269
757	356
757	606
757	871
757	890
757	902
757	912
757	914
757	981
757	983
757	989
758	465
758	572
758	608
758	691
758	701
758	767
758	938
758	952
758	956
758	981
758	982
759	247
759	297
759	337
759	382
759	506
759	541
759	606
759	890
759	946
759	957
759	970
759	983
760	316
760	334
760	392
760	549
760	718
760	728
760	787
760	800
760	819
760	905
760	929
760	981
761	115
761	373
761	686
761	715
761	813
761	834
761	856
761	868
761	929
761	974
761	993
761	997
762	195
762	266
762	342
762	538
762	635
762	718
762	787
762	800
762	803
762	905
762	929
762	976
763	284
763	409
763	460
763	566
763	596
763	647
763	734
763	857
763	903
763	906
763	921
763	958
764	219
764	241
764	272
764	416
764	454
764	457
764	557
764	593
764	874
764	908
764	967
764	989
765	159
765	331
765	532
765	642
765	644
765	783
765	814
765	836
765	874
765	971
765	988
765	995
766	160
766	411
766	456
766	627
766	801
766	803
766	834
766	888
766	949
766	960
766	974
766	993
767	68
767	71
767	77
767	577
767	758
767	790
767	864
767	910
767	953
767	984
767	995
767	999
768	244
768	743
768	793
768	851
768	869
768	870
768	923
768	957
768	972
768	975
768	986
768	998
769	36
769	203
769	264
769	274
769	464
769	492
769	775
769	875
769	935
769	977
769	978
769	991
770	102
770	150
770	362
770	453
770	710
770	741
770	805
770	872
770	913
770	932
770	949
770	960
771	24
771	69
771	371
771	515
771	575
771	824
771	889
771	912
771	957
771	981
771	983
771	987
772	77
772	172
772	376
772	417
772	512
772	656
772	665
772	816
772	898
772	991
772	993
772	1000
773	57
773	266
773	321
773	395
773	493
773	782
773	858
773	885
773	926
773	943
773	948
773	987
774	67
774	115
774	255
774	516
774	697
774	752
774	855
774	913
774	929
774	953
774	994
774	999
775	223
775	523
775	584
775	684
775	732
775	769
775	888
775	896
775	925
775	932
775	963
775	977
776	68
776	205
776	275
776	740
776	825
776	855
776	907
776	913
776	960
776	966
776	974
776	997
777	261
777	285
777	655
777	680
777	753
777	886
777	899
777	922
777	976
777	979
777	980
777	994
778	141
778	401
778	442
778	571
778	598
778	791
778	802
778	834
778	840
778	878
778	922
778	993
779	3
779	7
779	36
779	131
779	443
779	584
779	756
779	784
779	875
779	888
779	932
779	977
780	304
780	462
780	530
780	563
780	738
780	751
780	795
780	880
780	896
780	897
780	927
780	928
781	168
781	335
781	522
781	524
781	611
781	632
781	740
781	752
781	950
781	954
781	984
781	997
782	57
782	685
782	712
782	773
782	807
782	858
782	889
782	918
782	926
782	943
782	987
782	996
783	413
783	667
783	677
783	765
783	808
783	865
783	894
783	911
783	922
783	962
783	988
783	1000
784	91
784	328
784	382
784	520
784	693
784	743
784	779
784	824
784	890
784	912
784	946
784	984
785	64
785	238
785	285
785	367
785	469
785	486
785	642
785	699
785	746
785	976
785	979
785	994
786	393
786	501
786	641
786	677
786	830
786	847
786	908
786	961
786	962
786	971
786	979
786	988
787	182
787	234
787	266
787	682
787	760
787	762
787	800
787	803
787	861
787	885
787	905
787	929
788	137
788	229
788	484
788	578
788	626
788	750
788	876
788	889
788	890
788	941
788	946
788	970
788	972
789	270
789	416
789	677
789	729
789	749
789	808
789	836
789	863
789	874
789	962
789	985
789	988
789	998
790	193
790	237
790	529
790	651
790	752
790	767
790	822
790	843
790	855
790	953
790	977
790	985
790	995
791	2
791	422
791	525
791	540
791	565
791	656
791	727
791	744
791	778
791	820
791	933
791	991
791	992
792	33
792	153
792	167
792	696
792	739
792	818
792	849
792	854
792	883
792	944
792	959
792	972
792	1000
793	454
793	654
793	664
793	673
793	685
793	768
793	851
793	869
793	895
793	916
793	938
793	963
793	975
794	58
794	100
794	219
794	457
794	593
794	688
794	808
794	836
794	891
794	917
794	920
794	962
794	971
795	60
795	391
795	397
795	415
795	649
795	687
795	700
795	780
795	802
795	821
795	881
795	986
795	996
796	25
796	114
796	650
796	670
796	688
796	695
796	739
796	894
796	918
796	919
796	959
796	989
796	1000
797	447
797	484
797	590
797	614
797	646
797	819
797	890
797	902
797	941
797	957
797	981
797	983
797	999
798	13
798	145
798	634
798	662
798	675
798	809
798	818
798	866
798	894
798	940
798	944
798	952
798	959
799	39
799	82
799	505
799	684
799	719
799	840
799	916
799	919
799	930
799	950
799	954
799	984
799	997
800	266
800	285
800	296
800	538
800	734
800	760
800	762
800	787
800	803
800	820
800	905
800	929
800	996
801	148
801	166
801	526
801	740
801	742
801	766
801	868
801	942
801	950
801	960
801	974
801	993
801	997
802	21
802	411
802	486
802	490
802	616
802	667
802	778
802	795
802	832
802	896
802	925
802	958
802	986
803	55
803	151
803	182
803	537
803	676
803	718
803	762
803	766
803	787
803	800
803	904
803	905
803	929
804	109
804	256
804	383
804	510
804	544
804	573
804	587
804	817
804	846
804	847
804	849
804	850
804	952
805	102
805	170
805	203
805	401
805	464
805	709
805	741
805	770
805	847
805	913
805	929
805	932
805	977
806	274
806	322
806	508
806	642
806	707
806	720
806	815
806	833
806	861
806	884
806	970
806	976
806	978
807	156
807	299
807	493
807	679
807	721
807	782
807	885
807	918
807	926
807	943
807	948
807	978
807	987
808	143
808	231
808	391
808	430
808	493
808	701
808	783
808	789
808	794
808	836
808	908
808	911
808	938
808	962
809	8
809	41
809	114
809	444
809	528
809	733
809	798
809	870
809	871
809	894
809	944
809	959
809	968
809	989
810	249
810	331
810	425
810	436
810	657
810	681
810	811
810	836
810	865
810	908
810	911
810	917
810	931
810	971
811	401
811	558
811	588
811	627
811	633
811	666
811	810
811	901
811	921
811	949
811	968
811	986
811	990
811	996
812	62
812	317
812	337
812	406
812	723
812	830
812	834
812	860
812	865
812	911
812	915
812	964
812	971
812	988
813	166
813	203
813	524
813	580
813	719
813	761
813	819
813	922
813	945
813	950
813	969
813	974
813	993
813	997
814	497
814	502
814	541
814	602
814	664
814	694
814	765
814	869
814	892
814	931
814	947
814	972
814	988
814	998
815	28
815	51
815	276
815	561
815	630
815	692
815	707
815	806
815	833
815	861
815	893
815	970
815	978
815	984
816	426
816	429
816	638
816	647
816	652
816	682
816	730
816	749
816	772
816	867
816	879
816	912
816	933
816	989
817	48
817	225
817	496
817	523
817	804
817	828
817	839
817	846
817	850
817	938
817	952
817	956
817	967
817	982
818	179
818	384
818	444
818	448
818	564
818	675
818	792
818	798
818	854
818	889
818	919
818	940
818	959
818	960
819	597
819	598
819	760
819	797
819	813
819	840
819	894
819	934
819	950
819	951
819	954
819	974
819	993
819	999
820	306
820	327
820	535
820	625
820	648
820	791
820	800
820	842
820	846
820	877
820	933
820	969
820	991
820	992
821	133
821	237
821	299
821	419
821	558
821	703
821	795
821	844
821	896
821	897
821	958
821	965
821	985
821	996
822	108
822	164
822	176
822	255
822	350
822	577
822	582
822	697
822	724
822	790
822	875
822	983
822	995
822	999
823	120
823	176
823	184
823	332
823	369
823	515
823	577
823	651
823	716
823	747
823	752
823	842
823	995
823	999
824	38
824	72
824	219
824	340
824	341
824	372
824	637
824	693
824	771
824	784
824	946
824	981
824	983
824	984
825	319
825	534
825	640
825	776
825	858
825	922
825	930
825	934
825	954
825	961
825	974
825	984
825	985
825	993
826	178
826	235
826	554
826	567
826	596
826	682
826	690
826	734
826	845
826	867
826	903
826	949
826	973
826	982
827	34
827	260
827	480
827	486
827	494
827	534
827	607
827	678
827	729
827	738
827	751
827	894
827	937
827	965
828	2
828	14
828	187
828	280
828	294
828	445
828	590
828	612
828	745
828	817
828	882
828	909
828	942
828	955
828	966
829	60
829	226
829	258
829	525
829	535
829	547
829	625
829	653
829	661
829	683
829	719
829	933
829	969
829	990
829	992
830	143
830	230
830	391
830	470
830	501
830	507
830	605
830	630
830	644
830	723
830	786
830	812
830	959
830	967
830	982
831	28
831	472
831	550
831	556
831	851
831	859
831	869
831	887
831	923
831	939
831	947
831	954
831	960
831	963
831	998
832	94
832	246
832	363
832	370
832	401
832	726
832	802
832	848
832	881
832	897
832	937
832	965
832	968
832	986
832	996
833	179
833	329
833	509
833	559
833	561
833	806
833	815
833	839
833	850
833	893
833	900
833	964
833	970
833	978
833	985
834	512
834	526
834	625
834	719
834	761
834	766
834	778
834	812
834	934
834	950
834	965
834	974
834	984
834	993
834	997
835	12
835	175
835	178
835	496
835	603
835	662
835	756
835	841
835	883
835	919
835	940
835	944
835	955
835	989
835	1000
836	395
836	532
836	739
836	765
836	789
836	794
836	808
836	810
836	848
836	908
836	911
836	929
836	961
836	967
836	971
837	82
837	164
837	182
837	222
837	361
837	537
837	594
837	638
837	643
837	845
837	867
837	901
837	906
837	936
837	949
838	27
838	93
838	239
838	267
838	443
838	453
838	562
838	584
838	709
838	732
838	741
838	839
838	888
838	913
838	975
839	21
839	51
839	268
839	281
839	610
839	620
839	726
839	817
839	833
839	838
839	861
839	900
839	915
839	970
839	978
840	52
840	475
840	477
840	778
840	799
840	819
840	907
840	914
840	934
840	945
840	950
840	951
840	960
840	979
840	993
841	347
841	489
841	650
841	732
841	737
841	756
841	835
841	858
841	894
841	940
841	944
841	961
841	989
841	996
841	1000
842	87
842	190
842	239
842	600
842	610
842	625
842	641
842	820
842	823
842	877
842	955
842	964
842	969
842	991
842	992
843	123
843	144
843	162
843	426
843	460
843	504
843	690
843	734
843	790
843	864
843	872
843	906
843	936
843	949
843	993
844	231
844	317
844	549
844	723
844	747
844	749
844	821
844	848
844	908
844	960
844	961
844	962
844	971
844	988
844	1000
845	172
845	250
845	298
845	338
845	431
845	504
845	668
845	730
845	826
845	837
845	868
845	920
845	966
845	986
845	993
846	154
846	207
846	465
846	552
846	608
846	614
846	804
846	817
846	820
846	847
846	873
846	881
846	924
846	938
846	982
847	25
847	366
847	379
847	539
847	723
847	750
847	786
847	804
847	805
847	846
847	850
847	873
847	924
847	952
847	956
848	391
848	406
848	454
848	681
848	749
848	832
848	836
848	844
848	881
848	911
848	953
848	957
848	962
848	967
848	988
849	389
849	412
849	517
849	541
849	608
849	662
849	670
849	713
849	746
849	756
849	792
849	804
849	894
849	919
849	959
849	1000
850	86
850	228
850	355
850	375
850	522
850	539
850	722
850	724
850	804
850	817
850	833
850	847
850	888
850	938
850	956
850	982
851	31
851	361
851	461
851	548
851	570
851	670
851	768
851	793
851	831
851	866
851	895
851	916
851	939
851	963
851	972
851	988
852	37
852	111
852	112
852	238
852	348
852	399
852	451
852	499
852	567
852	574
852	679
852	722
852	753
852	877
852	985
852	995
853	64
853	153
853	351
853	442
853	545
853	585
853	666
853	667
853	744
853	896
853	928
853	935
853	937
853	950
853	958
853	996
854	41
854	377
854	636
854	702
854	713
854	733
854	792
854	818
854	871
854	894
854	930
854	939
854	940
854	944
854	985
854	989
855	36
855	113
855	589
855	652
855	658
855	669
855	697
855	704
855	742
855	774
855	776
855	790
855	910
855	940
855	953
855	995
856	16
856	640
856	733
856	741
856	761
856	922
856	930
856	934
856	945
856	950
856	954
856	960
856	974
856	980
856	984
856	997
857	145
857	426
857	429
857	512
857	594
857	631
857	656
857	712
857	763
857	864
857	874
857	895
857	936
857	949
857	973
857	992
858	4
858	150
858	423
858	636
858	773
858	782
858	825
858	841
858	885
858	918
858	926
858	943
858	948
858	976
858	987
858	991
859	34
859	35
859	277
859	307
859	472
859	575
859	580
859	622
859	831
859	870
859	887
859	895
859	923
859	931
859	939
859	991
860	312
860	520
860	531
860	606
860	672
860	735
860	812
860	878
860	922
860	934
860	945
860	950
860	951
860	960
860	981
860	993
861	194
861	207
861	210
861	262
861	381
861	526
861	707
861	787
861	806
861	815
861	839
861	893
861	900
861	970
861	978
861	989
862	92
862	167
862	174
862	190
862	340
862	346
862	549
862	574
862	618
862	679
862	722
862	892
862	927
862	962
862	969
862	985
863	123
863	253
863	275
863	387
863	488
863	503
863	562
863	593
863	657
863	710
863	749
863	789
863	908
863	915
863	980
863	988
864	318
864	373
864	460
864	554
864	628
864	665
864	767
864	843
864	857
864	872
864	903
864	936
864	945
864	964
864	983
864	994
865	31
865	122
865	312
865	441
865	454
865	562
865	783
865	810
865	812
865	908
865	910
865	911
865	917
865	962
865	971
865	988
866	240
866	267
866	359
866	475
866	569
866	695
866	798
866	851
866	871
866	892
866	916
866	934
866	939
866	963
866	972
866	975
866	998
867	216
867	318
867	429
867	431
867	458
867	504
867	676
867	686
867	816
867	826
867	837
867	879
867	903
867	920
867	944
867	963
867	973
868	226
868	433
868	531
868	711
868	761
868	801
868	845
868	881
868	907
868	922
868	932
868	945
868	950
868	960
868	974
868	975
868	984
869	148
869	277
869	406
869	455
869	475
869	482
869	533
869	720
869	768
869	793
869	814
869	831
869	887
869	925
869	947
869	963
869	972
870	278
870	350
870	434
870	552
870	568
870	622
870	685
870	736
870	768
870	809
870	859
870	895
870	940
870	951
870	962
870	963
870	975
871	76
871	343
871	469
871	623
871	675
871	702
871	729
871	757
871	809
871	854
871	866
871	883
871	894
871	940
871	959
871	994
871	1000
872	158
872	338
872	376
872	420
872	470
872	538
872	572
872	596
872	652
872	734
872	770
872	843
872	864
872	898
872	906
872	973
872	999
873	69
873	355
873	375
873	507
873	573
873	587
873	691
873	846
873	847
873	911
873	924
873	938
873	952
873	956
873	969
873	978
873	982
874	103
874	169
874	323
874	507
874	562
874	644
874	764
874	765
874	789
874	857
874	908
874	918
874	955
874	962
874	963
874	967
874	988
875	27
875	74
875	108
875	203
875	223
875	264
875	362
875	385
875	492
875	515
875	523
875	684
875	769
875	779
875	822
875	888
875	932
875	977
876	37
876	98
876	170
876	236
876	349
876	583
876	606
876	660
876	693
876	713
876	754
876	788
876	889
876	890
876	914
876	941
876	957
876	983
877	142
877	191
877	201
877	290
877	328
877	450
877	459
877	540
877	600
877	641
877	653
877	692
877	820
877	842
877	852
877	882
877	964
877	991
878	52
878	96
878	224
878	312
878	319
878	326
878	394
878	526
878	548
878	640
878	778
878	860
878	907
878	909
878	945
878	954
878	984
878	997
879	3
879	287
879	431
879	537
879	638
879	643
879	665
879	674
879	708
879	816
879	867
879	898
879	920
879	933
879	936
879	966
879	981
879	987
880	6
880	310
880	394
880	478
880	575
880	588
880	736
880	743
880	780
880	892
880	916
880	923
880	939
880	947
880	963
880	969
880	972
880	975
881	119
881	352
881	522
881	686
881	715
881	795
881	832
881	846
881	848
881	868
881	930
881	942
881	945
881	951
881	954
881	974
881	993
881	997
882	7
882	14
882	63
882	195
882	200
882	309
882	358
882	405
882	590
882	648
882	731
882	745
882	750
882	828
882	877
882	942
882	955
882	978
883	76
883	190
883	289
883	384
883	516
883	518
883	688
883	713
883	737
883	792
883	835
883	871
883	898
883	900
883	919
883	940
883	959
883	1000
884	20
884	172
884	311
884	469
884	542
884	557
884	579
884	644
884	645
884	680
884	697
884	746
884	748
884	806
884	891
884	976
884	980
884	994
885	99
885	263
885	294
885	336
885	403
885	436
885	489
885	536
885	721
885	773
885	787
885	807
885	858
885	918
885	943
885	948
885	978
885	987
886	30
886	64
886	67
886	197
886	513
886	557
886	564
886	592
886	629
886	675
886	708
886	777
886	899
886	964
886	976
886	979
886	980
886	994
887	130
887	357
887	398
887	440
887	568
887	593
887	831
887	859
887	869
887	892
887	906
887	916
887	939
887	952
887	963
887	972
887	974
887	998
888	36
888	70
888	119
888	189
888	435
888	526
888	684
888	710
888	766
888	775
888	779
888	838
888	850
888	875
888	913
888	932
888	977
888	978
889	17
889	22
889	215
889	505
889	560
889	601
889	606
889	612
889	635
889	660
889	771
889	782
889	788
889	818
889	876
889	902
889	941
889	981
889	983
890	341
890	371
890	393
890	487
890	582
890	601
890	604
890	606
890	632
890	646
890	660
890	757
890	759
890	784
890	788
890	797
890	876
890	961
890	981
891	76
891	97
891	107
891	441
891	513
891	543
891	611
891	668
891	699
891	746
891	753
891	794
891	884
891	909
891	956
891	976
891	979
891	980
891	994
892	81
892	129
892	282
892	390
892	434
892	497
892	580
892	620
892	633
892	814
892	862
892	866
892	880
892	887
892	931
892	947
892	963
892	972
892	998
893	19
893	51
893	262
893	295
893	381
893	559
893	610
893	707
893	718
893	720
893	746
893	815
893	833
893	861
893	900
893	905
893	970
893	978
893	982
894	9
894	185
894	194
894	377
894	662
894	670
894	729
894	783
894	796
894	798
894	809
894	819
894	827
894	841
894	849
894	854
894	871
894	919
894	989
895	189
895	218
895	357
895	450
895	548
895	726
895	736
895	793
895	851
895	857
895	859
895	870
895	913
895	923
895	931
895	947
895	951
895	972
895	975
896	5
896	137
896	395
896	414
896	476
896	585
896	616
896	702
896	705
896	775
896	780
896	802
896	821
896	853
896	937
896	940
896	965
896	968
896	996
897	90
897	215
897	254
897	278
897	380
897	613
897	703
897	780
897	821
897	832
897	901
897	921
897	928
897	935
897	937
897	980
897	986
897	993
897	996
898	321
898	338
898	409
898	424
898	427
898	437
898	497
898	581
898	627
898	671
898	690
898	712
898	772
898	872
898	879
898	883
898	903
898	973
898	995
899	93
899	132
899	236
899	273
899	378
899	481
899	564
899	611
899	699
899	708
899	748
899	751
899	777
899	886
899	967
899	971
899	979
899	980
899	999
900	21
900	276
900	322
900	381
900	394
900	508
900	528
900	559
900	561
900	707
900	720
900	833
900	839
900	861
900	883
900	893
900	926
900	970
900	978
900	997
901	210
901	274
901	351
901	365
901	382
901	397
901	491
901	531
901	703
901	717
901	725
901	811
901	837
901	897
901	935
901	958
901	965
901	968
901	986
901	990
902	126
902	170
902	241
902	295
902	297
902	421
902	447
902	480
902	578
902	711
902	757
902	797
902	889
902	935
902	941
902	946
902	962
902	981
902	983
902	986
903	44
903	361
903	414
903	424
903	482
903	510
903	715
903	763
903	826
903	864
903	867
903	898
903	913
903	920
903	936
903	948
903	949
903	955
903	966
903	973
904	41
904	65
904	106
904	163
904	164
904	217
904	247
904	369
904	515
904	529
904	577
904	589
904	669
904	704
904	742
904	752
904	803
904	910
904	953
904	987
905	16
905	47
905	161
905	296
905	316
905	334
905	392
905	538
905	596
905	676
905	694
905	718
905	728
905	760
905	762
905	787
905	800
905	803
905	893
905	929
906	122
906	128
906	257
906	287
906	301
906	417
906	488
906	504
906	555
906	576
906	669
906	763
906	837
906	843
906	872
906	887
906	922
906	936
906	945
906	973
907	138
907	205
907	574
907	615
907	625
907	632
907	640
907	650
907	715
907	731
907	735
907	776
907	840
907	868
907	878
907	945
907	954
907	974
907	984
907	993
907	997
908	45
908	152
908	200
908	507
908	599
908	734
908	764
908	786
908	808
908	810
908	836
908	844
908	863
908	865
908	874
908	916
908	919
908	934
908	962
908	971
908	997
909	13
909	95
909	173
909	192
909	280
909	294
909	309
909	314
909	358
909	405
909	438
909	455
909	491
909	590
909	648
909	828
909	878
909	891
909	938
909	942
909	955
910	113
910	204
910	330
910	360
910	390
910	439
910	582
910	635
910	649
910	658
910	659
910	673
910	704
910	752
910	767
910	855
910	865
910	904
910	929
910	973
910	995
911	231
911	304
911	305
911	316
911	586
911	637
911	681
911	740
911	747
911	783
911	808
911	810
911	812
911	836
911	848
911	865
911	873
911	961
911	962
911	967
911	990
912	141
912	215
912	340
912	341
912	417
912	569
912	583
912	593
912	612
912	614
912	621
912	646
912	693
912	757
912	771
912	784
912	816
912	914
912	956
912	981
912	983
913	50
913	131
913	239
913	267
913	310
913	435
913	443
913	453
913	492
913	616
913	732
913	741
913	770
913	774
913	776
913	805
913	838
913	888
913	895
913	903
913	925
914	91
914	124
914	177
914	215
914	301
914	315
914	317
914	318
914	421
914	432
914	583
914	601
914	637
914	757
914	840
914	876
914	912
914	957
914	959
914	977
914	981
915	5
915	45
915	143
915	158
915	169
915	197
915	249
915	304
915	410
915	413
915	425
915	485
915	595
915	812
915	839
915	863
915	917
915	961
915	971
915	981
915	988
915	994
916	31
916	129
916	575
916	580
916	588
916	603
916	615
916	695
916	736
916	743
916	793
916	799
916	851
916	866
916	880
916	887
916	908
916	931
916	939
916	946
916	947
916	1000
917	109
917	272
917	413
917	428
917	430
917	457
917	485
917	644
917	657
917	681
917	699
917	749
917	794
917	810
917	865
917	915
917	962
917	971
917	975
917	979
917	980
917	1000
918	269
918	307
918	333
918	385
918	403
918	423
918	558
918	581
918	636
918	668
918	721
918	782
918	796
918	807
918	858
918	874
918	885
918	926
918	943
918	948
918	987
918	994
919	87
919	479
919	489
919	518
919	528
919	541
919	650
919	713
919	733
919	756
919	796
919	799
919	818
919	835
919	849
919	883
919	894
919	908
919	933
919	967
919	989
919	1000
920	3
920	116
920	222
920	227
920	257
920	313
920	417
920	516
920	571
920	609
920	656
920	682
920	794
920	845
920	867
920	879
920	903
920	945
920	949
920	966
920	973
920	991
921	88
921	101
921	153
921	335
921	498
921	509
921	550
921	613
921	633
921	678
921	709
921	717
921	745
921	763
921	811
921	897
921	928
921	935
921	936
921	958
921	986
921	996
922	165
922	168
922	461
922	598
922	746
922	777
922	778
922	783
922	813
922	825
922	856
922	860
922	868
922	906
922	930
922	934
922	950
922	951
922	954
922	984
922	995
922	997
923	45
923	198
923	214
923	224
923	292
923	434
923	472
923	474
923	548
923	588
923	717
923	768
923	831
923	859
923	880
923	895
923	931
923	963
923	969
923	975
923	986
923	990
923	998
924	11
924	25
924	192
924	471
924	519
924	527
924	544
924	587
924	661
924	691
924	698
924	701
924	846
924	847
924	873
924	938
924	952
924	956
924	974
924	982
924	983
924	996
924	997
925	30
925	73
925	232
925	237
925	295
925	335
925	359
925	414
925	463
925	558
925	655
925	678
925	700
925	717
925	775
925	802
925	869
925	913
925	965
925	968
925	986
925	990
925	991
925	996
926	33
926	99
926	269
926	328
926	333
926	363
926	403
926	423
926	436
926	547
926	581
926	636
926	706
926	731
926	773
926	782
926	807
926	858
926	900
926	918
926	943
926	948
926	955
926	987
927	35
927	46
927	104
927	167
927	174
927	374
927	431
927	451
927	481
927	499
927	511
927	523
927	549
927	567
927	574
927	618
927	679
927	714
927	722
927	736
927	780
927	862
927	985
927	1000
928	94
928	365
928	402
928	422
928	491
928	509
928	616
928	633
928	649
928	666
928	670
928	709
928	738
928	751
928	754
928	780
928	853
928	897
928	921
928	935
928	937
928	958
928	990
928	995
928	996
929	16
929	139
929	151
929	182
929	242
929	296
929	316
929	342
929	392
929	521
929	538
929	676
929	718
929	728
929	760
929	761
929	762
929	774
929	787
929	800
929	803
929	805
929	836
929	905
929	910
930	5
930	165
930	191
930	323
930	505
930	546
930	632
930	640
930	665
930	672
930	799
930	825
930	854
930	856
930	881
930	922
930	945
930	951
930	960
930	966
930	967
930	974
930	984
930	993
930	997
931	20
931	49
931	54
931	105
931	147
931	277
931	330
931	388
931	474
931	477
931	533
931	603
931	754
931	810
931	814
931	859
931	892
931	895
931	916
931	923
931	972
931	990
931	995
931	996
931	998
932	50
932	118
932	131
932	146
932	239
932	291
932	344
932	354
932	443
932	464
932	523
932	540
932	584
932	709
932	770
932	775
932	779
932	805
932	868
932	875
932	888
932	943
932	947
932	977
932	985
932	988
933	113
933	134
933	142
933	258
933	288
933	308
933	368
933	535
933	653
933	661
933	663
933	677
933	683
933	728
933	731
933	744
933	791
933	816
933	820
933	829
933	879
933	919
933	969
933	976
933	991
933	992
934	224
934	225
934	407
934	409
934	442
934	719
934	735
934	819
934	825
934	834
934	840
934	856
934	860
934	866
934	908
934	922
934	945
934	950
934	951
934	953
934	954
934	963
934	984
934	988
934	993
934	997
935	49
935	54
935	144
935	272
935	275
935	295
935	335
935	365
935	388
935	414
935	473
935	534
935	556
935	613
935	769
935	853
935	897
935	901
935	902
935	921
935	928
935	965
935	973
935	977
935	986
935	990
936	40
936	61
936	117
936	161
936	250
936	276
936	287
936	312
936	346
936	373
936	510
936	566
936	595
936	608
936	643
936	837
936	843
936	857
936	864
936	879
936	903
936	906
936	921
936	942
936	966
936	973
937	34
937	75
937	138
937	223
937	361
937	370
937	476
937	585
937	607
937	655
937	700
937	703
937	704
937	717
937	745
937	827
937	832
937	853
937	896
937	897
937	928
937	947
937	952
937	958
937	968
937	996
938	48
938	86
938	154
938	171
938	228
938	379
938	519
938	527
938	539
938	573
938	587
938	666
938	691
938	692
938	698
938	758
938	793
938	808
938	817
938	846
938	850
938	873
938	909
938	924
938	939
938	952
938	982
939	147
939	183
939	427
939	440
939	461
939	464
939	470
939	475
939	664
939	673
939	675
939	685
939	694
939	738
939	743
939	831
939	851
939	854
939	859
939	866
939	880
939	887
939	916
939	938
939	972
939	975
939	998
940	243
940	389
940	448
940	528
940	535
940	623
940	688
940	696
940	729
940	737
940	798
940	818
940	835
940	841
940	854
940	855
940	870
940	871
940	883
940	896
940	944
940	959
940	963
940	981
940	989
940	994
940	1000
941	24
941	80
941	112
941	211
941	213
941	233
941	259
941	286
941	351
941	421
941	459
941	480
941	484
941	514
941	619
941	691
941	788
941	797
941	876
941	889
941	902
941	946
941	952
941	953
941	958
941	976
941	981
941	983
942	13
942	42
942	63
942	187
942	195
942	280
942	309
942	400
942	405
942	438
942	455
942	511
942	576
942	578
942	590
942	600
942	648
942	671
942	745
942	750
942	801
942	828
942	881
942	882
942	909
942	936
942	955
942	992
943	33
943	46
943	57
943	88
943	151
943	160
943	163
943	244
943	251
943	358
943	363
943	385
943	436
943	493
943	636
943	645
943	689
943	721
943	773
943	782
943	807
943	858
943	885
943	918
943	926
943	932
943	948
943	987
944	135
944	289
944	377
944	472
944	479
944	528
944	541
944	570
944	621
944	634
944	668
944	693
944	733
944	737
944	792
944	798
944	809
944	835
944	841
944	854
944	867
944	940
944	959
944	962
944	974
944	975
944	989
944	1000
945	235
945	398
945	456
945	484
945	522
945	605
945	644
945	715
945	719
945	740
945	813
945	840
945	856
945	860
945	864
945	868
945	878
945	881
945	906
945	907
945	920
945	930
945	934
945	950
945	954
945	966
945	975
945	997
946	8
946	80
946	85
946	281
946	356
946	359
946	408
946	432
946	467
946	483
946	506
946	536
946	569
946	614
946	629
946	646
946	660
946	759
946	784
946	788
946	824
946	902
946	916
946	941
946	957
946	974
946	981
946	983
947	10
947	28
947	148
947	326
947	350
947	390
947	470
947	548
947	586
947	672
947	695
947	696
947	743
947	754
947	814
947	831
947	869
947	880
947	892
947	895
947	916
947	932
947	937
947	959
947	972
947	975
947	998
947	999
948	4
948	17
948	155
948	156
948	163
948	244
948	251
948	263
948	269
948	336
948	347
948	385
948	423
948	518
948	581
948	591
948	636
948	721
948	734
948	773
948	807
948	858
948	885
948	903
948	918
948	926
948	943
948	987
949	29
949	104
949	245
949	298
949	321
949	338
949	364
949	373
949	410
949	452
949	488
949	566
949	609
949	631
949	633
949	638
949	736
949	766
949	770
949	811
949	826
949	837
949	843
949	857
949	903
949	920
949	966
949	970
949	989
950	277
950	336
950	407
950	442
950	531
950	605
950	615
950	635
950	716
950	740
950	751
950	781
950	799
950	801
950	813
950	819
950	834
950	840
950	853
950	856
950	860
950	868
950	922
950	934
950	945
950	960
950	967
950	968
950	984
951	65
951	180
951	224
951	352
951	371
951	427
951	456
951	476
951	524
951	605
951	640
951	686
951	719
951	819
951	840
951	860
951	870
951	881
951	895
951	922
951	930
951	934
951	960
951	972
951	974
951	982
951	984
951	993
951	997
952	136
952	154
952	188
952	192
952	207
952	225
952	386
952	465
952	496
952	519
952	573
952	698
952	701
952	758
952	798
952	804
952	817
952	847
952	873
952	887
952	924
952	937
952	938
952	941
952	956
952	970
952	979
952	982
952	987
953	71
953	113
953	115
953	185
953	204
953	339
953	352
953	369
953	444
953	467
953	478
953	515
953	517
953	529
953	659
953	688
953	724
953	742
953	752
953	767
953	774
953	790
953	848
953	855
953	904
953	934
953	941
953	963
953	995
953	999
954	82
954	196
954	293
954	309
954	414
954	505
954	546
954	597
954	645
954	658
954	686
954	735
954	741
954	781
954	799
954	819
954	825
954	831
954	856
954	878
954	881
954	907
954	922
954	934
954	945
954	978
954	984
954	993
954	997
954	998
955	13
955	95
955	173
955	187
955	195
955	200
955	280
955	294
955	309
955	358
955	405
955	438
955	445
955	576
955	590
955	648
955	659
955	671
955	745
955	750
955	828
955	835
955	842
955	874
955	882
955	903
955	909
955	926
955	942
955	973
955	986
956	1
956	86
956	136
956	192
956	248
956	271
956	302
956	379
956	386
956	496
956	511
956	519
956	544
956	587
956	608
956	698
956	701
956	732
956	758
956	817
956	847
956	850
956	873
956	891
956	912
956	924
956	952
956	963
956	980
956	982
956	992
957	53
957	72
957	211
957	286
957	324
957	332
957	337
957	338
957	352
957	396
957	424
957	447
957	520
957	578
957	601
957	621
957	629
957	637
957	644
957	647
957	759
957	768
957	771
957	797
957	848
957	876
957	914
957	946
957	981
957	983
957	994
958	227
958	254
958	311
958	320
958	395
958	415
958	490
958	585
958	597
958	607
958	649
958	655
958	678
958	680
958	700
958	712
958	738
958	763
958	802
958	821
958	853
958	901
958	921
958	928
958	937
958	941
958	965
958	968
958	986
958	988
958	990
958	996
959	135
959	412
959	444
959	446
959	449
959	479
959	498
959	528
959	570
959	639
959	675
959	696
959	729
959	730
959	756
959	792
959	796
959	798
959	809
959	818
959	830
959	849
959	871
959	883
959	914
959	940
959	944
959	947
959	970
959	980
959	998
959	1000
960	160
960	235
960	296
960	407
960	456
960	522
960	526
960	605
960	615
960	637
960	640
960	647
960	735
960	766
960	770
960	776
960	801
960	818
960	831
960	840
960	844
960	856
960	860
960	868
960	930
960	950
960	951
960	968
960	974
960	984
960	993
960	997
961	47
961	123
961	152
961	249
961	303
961	380
961	425
961	428
961	441
961	501
961	532
961	557
961	593
961	644
961	657
961	666
961	674
961	681
961	714
961	715
961	749
961	786
961	825
961	836
961	841
961	844
961	890
961	911
961	915
961	962
961	967
961	971
961	988
962	1
962	79
962	253
962	323
962	331
962	416
962	425
962	441
962	498
962	593
962	599
962	630
962	654
962	681
962	687
962	724
962	783
962	786
962	789
962	794
962	808
962	844
962	848
962	862
962	865
962	870
962	874
962	902
962	908
962	911
962	917
962	944
962	961
963	54
963	130
963	155
963	240
963	475
963	477
963	497
963	588
963	602
963	622
963	657
963	664
963	685
963	743
963	775
963	793
963	831
963	851
963	866
963	867
963	869
963	870
963	874
963	880
963	887
963	892
963	923
963	934
963	940
963	953
963	956
963	997
963	998
964	66
964	81
964	98
964	209
964	290
964	291
964	306
964	327
964	333
964	368
964	419
964	494
964	525
964	534
964	600
964	669
964	689
964	692
964	706
964	711
964	714
964	744
964	755
964	812
964	833
964	842
964	864
964	877
964	886
964	969
964	991
964	992
964	999
965	23
965	254
965	380
965	388
965	395
965	463
965	491
965	534
965	545
965	556
965	563
965	583
965	595
965	610
965	613
965	616
965	663
965	705
965	713
965	738
965	821
965	827
965	832
965	834
965	896
965	901
965	925
965	935
965	958
965	967
965	968
965	973
965	986
965	996
966	97
966	126
966	178
966	261
966	301
966	420
966	431
966	452
966	458
966	483
966	487
966	512
966	542
966	554
966	572
966	627
966	641
966	647
966	690
966	699
966	712
966	730
966	776
966	828
966	845
966	879
966	903
966	920
966	930
966	936
966	945
966	949
966	973
966	999
967	18
967	26
967	100
967	121
967	300
967	304
967	323
967	353
967	425
967	428
967	501
967	586
967	588
967	599
967	657
967	677
967	723
967	747
967	764
967	817
967	830
967	836
967	848
967	874
967	899
967	911
967	919
967	930
967	950
967	961
967	965
967	971
967	988
967	1000
968	218
968	237
968	246
968	320
968	462
968	490
968	504
968	534
968	545
968	558
968	563
968	607
968	616
968	666
968	700
968	725
968	727
968	737
968	809
968	811
968	832
968	896
968	901
968	925
968	937
968	950
968	958
968	960
968	965
968	977
968	979
968	986
968	990
968	996
969	60
969	61
969	96
969	106
969	171
969	191
969	268
969	278
969	404
969	419
969	422
969	466
969	468
969	540
969	626
969	643
969	689
969	706
969	711
969	727
969	731
969	744
969	813
969	820
969	829
969	842
969	862
969	873
969	880
969	923
969	933
969	964
969	991
969	992
970	15
970	19
970	110
970	179
970	194
970	209
970	268
970	276
970	281
970	322
970	329
970	508
970	559
970	561
970	592
970	610
970	620
970	682
970	695
970	707
970	720
970	759
970	788
970	806
970	815
970	833
970	839
970	861
970	893
970	900
970	949
970	952
970	959
970	978
971	18
971	52
971	58
971	62
971	123
971	152
971	230
971	300
971	387
971	503
971	512
971	553
971	602
971	609
971	630
971	677
971	723
971	765
971	786
971	794
971	810
971	812
971	836
971	844
971	865
971	899
971	908
971	915
971	917
971	961
971	967
971	983
971	987
971	989
971	1000
972	89
972	105
972	218
972	292
972	357
972	412
972	432
972	533
972	568
972	575
972	580
972	651
972	654
972	664
972	674
972	736
972	748
972	768
972	788
972	792
972	814
972	851
972	866
972	869
972	880
972	887
972	892
972	895
972	931
972	939
972	947
972	951
972	974
972	975
972	998
973	83
973	104
973	257
973	298
973	318
973	361
973	374
973	458
973	537
973	609
973	620
973	627
973	628
973	631
973	638
973	643
973	656
973	674
973	826
973	857
973	867
973	872
973	898
973	903
973	906
973	910
973	920
973	935
973	936
973	955
973	965
973	966
973	984
973	995
973	998
974	94
974	110
974	119
974	196
974	226
974	276
974	312
974	352
974	384
974	402
974	524
974	546
974	632
974	761
974	766
974	776
974	801
974	813
974	819
974	825
974	834
974	856
974	868
974	881
974	887
974	907
974	924
974	930
974	944
974	946
974	951
974	960
974	972
974	984
974	988
974	997
975	95
975	105
975	114
975	139
975	148
975	157
975	326
975	471
975	477
975	492
975	506
975	533
975	548
975	560
975	622
975	654
975	685
975	694
975	736
975	754
975	768
975	793
975	838
975	866
975	868
975	870
975	880
975	895
975	917
975	923
975	939
975	944
975	945
975	947
975	972
975	982
975	998
976	71
976	107
976	357
976	398
976	409
976	495
976	500
976	513
976	521
976	542
976	557
976	564
976	573
976	592
976	594
976	611
976	624
976	642
976	645
976	668
976	687
976	746
976	748
976	753
976	762
976	777
976	785
976	806
976	858
976	884
976	886
976	891
976	933
976	941
976	979
976	980
976	994
977	27
977	50
977	66
977	70
977	102
977	118
977	140
977	150
977	189
977	212
977	216
977	274
977	310
977	344
977	354
977	362
977	435
977	441
977	443
977	453
977	523
977	616
977	684
977	732
977	741
977	769
977	775
977	779
977	790
977	805
977	875
977	888
977	914
977	932
977	935
977	968
977	979
977	1000
978	15
978	19
978	21
978	110
978	179
978	194
978	210
978	262
978	268
978	279
978	281
978	322
978	329
978	364
978	381
978	508
978	559
978	561
978	610
978	613
978	620
978	707
978	769
978	806
978	807
978	815
978	833
978	839
978	861
978	873
978	882
978	885
978	888
978	893
978	900
978	954
978	970
978	1000
979	9
979	26
979	97
979	149
979	208
979	265
979	273
979	285
979	311
979	469
979	481
979	495
979	579
979	606
979	611
979	642
979	645
979	680
979	687
979	699
979	708
979	746
979	748
979	753
979	777
979	785
979	786
979	840
979	886
979	891
979	899
979	917
979	952
979	968
979	976
979	977
979	980
979	982
979	994
980	30
980	93
980	107
980	140
980	149
980	236
980	267
980	284
980	285
980	449
980	450
980	473
980	481
980	500
980	513
980	542
980	592
980	639
980	645
980	668
980	680
980	746
980	748
980	753
980	777
980	856
980	863
980	884
980	886
980	891
980	897
980	899
980	917
980	956
980	959
980	976
980	979
980	994
980	998
981	56
981	59
981	116
981	213
981	233
981	256
981	302
981	324
981	325
981	349
981	371
981	382
981	408
981	411
981	583
981	591
981	606
981	637
981	660
981	707
981	757
981	758
981	760
981	771
981	797
981	824
981	860
981	879
981	889
981	890
981	902
981	912
981	914
981	915
981	940
981	941
981	946
981	957
981	983
982	1
982	11
982	38
982	86
982	88
982	134
982	188
982	207
982	225
982	248
982	271
982	355
982	366
982	375
982	379
982	434
982	496
982	517
982	519
982	608
982	691
982	698
982	701
982	758
982	817
982	826
982	830
982	846
982	850
982	873
982	893
982	924
982	938
982	951
982	952
982	956
982	975
982	979
982	990
983	53
983	69
983	116
983	124
983	211
983	220
983	221
983	325
983	337
983	353
983	408
983	432
983	440
983	484
983	502
983	513
983	546
983	604
983	619
983	660
983	693
983	730
983	737
983	757
983	759
983	771
983	797
983	822
983	824
983	864
983	876
983	889
983	902
983	912
983	924
983	941
983	946
983	957
983	971
983	981
984	65
984	166
984	168
984	180
984	283
984	293
984	294
984	394
984	402
984	407
984	426
984	484
984	495
984	615
984	632
984	636
984	672
984	686
984	767
984	781
984	784
984	799
984	815
984	824
984	825
984	834
984	856
984	868
984	878
984	907
984	922
984	930
984	934
984	950
984	951
984	954
984	960
984	973
984	974
984	993
984	997
985	11
985	22
985	35
985	37
985	46
985	74
985	92
985	111
985	125
985	167
985	174
985	175
985	199
985	202
985	238
985	346
985	348
985	372
985	374
985	399
985	451
985	499
985	511
985	549
985	567
985	574
985	618
985	624
985	679
985	714
985	722
985	789
985	790
985	821
985	825
985	833
985	852
985	854
985	862
985	927
985	932
986	125
986	138
986	232
986	246
986	260
986	341
986	404
986	415
986	462
986	463
986	491
986	509
986	550
986	556
986	633
986	667
986	678
986	705
986	708
986	717
986	752
986	768
986	795
986	802
986	811
986	832
986	845
986	897
986	901
986	902
986	921
986	923
986	925
986	935
986	955
986	958
986	965
986	968
986	989
986	990
986	996
987	4
987	33
987	57
987	88
987	99
987	156
987	163
987	244
987	251
987	263
987	269
987	333
987	336
987	363
987	385
987	403
987	407
987	423
987	429
987	436
987	461
987	486
987	492
987	493
987	581
987	636
987	721
987	771
987	773
987	782
987	807
987	858
987	879
987	885
987	904
987	918
987	926
987	943
987	948
987	952
987	971
987	998
988	47
988	62
988	84
988	159
988	300
988	353
988	376
988	386
988	393
988	406
988	413
988	441
988	454
988	485
988	501
988	503
988	507
988	553
988	619
988	630
988	666
988	729
988	747
988	753
988	765
988	783
988	786
988	789
988	812
988	814
988	844
988	848
988	851
988	863
988	865
988	874
988	915
988	932
988	934
988	958
988	961
988	967
988	974
989	9
989	12
989	39
989	41
989	175
989	243
989	245
989	347
989	384
989	412
989	489
989	498
989	528
989	541
989	570
989	623
989	634
989	650
989	660
989	670
989	688
989	696
989	703
989	713
989	737
989	757
989	764
989	796
989	809
989	816
989	835
989	841
989	854
989	861
989	894
989	919
989	940
989	944
989	949
989	971
989	986
989	991
989	993
989	1000
990	23
990	34
990	49
990	85
990	94
990	153
990	206
990	251
990	335
990	345
990	423
990	463
990	473
990	476
990	486
990	490
990	530
990	545
990	556
990	615
990	616
990	631
990	655
990	667
990	694
990	703
990	705
990	735
990	738
990	751
990	811
990	829
990	901
990	911
990	923
990	925
990	928
990	931
990	935
990	958
990	968
990	982
990	986
990	996
991	32
991	66
991	96
991	98
991	134
991	190
991	191
991	201
991	234
991	252
991	258
991	307
991	327
991	404
991	419
991	438
991	466
991	468
991	590
991	625
991	641
991	658
991	663
991	683
991	692
991	711
991	714
991	731
991	744
991	749
991	769
991	772
991	791
991	820
991	842
991	858
991	859
991	877
991	920
991	925
991	933
991	964
991	969
991	989
991	992
992	2
992	81
992	98
992	142
992	168
992	209
992	220
992	252
992	258
992	264
992	288
992	291
992	305
992	307
992	308
992	404
992	446
992	459
992	466
992	483
992	494
992	525
992	554
992	600
992	653
992	689
992	706
992	711
992	727
992	731
992	744
992	751
992	755
992	791
992	820
992	829
992	842
992	857
992	933
992	942
992	956
992	964
992	969
992	991
992	997
993	82
993	121
993	160
993	165
993	180
993	319
993	394
993	402
993	406
993	411
993	505
993	524
993	546
993	553
993	560
993	571
993	624
993	649
993	659
993	672
993	686
993	761
993	766
993	772
993	778
993	801
993	813
993	819
993	825
993	834
993	840
993	843
993	845
993	860
993	881
993	897
993	907
993	930
993	934
993	951
993	954
993	960
993	984
993	989
993	996
993	997
994	64
994	93
994	97
994	117
994	132
994	140
994	208
994	265
994	283
994	449
994	450
994	481
994	495
994	500
994	521
994	532
994	542
994	543
994	579
994	624
994	642
994	645
994	687
994	689
994	699
994	703
994	708
994	746
994	748
994	774
994	777
994	785
994	864
994	871
994	884
994	886
994	891
994	915
994	918
994	940
994	957
994	976
994	979
994	980
994	997
994	998
995	56
995	71
995	106
995	115
995	152
995	185
995	186
995	217
995	258
995	360
995	383
995	439
995	448
995	467
995	478
995	515
995	582
995	589
995	635
995	649
995	651
995	658
995	659
995	669
995	673
995	704
995	716
995	724
995	740
995	742
995	752
995	765
995	767
995	790
995	822
995	823
995	852
995	855
995	898
995	910
995	922
995	928
995	931
995	953
995	973
995	999
996	73
996	85
996	90
996	101
996	206
996	246
996	295
996	317
996	351
996	401
996	414
996	473
996	530
996	545
996	550
996	594
996	604
996	613
996	633
996	649
996	666
996	725
996	749
996	750
996	782
996	795
996	800
996	811
996	821
996	832
996	841
996	853
996	896
996	897
996	921
996	924
996	925
996	928
996	931
996	937
996	958
996	965
996	968
996	986
996	990
996	993
996	998
997	75
997	121
997	135
997	141
997	226
997	275
997	293
997	316
997	378
997	411
997	456
997	566
997	567
997	571
997	598
997	615
997	632
997	698
997	730
997	735
997	761
997	776
997	781
997	799
997	801
997	813
997	834
997	856
997	878
997	881
997	900
997	907
997	908
997	922
997	924
997	930
997	934
997	945
997	951
997	954
997	960
997	963
997	974
997	984
997	992
997	993
997	994
998	6
998	20
998	54
998	198
998	242
998	288
998	289
998	357
998	390
998	440
998	461
998	470
998	471
998	474
998	560
998	580
998	588
998	622
998	626
998	654
998	694
998	695
998	726
998	736
998	739
998	754
998	768
998	789
998	814
998	831
998	866
998	887
998	892
998	923
998	931
998	939
998	947
998	954
998	959
998	963
998	972
998	973
998	975
998	980
998	987
998	994
998	996
999	56
999	67
999	68
999	77
999	186
999	217
999	247
999	255
999	282
999	320
999	330
999	339
999	360
999	368
999	369
999	439
999	467
999	478
999	503
999	506
999	529
999	577
999	582
999	651
999	658
999	669
999	673
999	683
999	697
999	704
999	710
999	716
999	724
999	742
999	767
999	774
999	797
999	819
999	822
999	823
999	872
999	899
999	947
999	953
999	964
999	966
999	995
1000	9
1000	55
1000	135
1000	145
1000	175
1000	315
1000	370
1000	377
1000	444
1000	448
1000	489
1000	498
1000	518
1000	570
1000	623
1000	634
1000	639
1000	650
1000	662
1000	681
1000	696
1000	702
1000	713
1000	733
1000	737
1000	739
1000	772
1000	783
1000	792
1000	796
1000	835
1000	841
1000	844
1000	849
1000	871
1000	883
1000	916
1000	917
1000	919
1000	927
1000	940
1000	944
1000	959
1000	967
1000	971
1000	977
1000	978
1000	989
