1	372
1	434
1	880
1	984
2	265
2	382
2	702
2	902
3	563
3	658
3	776
3	992
4	284
4	319
4	725
4	935
5	150
5	685
5	715
5	882
6	189
6	602
6	735
6	850
7	178
7	408
7	762
7	930
8	455
8	496
8	827
8	914
9	18
9	651
9	758
9	1000
10	697
10	771
10	807
10	984
11	222
11	950
11	977
11	983
12	948
12	976
12	983
12	999
13	621
13	752
13	981
13	997
14	508
14	836
14	881
14	917
15	207
15	763
15	882
15	966
16	359
16	805
16	917
16	937
17	22
17	835
17	886
17	944
18	9
18	524
18	839
18	945
19	607
19	730
19	907
19	948
20	507
20	534
20	797
20	976
21	395
21	531
21	563
21	962
22	17
22	748
22	872
22	964
23	795
23	838
23	940
23	1000
24	532
24	862
24	932
24	1000
25	796
25	865
25	880
25	960
26	120
26	197
26	354
26	811
27	378
27	673
27	868
27	879
28	768
28	884
28	939
28	993
29	405
29	451
29	855
29	918
30	315
30	451
30	736
30	991
31	565
31	909
31	913
31	986
32	332
32	971
32	975
32	998
33	948
33	970
33	989
33	998
34	450
34	698
34	912
34	993
35	914
35	978
35	988
35	992
36	297
36	626
36	943
36	975
37	277
37	884
37	921
37	989
38	945
38	949
38	986
38	994
39	57
39	422
39	806
39	852
40	609
40	885
40	931
40	961
41	564
41	567
41	996
41	999
42	116
42	254
42	934
42	974
43	976
43	982
43	990
43	999
44	634
44	848
44	969
44	974
45	458
45	658
45	834
45	982
46	768
46	827
46	869
46	961
47	114
47	368
47	803
47	808
48	192
48	661
48	877
48	942
49	636
49	714
49	908
49	973
50	165
50	618
50	690
50	969
51	325
51	850
51	946
51	987
52	78
52	320
52	380
52	613
53	777
53	893
53	971
53	995
54	459
54	673
54	876
54	995
55	423
55	653
55	769
55	822
56	188
56	355
56	743
56	980
57	39
57	641
57	906
57	936
58	574
58	632
58	706
58	936
59	313
59	778
59	863
59	970
60	830
60	898
60	928
60	969
61	883
61	923
61	930
61	974
62	647
62	682
62	810
62	912
63	473
63	744
63	972
63	995
64	189
64	783
64	812
64	965
65	740
65	844
65	892
65	954
66	744
66	764
66	951
66	972
67	624
67	737
67	962
67	985
68	221
68	527
68	910
68	984
69	325
69	682
69	725
69	738
70	513
70	804
70	894
70	951
71	365
71	471
71	845
71	911
72	652
72	911
72	969
72	987
73	96
73	208
73	730
73	977
74	695
74	789
74	813
74	997
75	584
75	923
75	934
75	974
76	270
76	373
76	902
76	1000
77	281
77	837
77	934
77	935
78	52
78	515
78	803
78	809
79	792
79	959
79	987
79	995
80	360
80	865
80	878
80	884
81	714
81	760
81	829
81	999
82	474
82	880
82	963
82	975
83	431
83	751
83	788
83	919
84	615
84	700
84	921
84	954
85	406
85	509
85	799
85	992
86	727
86	823
86	940
86	984
87	742
87	782
87	859
87	981
88	701
88	710
88	725
88	929
89	524
89	809
89	810
89	846
90	369
90	538
90	731
90	999
91	778
91	833
91	858
91	906
92	874
92	923
92	938
92	974
93	603
93	859
93	891
93	994
94	424
94	896
94	946
94	991
95	468
95	828
95	853
95	978
96	73
96	851
96	950
96	997
97	258
97	340
97	382
97	947
98	584
98	844
98	869
98	978
99	537
99	722
99	750
99	906
100	734
100	956
100	959
100	972
101	150
101	641
101	736
101	877
102	398
102	549
102	911
102	950
103	232
103	745
103	830
103	979
104	188
104	724
104	898
104	908
105	851
105	864
105	932
105	953
106	354
106	467
106	852
106	900
107	647
107	684
107	814
107	962
108	581
108	983
108	985
108	996
109	636
109	718
109	822
109	927
110	737
110	797
110	922
110	973
111	771
111	772
111	874
111	974
112	421
112	819
112	966
112	974
113	326
113	751
113	803
113	909
114	47
114	823
114	901
114	947
115	287
115	669
115	775
115	842
116	42
116	684
116	962
116	973
117	367
117	825
117	850
117	868
118	360
118	655
118	873
118	983
119	585
119	952
119	958
119	990
120	26
120	401
120	437
120	937
121	438
121	635
121	739
121	997
122	842
122	859
122	928
122	961
123	205
123	736
123	817
123	989
124	857
124	925
124	975
124	985
125	802
125	952
125	967
125	994
126	649
126	803
126	926
126	947
127	348
127	748
127	786
127	1000
128	249
128	822
128	953
128	971
129	389
129	848
129	894
129	911
130	172
130	655
130	798
130	889
131	575
131	703
131	780
131	830
132	540
132	775
132	881
132	917
133	245
133	655
133	867
133	926
134	410
134	432
134	614
134	947
135	327
135	980
135	993
135	996
136	210
136	331
136	815
136	921
137	352
137	479
137	630
137	996
138	629
138	912
138	978
138	983
139	284
139	810
139	935
139	954
140	629
140	886
140	942
140	945
141	347
141	559
141	904
141	977
142	274
142	461
142	973
142	997
143	225
143	733
143	772
143	800
144	558
144	559
144	654
144	857
145	379
145	611
145	628
145	906
146	411
146	808
146	861
146	966
147	192
147	670
147	814
147	904
148	396
148	508
148	742
148	869
149	626
149	965
149	977
149	992
150	5
150	101
150	595
150	808
151	255
151	297
151	888
151	955
152	494
152	789
152	958
152	961
153	202
153	845
153	846
153	904
154	857
154	860
154	949
154	987
155	818
155	849
155	926
155	955
156	647
156	698
156	838
156	912
157	578
157	750
157	872
157	953
158	954
158	968
158	978
158	992
159	442
159	785
159	812
159	860
160	302
160	837
160	855
160	898
161	567
161	729
161	773
161	981
162	307
162	387
162	411
162	959
163	579
163	742
163	832
163	984
164	613
164	768
164	906
164	918
165	50
165	638
165	775
165	842
166	340
166	412
166	841
166	859
167	334
167	774
167	905
167	980
168	707
168	827
168	961
168	983
169	770
169	783
169	954
169	975
170	413
170	645
170	889
170	998
171	630
171	857
171	888
171	958
172	130
172	840
172	937
172	941
173	222
173	289
173	445
173	676
174	490
174	866
174	940
174	969
175	652
175	911
175	964
175	984
176	477
176	759
176	861
176	917
177	252
177	759
177	922
177	957
178	7
178	755
178	894
178	946
179	421
179	819
179	915
179	927
180	208
180	386
180	799
180	833
181	186
181	235
181	842
181	865
182	633
182	766
182	918
182	973
183	520
183	662
183	899
183	908
184	868
184	902
184	990
184	999
185	646
185	895
185	905
185	940
186	181
186	897
186	907
186	957
187	517
187	857
187	887
187	899
188	56
188	104
188	721
188	912
189	6
189	64
189	391
189	800
190	283
190	864
190	965
190	993
191	601
191	948
191	957
191	996
192	48
192	147
192	244
192	857
193	563
193	716
193	964
193	994
194	694
194	750
194	896
194	955
195	381
195	477
195	532
195	881
196	727
196	793
196	942
196	968
197	26
197	523
197	544
197	765
198	630
198	719
198	926
198	974
199	766
199	786
199	868
199	954
200	322
200	892
200	906
200	992
201	737
201	797
201	854
201	938
202	153
202	568
202	657
202	898
203	262
203	884
203	930
203	936
204	434
204	835
204	918
204	946
205	123
205	513
205	986
205	993
206	331
206	395
206	753
206	788
207	15
207	883
207	934
207	939
208	73
208	180
208	601
208	742
209	639
209	828
209	853
209	933
210	136
210	426
210	926
210	960
211	820
211	841
211	933
211	984
212	402
212	897
212	932
212	985
213	758
213	759
213	849
213	857
214	393
214	728
214	840
214	967
215	493
215	659
215	706
215	994
216	393
216	794
216	886
216	1000
217	443
217	837
217	907
217	969
218	372
218	373
218	594
218	875
219	544
219	818
219	895
219	959
220	407
220	474
220	555
220	962
221	68
221	914
221	931
221	959
221	961
222	11
222	173
222	730
222	932
222	943
223	637
223	806
223	907
223	976
223	999
224	701
224	846
224	980
224	993
224	999
225	143
225	951
225	959
225	973
225	995
226	540
226	761
226	830
226	839
226	870
227	269
227	627
227	638
227	867
227	926
228	441
228	509
228	626
228	932
228	943
229	409
229	520
229	952
229	958
229	971
230	248
230	304
230	413
230	890
230	984
231	447
231	638
231	677
231	981
231	997
232	103
232	330
232	683
232	979
232	984
233	643
233	674
233	762
233	786
233	954
234	318
234	778
234	858
234	889
234	986
235	181
235	446
235	624
235	631
235	847
236	479
236	782
236	850
236	956
236	993
237	569
237	764
237	911
237	919
237	940
238	549
238	592
238	817
238	971
238	990
239	907
239	908
239	963
239	973
239	975
240	469
240	895
240	911
240	940
240	967
241	386
241	770
241	778
241	799
241	854
242	615
242	847
242	900
242	910
242	984
243	512
243	546
243	718
243	832
243	983
244	192
244	649
244	713
244	879
244	991
245	133
245	573
245	864
245	972
245	994
246	486
246	511
246	884
246	904
246	962
247	697
247	928
247	930
247	955
247	984
248	230
248	333
248	776
248	864
248	983
249	128
249	334
249	414
249	580
249	941
250	262
250	440
250	897
250	918
250	955
251	331
251	454
251	847
251	881
251	917
252	177
252	453
252	812
252	982
252	992
253	874
253	892
253	915
253	921
253	956
254	42
254	874
254	899
254	934
254	938
255	151
255	322
255	541
255	788
255	829
256	272
256	625
256	745
256	842
256	917
257	275
257	789
257	869
257	931
257	961
258	97
258	589
258	981
258	997
258	999
259	287
259	941
259	942
259	978
259	988
260	436
260	826
260	923
260	944
260	974
261	539
261	879
261	904
261	918
261	944
262	203
262	250
262	550
262	812
262	997
263	536
263	708
263	878
263	885
263	894
264	587
264	663
264	950
264	969
264	977
265	2
265	481
265	659
265	699
265	705
266	445
266	795
266	834
266	925
266	1000
267	479
267	608
267	867
267	921
267	966
268	543
268	561
268	624
268	724
268	898
269	227
269	806
269	900
269	927
269	958
270	76
270	566
270	597
270	875
270	960
271	522
271	778
271	858
271	889
271	938
272	256
272	409
272	779
272	814
272	839
273	362
273	642
273	750
273	934
273	991
274	142
274	281
274	477
274	813
274	997
275	257
275	856
275	883
275	923
275	974
276	750
276	888
276	910
276	955
276	991
277	37
277	407
277	969
277	986
277	989
278	842
278	851
278	890
278	983
278	998
279	744
279	804
279	827
279	995
279	998
280	383
280	714
280	757
280	769
280	907
281	77
281	274
281	723
281	916
281	947
282	324
282	817
282	885
282	963
282	980
283	190
283	963
283	975
283	993
283	998
284	4
284	139
284	809
284	843
284	981
285	815
285	914
285	925
285	957
285	990
286	527
286	885
286	911
286	925
286	928
287	115
287	259
287	627
287	816
287	995
288	338
288	967
288	971
288	977
288	996
289	173
289	509
289	795
289	833
289	889
290	439
290	897
290	968
290	994
290	996
291	892
291	964
291	967
291	988
291	992
292	592
292	788
292	829
292	959
292	995
293	604
293	859
293	893
293	942
293	978
294	571
294	899
294	916
294	935
294	947
295	316
295	618
295	784
295	923
295	974
296	614
296	761
296	975
296	989
296	998
297	36
297	151
297	932
297	943
297	981
298	595
298	844
298	930
298	936
298	980
299	742
299	784
299	968
299	981
299	997
300	309
300	680
300	881
300	917
300	920
301	432
301	717
301	912
301	946
301	991
302	160
302	487
302	785
302	802
302	944
303	506
303	559
303	590
303	679
303	779
304	230
304	595
304	834
304	861
304	966
305	707
305	949
305	983
305	987
305	993
306	437
306	710
306	854
306	976
306	985
307	162
307	638
307	972
307	983
307	995
308	857
308	930
308	967
308	986
308	989
309	300
309	546
309	949
309	965
309	970
310	500
310	591
310	770
310	912
310	970
311	417
311	500
311	813
311	981
311	997
312	401
312	625
312	806
312	888
312	956
313	59
313	866
313	895
313	905
313	953
314	511
314	524
314	531
314	600
314	757
315	30
315	578
315	670
315	870
315	904
316	295
316	375
316	874
316	881
316	923
317	434
317	780
317	877
317	891
317	947
318	234
318	330
318	392
318	522
318	624
319	4
319	401
319	413
319	543
319	836
320	52
320	541
320	773
320	859
320	984
321	482
321	749
321	847
321	851
321	881
322	200
322	255
322	608
322	766
322	991
323	404
323	485
323	797
323	946
323	955
324	282
324	378
324	701
324	920
324	934
325	51
325	69
325	711
325	728
325	855
326	113
326	395
326	670
326	710
326	832
327	135
327	409
327	607
327	793
327	907
328	673
328	769
328	854
328	892
328	927
329	807
329	923
329	936
329	963
329	991
330	232
330	318
330	702
330	858
330	889
331	136
331	206
331	251
331	519
331	956
332	32
332	563
332	727
332	988
332	994
333	248
333	814
333	855
333	933
333	1000
334	167
334	249
334	402
334	927
334	971
335	978
335	982
335	987
335	992
335	995
336	604
336	722
336	950
336	968
336	994
337	421
337	823
337	895
337	940
337	941
338	288
338	754
338	899
338	922
338	948
339	726
339	802
339	970
339	977
339	983
340	97
340	166
340	909
340	913
340	953
341	619
341	899
341	920
341	984
341	993
342	357
342	397
342	719
342	841
342	969
343	380
343	760
343	913
343	934
343	974
344	501
344	654
344	732
344	860
344	991
345	746
345	843
345	901
345	902
345	972
346	833
346	858
346	889
346	955
346	980
347	141
347	748
347	886
347	902
347	1000
348	127
348	438
348	664
348	812
348	820
349	361
349	442
349	644
349	836
349	899
350	451
350	669
350	724
350	785
350	954
351	572
351	816
351	824
351	826
351	867
352	137
352	853
352	909
352	913
352	986
353	680
353	696
353	825
353	876
353	954
354	26
354	106
354	861
354	887
354	966
355	56
355	804
355	866
355	948
355	960
356	820
356	825
356	944
356	981
356	997
357	342
357	684
357	824
357	839
357	962
358	710
358	756
358	778
358	783
358	951
359	16
359	755
359	846
359	880
359	891
360	80
360	118
360	703
360	767
360	798
361	349
361	664
361	763
361	896
361	991
362	273
362	660
362	849
362	944
362	957
363	733
363	810
363	902
363	917
363	935
364	456
364	897
364	962
364	971
364	990
365	71
365	390
365	894
365	968
365	979
366	669
366	702
366	751
366	791
366	963
367	117
367	552
367	792
367	959
367	974
368	47
368	532
368	567
368	671
368	993
369	90
369	444
369	926
369	976
369	990
370	538
370	788
370	950
370	981
370	997
371	853
371	914
371	915
371	949
371	987
372	1
372	218
372	716
372	733
372	906
373	76
373	218
373	410
373	542
373	718
374	643
374	713
374	722
374	729
374	962
375	316
375	558
375	885
375	979
375	984
376	693
376	872
376	898
376	933
376	988
376	1000
377	528
377	605
377	702
377	920
377	980
377	998
378	27
378	324
378	619
378	629
378	801
378	892
379	145
379	472
379	770
379	837
379	857
379	912
380	52
380	343
380	883
380	934
380	967
380	974
381	195
381	699
381	818
381	842
381	881
381	917
382	2
382	97
382	634
382	705
382	777
382	810
383	280
383	547
383	971
383	976
383	984
383	996
384	527
384	819
384	835
384	852
384	882
384	966
385	465
385	574
385	774
385	826
385	905
385	922
386	180
386	241
386	799
386	889
386	985
386	992
387	162
387	428
387	657
387	697
387	848
387	979
388	406
388	782
388	799
388	833
388	858
388	990
389	129
389	705
389	843
389	916
389	947
389	963
390	365
390	474
390	525
390	662
390	859
390	962
391	189
391	659
391	777
391	976
391	985
391	990
392	318
392	523
392	573
392	583
392	673
392	756
393	214
393	216
393	487
393	689
393	717
393	991
394	609
394	715
394	741
394	786
394	966
394	972
395	21
395	206
395	326
395	710
395	756
395	898
396	148
396	514
396	848
396	962
396	981
396	997
397	342
397	563
397	587
397	656
397	891
397	910
398	102
398	441
398	488
398	592
398	692
398	899
399	656
399	668
399	856
399	896
399	906
399	918
400	639
400	671
400	681
400	739
400	799
400	820
401	120
401	312
401	319
401	675
401	919
401	937
402	212
402	334
402	640
402	849
402	907
402	957
403	600
403	796
403	824
403	960
403	972
403	995
404	323
404	571
404	682
404	809
404	877
404	896
405	29
405	441
405	641
405	687
405	879
405	929
406	85
406	388
406	463
406	858
406	889
406	957
407	220
407	277
407	757
407	870
407	962
407	992
408	7
408	538
408	830
408	885
408	911
408	949
409	229
409	272
409	327
409	938
409	940
409	958
410	134
410	373
410	803
410	902
410	959
410	990
411	146
411	162
411	464
411	730
411	850
411	960
412	166
412	568
412	755
412	875
412	969
412	980
413	170
413	230
413	319
413	912
413	953
413	983
414	249
414	440
414	815
414	836
414	959
414	987
415	495
415	581
415	664
415	670
415	935
415	972
416	471
416	882
416	925
416	948
416	958
416	986
417	311
417	497
417	743
417	829
417	951
417	972
418	501
418	896
418	921
418	930
418	952
418	956
419	484
419	669
419	814
419	965
419	977
419	987
420	658
420	802
420	930
420	933
420	988
420	994
421	112
421	179
421	337
421	610
421	747
421	793
422	39
422	537
422	694
422	918
422	989
422	991
423	55
423	704
423	805
423	953
423	964
423	969
424	94
424	640
424	662
424	953
424	967
424	994
425	696
425	800
425	984
425	988
425	992
425	994
426	210
426	454
426	582
426	867
426	920
426	951
427	432
427	823
427	855
427	866
427	905
427	914
428	387
428	716
428	848
428	860
428	891
428	972
429	599
429	723
429	901
429	916
429	947
429	948
430	625
430	687
430	749
430	775
430	881
430	973
431	83
431	839
431	865
431	870
431	904
431	962
432	134
432	301
432	427
432	709
432	727
432	984
433	523
433	627
433	684
433	816
433	926
433	984
434	1
434	204
434	317
434	780
434	784
434	894
435	829
435	921
435	945
435	967
435	988
435	994
436	260
436	814
436	883
436	934
436	974
436	988
437	120
437	306
437	492
437	761
437	779
437	839
438	121
438	348
438	444
438	619
438	728
438	981
439	290
439	549
439	699
439	945
439	982
439	998
440	250
440	414
440	682
440	785
440	944
440	954
441	228
441	398
441	405
441	682
441	732
441	924
442	159
442	349
442	758
442	805
442	812
442	849
443	217
443	558
443	796
443	830
443	898
443	922
444	369
444	438
444	447
444	773
444	929
444	997
445	173
445	266
445	792
445	844
445	845
445	943
446	235
446	580
446	775
446	855
446	917
446	948
447	231
447	444
447	570
447	741
447	820
447	997
448	614
448	696
448	699
448	958
448	964
448	968
449	802
449	884
449	900
449	942
449	982
449	988
450	34
450	810
450	914
450	931
450	949
450	961
451	29
451	30
451	350
451	622
451	997
451	1000
452	705
452	721
452	724
452	837
452	912
452	960
453	252
453	566
453	831
453	913
453	941
453	982
454	251
454	426
454	503
454	602
454	627
454	734
455	8
455	706
455	869
455	871
455	914
455	961
456	364
456	619
456	806
456	907
456	947
456	996
457	582
457	652
457	811
457	888
457	892
457	954
458	45
458	800
458	853
458	862
458	981
458	1000
459	54
459	528
459	688
459	873
459	892
459	937
460	543
460	635
460	718
460	776
460	863
460	864
461	142
461	606
461	743
461	926
461	972
461	998
462	773
462	927
462	951
462	952
462	990
462	995
463	406
463	548
463	748
463	765
463	794
463	855
464	411
464	489
464	704
464	922
464	960
464	972
465	385
465	472
465	735
465	866
465	895
465	933
466	653
466	718
466	741
466	907
466	953
466	970
467	106
467	486
467	632
467	657
467	916
467	947
468	95
468	740
468	828
468	964
468	982
468	988
469	240
469	532
469	596
469	764
469	823
469	985
470	725
470	927
470	929
470	936
470	973
470	998
471	71
471	416
471	607
471	911
471	983
471	996
472	379
472	465
472	674
472	823
472	826
472	960
473	63
473	568
473	657
473	770
473	837
473	945
474	82
474	220
474	390
474	511
474	543
474	757
475	503
475	554
475	914
475	961
475	971
475	996
476	735
476	788
476	804
476	815
476	956
476	991
477	176
477	195
477	274
477	652
477	680
477	842
478	511
478	525
478	761
478	839
478	928
478	955
479	137
479	236
479	267
479	628
479	630
479	658
480	656
480	711
480	945
480	955
480	964
480	994
481	265
481	664
481	843
481	947
481	979
481	992
482	321
482	695
482	832
482	860
482	973
482	989
483	591
483	594
483	877
483	960
483	972
483	995
484	419
484	535
484	600
484	904
484	977
484	987
485	323
485	723
485	765
485	884
485	959
485	995
486	246
486	467
486	677
486	856
486	902
486	935
487	302
487	393
487	650
487	834
487	856
487	946
488	398
488	658
488	661
488	860
488	992
488	994
489	464
489	792
489	852
489	867
489	873
489	926
490	174
490	791
490	866
490	882
490	895
490	940
491	617
491	636
491	767
491	844
491	876
491	932
492	437
492	506
492	540
492	836
492	919
492	936
492	962
493	215
493	556
493	859
493	894
493	899
493	928
493	988
494	152
494	582
494	816
494	914
494	931
494	961
494	998
495	415
495	643
495	711
495	786
495	811
495	921
495	954
496	8
496	626
496	676
496	767
496	923
496	932
496	943
497	417
497	725
497	828
497	949
497	977
497	987
497	995
498	861
498	863
498	886
498	949
498	953
498	983
498	987
499	603
499	681
499	697
499	723
499	753
499	883
499	974
500	310
500	311
500	629
500	770
500	903
500	912
500	974
501	344
501	418
501	519
501	751
501	815
501	873
501	937
502	670
502	814
502	839
502	870
502	885
502	933
502	966
503	454
503	475
503	616
503	869
503	891
503	931
503	961
504	586
504	764
504	846
504	949
504	950
504	970
504	977
505	523
505	656
505	777
505	784
505	841
505	891
505	894
506	303
506	492
506	531
506	559
506	588
506	589
506	947
507	20
507	795
507	831
507	886
507	887
507	933
507	1000
508	14
508	148
508	773
508	813
508	932
508	981
508	997
509	85
509	228
509	289
509	833
509	858
509	889
509	984
510	791
510	939
510	952
510	963
510	973
510	989
510	995
511	246
511	314
511	474
511	478
511	761
511	872
511	971
512	243
512	585
512	610
512	665
512	747
512	794
512	925
513	70
513	205
513	893
513	985
513	990
513	993
513	996
514	396
514	598
514	671
514	701
514	827
514	897
514	997
515	78
515	808
515	901
515	902
515	916
515	935
515	958
516	635
516	732
516	844
516	932
516	943
516	944
516	972
517	187
517	575
517	583
517	690
517	792
517	824
517	995
518	816
518	891
518	903
518	915
518	958
518	973
518	989
519	331
519	501
519	733
519	760
519	824
519	954
519	956
520	183
520	229
520	525
520	540
520	761
520	800
520	1000
521	813
521	876
521	945
521	968
521	988
521	992
521	994
522	271
522	318
522	582
522	778
522	833
522	889
522	893
523	197
523	392
523	433
523	505
523	673
523	886
523	972
524	18
524	89
524	314
524	757
524	814
524	913
524	954
525	390
525	478
525	520
525	779
525	808
525	827
525	904
526	616
526	624
526	647
526	698
526	898
526	912
526	962
527	68
527	286
527	384
527	834
527	845
527	973
527	979
528	377
528	459
528	539
528	580
528	672
528	735
528	892
529	646
529	837
529	869
529	914
529	931
529	961
529	962
530	557
530	904
530	913
530	928
530	979
530	984
530	987
531	21
531	314
531	506
531	870
531	904
531	910
531	967
532	24
532	195
532	368
532	469
532	887
532	933
532	1000
533	656
533	756
533	759
533	869
533	952
533	958
533	976
534	20
534	797
534	952
534	986
534	994
534	996
534	999
535	484
535	630
535	733
535	840
535	876
535	919
535	994
536	263
536	636
536	777
536	898
536	976
536	985
536	999
537	99
537	422
537	725
537	781
537	857
537	905
537	1000
538	90
538	370
538	408
538	752
538	812
538	853
538	981
539	261
539	528
539	692
539	717
539	728
539	878
539	918
540	132
540	226
540	492
540	520
540	801
540	915
540	962
541	255
541	320
541	708
541	891
541	918
541	928
541	975
542	373
542	574
542	632
542	677
542	750
542	809
542	939
543	268
543	319
543	460
543	474
543	608
543	913
543	983
544	197
544	219
544	573
544	867
544	949
544	951
544	983
545	577
545	746
545	871
545	878
545	880
545	984
545	992
546	243
546	309
546	858
546	864
546	913
546	950
546	992
547	383
547	661
547	847
547	877
547	916
547	941
547	994
548	463
548	821
548	887
548	905
548	943
548	966
548	1000
549	102
549	238
549	439
549	792
549	925
549	952
549	976
550	262
550	742
550	820
550	923
550	947
550	981
550	997
551	607
551	879
551	939
551	948
551	956
551	985
551	996
552	367
552	566
552	604
552	951
552	960
552	972
552	974
553	560
553	620
553	771
553	874
553	923
553	934
553	974
554	475
554	558
554	720
554	789
554	827
554	931
554	953
555	220
555	778
555	799
555	858
555	889
555	920
555	991
556	493
556	839
556	900
556	938
556	945
556	979
556	984
557	530
557	693
557	708
557	843
557	894
557	928
557	969
557	972
558	144
558	375
558	443
558	554
558	613
558	845
558	866
558	969
559	141
559	144
559	303
559	506
559	870
559	962
559	975
559	978
560	553
560	580
560	667
560	668
560	751
560	815
560	953
560	983
561	268
561	572
561	816
561	926
561	941
561	959
561	986
561	995
562	588
562	666
562	930
562	960
562	973
562	986
562	995
562	998
563	3
563	21
563	193
563	332
563	397
563	795
563	941
563	942
564	41
564	813
564	840
564	893
564	954
564	958
564	996
564	999
565	31
565	663
565	704
565	729
565	760
565	772
565	840
565	950
566	270
566	453
566	552
566	597
566	742
566	820
566	867
566	951
567	41
567	161
567	368
567	590
567	613
567	681
567	981
567	997
568	202
568	412
568	473
568	724
568	825
568	837
568	898
568	900
569	237
569	764
569	774
569	813
569	866
569	905
569	940
569	995
570	447
570	639
570	722
570	729
570	746
570	970
570	977
570	987
571	294
571	404
571	669
571	835
571	896
571	922
571	950
571	991
572	351
572	561
572	583
572	597
572	731
572	764
572	937
572	995
573	245
573	392
573	544
573	683
573	743
573	829
573	957
573	995
574	58
574	385
574	542
574	614
574	901
574	935
574	940
574	988
575	131
575	517
575	731
575	765
575	926
575	970
575	972
575	995
576	704
576	752
576	845
576	853
576	923
576	965
576	983
576	987
577	545
577	702
577	755
577	796
577	875
577	883
577	884
577	989
578	157
578	315
578	695
578	784
578	814
578	838
578	933
578	1000
579	163
579	708
579	886
579	894
579	928
579	944
579	964
579	979
580	249
580	446
580	528
580	560
580	836
580	943
580	950
580	977
581	108
581	415
581	632
581	705
581	901
581	913
581	916
581	1000
582	426
582	457
582	494
582	522
582	869
582	914
582	931
582	961
583	392
583	517
583	572
583	745
583	816
583	856
583	959
583	988
584	75
584	98
584	598
584	831
584	978
584	982
584	992
584	1000
585	119
585	512
585	665
585	808
585	861
585	938
585	966
585	984
586	504
586	599
586	697
586	704
586	762
586	865
586	890
586	977
587	264
587	397
587	789
587	869
587	914
587	931
587	953
587	961
588	506
588	562
588	596
588	628
588	860
588	890
588	946
588	991
589	258
589	506
589	742
589	774
589	812
589	871
589	981
589	997
590	303
590	567
590	621
590	662
590	757
590	761
590	870
590	940
591	310
591	483
591	781
591	824
591	846
591	951
591	960
591	972
592	238
592	292
592	398
592	758
592	887
592	924
592	946
592	955
593	836
593	890
593	967
593	968
593	978
593	988
593	992
593	994
594	218
594	483
594	666
594	807
594	908
594	982
594	993
594	998
595	150
595	298
595	304
595	691
595	819
595	930
595	948
595	966
596	469
596	588
596	739
596	849
596	864
596	924
596	944
596	955
597	270
597	566
597	572
597	792
597	801
597	888
597	984
597	995
598	514
598	584
598	752
598	813
598	822
598	887
598	981
598	997
599	429
599	586
599	872
599	913
599	928
599	965
599	970
599	983
600	314
600	403
600	484
600	863
600	950
600	961
600	965
600	987
601	191
601	208
601	822
601	949
601	960
601	970
601	987
601	988
602	6
602	454
602	744
602	751
602	926
602	942
602	959
602	995
603	93
603	499
603	719
603	753
603	817
603	934
603	974
603	993
604	293
604	336
604	552
604	762
604	821
604	967
604	978
604	992
605	377
605	663
605	678
605	729
605	872
605	906
605	970
605	983
606	461
606	637
606	763
606	793
606	872
606	929
606	930
606	980
607	19
607	327
607	471
607	551
607	702
607	881
607	897
607	958
608	267
608	322
608	543
608	666
608	763
608	825
608	879
608	947
609	40
609	394
609	687
609	753
609	808
609	852
609	882
609	966
610	421
610	512
610	667
610	852
610	868
610	882
610	966
610	988
611	145
611	754
611	938
611	948
611	973
611	985
611	990
611	996
612	669
612	780
612	784
612	787
612	794
612	802
612	855
612	1000
613	52
613	164
613	558
613	567
613	674
613	870
613	891
613	900
614	134
614	296
614	448
614	574
614	706
614	749
614	809
614	916
615	84
615	242
615	679
615	784
615	834
615	855
615	964
615	1000
616	503
616	526
616	827
616	869
616	878
616	893
616	931
616	961
617	491
617	753
617	874
617	891
617	923
617	934
617	974
617	988
618	50
618	295
618	697
618	809
618	845
618	896
618	928
618	979
619	341
619	378
619	438
619	456
619	796
619	865
619	930
619	993
620	553
620	661
620	897
620	964
620	967
620	968
620	972
620	992
621	13
621	590
621	707
621	831
621	926
621	941
621	968
621	994
622	451
622	760
622	768
622	888
622	906
622	924
622	946
622	995
623	648
623	915
623	920
623	937
623	961
623	975
623	977
623	986
623	989
624	67
624	235
624	268
624	318
624	526
624	837
624	898
624	912
624	957
625	256
625	312
625	430
625	638
625	847
625	881
625	917
625	924
625	950
626	36
626	149
626	228
626	496
626	633
626	732
626	803
626	932
626	943
627	227
627	287
627	433
627	454
627	679
627	824
627	867
627	984
627	999
628	145
628	479
628	588
628	711
628	760
628	833
628	849
628	906
628	955
629	138
629	140
629	378
629	500
629	837
629	888
629	898
629	912
629	965
630	137
630	171
630	198
630	479
630	535
630	855
630	873
630	878
630	879
631	235
631	806
631	817
631	903
631	920
631	963
631	973
631	974
631	975
632	58
632	467
632	542
632	581
632	728
632	810
632	863
632	940
632	947
633	182
633	626
633	712
633	737
633	739
633	923
633	957
633	970
633	990
634	44
634	382
634	713
634	828
634	863
634	886
634	970
634	983
634	987
635	121
635	460
635	516
635	676
635	730
635	798
635	932
635	943
635	973
636	49
636	109
636	491
636	536
636	730
636	798
636	844
636	932
636	943
637	223
637	606
637	778
637	867
637	886
637	903
637	963
637	973
637	986
638	165
638	227
638	231
638	307
638	625
638	749
638	847
638	917
638	976
639	209
639	400
639	570
639	847
639	907
639	913
639	970
639	976
639	977
640	402
640	424
640	834
640	875
640	941
640	945
640	968
640	992
640	996
641	57
641	101
641	405
641	649
641	828
641	835
641	924
641	982
641	983
642	273
642	698
642	877
642	903
642	967
642	968
642	978
642	988
642	994
643	233
643	374
643	495
643	763
643	783
643	876
643	941
643	971
643	988
644	349
644	816
644	875
644	926
644	951
644	960
644	972
644	987
644	995
645	170
645	749
645	846
645	903
645	931
645	939
645	963
645	980
645	986
646	185
646	529
646	789
646	827
646	857
646	914
646	916
646	931
646	961
647	62
647	107
647	156
647	526
647	721
647	724
647	770
647	790
647	934
648	623
648	916
648	917
648	930
648	936
648	939
648	943
648	986
648	993
649	126
649	244
649	641
649	750
649	814
649	882
649	918
649	946
649	951
650	487
650	817
650	878
650	915
650	955
650	971
650	973
650	975
650	998
651	9
651	679
651	821
651	843
651	855
651	886
651	937
651	977
651	1000
652	72
652	175
652	457
652	477
652	782
652	875
652	885
652	891
652	979
653	55
653	466
653	690
653	751
653	909
653	913
653	953
653	994
653	999
654	144
654	344
654	828
654	899
654	924
654	942
654	944
654	955
654	994
655	118
655	130
655	133
655	825
655	850
655	867
655	921
655	925
655	956
656	397
656	399
656	480
656	505
656	533
656	900
656	910
656	969
656	984
657	202
657	387
657	467
657	473
657	698
657	721
657	770
657	898
657	973
658	3
658	45
658	420
658	479
658	488
658	831
658	917
658	982
658	995
659	215
659	265
659	391
659	810
659	843
659	903
659	916
659	935
659	961
660	362
660	691
660	694
660	738
660	790
660	819
660	852
660	882
660	966
661	48
661	488
661	547
661	620
661	883
661	892
661	929
661	978
661	988
662	183
662	390
662	424
662	590
662	779
662	904
662	915
662	943
662	962
663	264
663	565
663	605
663	729
663	823
663	939
663	956
663	977
663	987
664	348
664	361
664	415
664	481
664	723
664	782
664	809
664	818
664	843
664	947
665	512
665	585
665	691
665	819
665	852
665	882
665	916
665	966
665	982
665	993
666	562
666	594
666	608
666	791
666	832
666	904
666	962
666	964
666	986
666	998
667	560
667	610
667	710
667	801
667	825
667	851
667	868
667	919
667	956
667	980
668	399
668	560
668	678
668	706
668	752
668	815
668	863
668	878
668	953
668	965
669	115
669	350
669	366
669	419
669	571
669	612
669	692
669	781
669	899
669	991
670	147
670	315
670	326
670	415
670	502
670	779
670	904
670	919
670	952
670	962
671	368
671	400
671	514
671	681
671	774
671	820
671	920
671	957
671	995
671	997
672	528
672	692
672	697
672	710
672	740
672	763
672	876
672	888
672	937
672	957
673	27
673	54
673	328
673	392
673	523
673	734
673	902
673	947
673	959
673	995
674	233
674	472
674	613
674	834
674	848
674	891
674	895
674	900
674	910
674	979
675	401
675	737
675	828
675	836
675	851
675	908
675	909
675	965
675	972
675	987
676	173
676	496
676	635
676	730
676	732
676	798
676	932
676	970
676	985
676	999
677	231
677	486
677	542
677	706
677	752
677	809
677	843
677	848
677	901
677	902
678	605
678	668
678	722
678	828
678	830
678	836
678	850
678	942
678	953
678	991
679	303
679	615
679	627
679	651
679	813
679	855
679	862
679	887
679	933
679	1000
680	300
680	353
680	477
680	722
680	775
680	842
680	847
680	881
680	903
680	917
681	400
681	499
681	567
681	671
681	813
681	893
681	894
681	950
681	981
681	997
682	62
682	69
682	404
682	440
682	441
682	818
682	899
682	934
682	990
682	994
683	232
683	573
683	685
683	869
683	925
683	927
683	938
683	957
683	996
683	999
684	107
684	116
684	357
684	433
684	779
684	858
684	870
684	957
684	962
684	996
685	5
685	683
685	869
685	942
685	964
685	968
685	978
685	982
685	988
685	992
686	689
686	764
686	774
686	796
686	863
686	881
686	893
686	895
686	905
686	940
687	405
687	430
687	609
687	715
687	747
687	790
687	852
687	882
687	960
687	966
688	459
688	771
688	830
688	875
688	885
688	910
688	978
688	979
688	984
688	999
689	393
689	686
689	709
689	764
689	826
689	895
689	912
689	927
689	940
689	977
690	50
690	517
690	653
690	743
690	762
690	845
690	848
690	859
690	910
690	969
690	978
691	595
691	660
691	665
691	741
691	808
691	817
691	819
691	962
691	966
691	976
691	983
692	398
692	539
692	669
692	672
692	741
692	781
692	818
692	835
692	905
692	975
692	991
693	376
693	557
693	738
693	784
693	794
693	803
693	816
693	821
693	825
693	838
693	1000
694	194
694	422
694	660
694	695
694	696
694	865
694	903
694	930
694	980
694	986
694	998
695	74
695	482
695	578
695	694
695	791
695	908
695	925
695	939
695	960
695	975
695	998
696	353
696	425
696	448
696	694
696	877
696	942
696	952
696	964
696	968
696	979
696	982
697	10
697	247
697	387
697	499
697	586
697	618
697	672
697	846
697	875
697	900
697	969
698	34
698	156
698	526
698	642
698	657
698	831
698	837
698	898
698	912
698	945
698	977
699	265
699	381
699	439
699	448
699	727
699	961
699	964
699	967
699	982
699	984
699	994
700	84
700	801
700	819
700	830
700	834
700	840
700	850
700	870
700	892
700	919
700	956
701	88
701	224
701	324
701	514
701	791
701	820
701	866
701	881
701	929
701	989
701	993
702	2
702	330
702	366
702	377
702	577
702	607
702	903
702	915
702	975
702	980
702	985
703	131
703	360
703	729
703	745
703	767
703	798
703	818
703	844
703	932
703	943
703	971
704	423
704	464
704	565
704	576
704	586
704	722
704	726
704	849
704	954
704	977
704	983
705	265
705	382
705	389
705	452
705	581
705	870
705	888
705	901
705	916
705	935
705	988
706	58
706	215
706	455
706	614
706	668
706	677
706	851
706	863
706	901
706	902
706	947
707	168
707	305
707	621
707	750
707	863
707	942
707	945
707	982
707	988
707	992
707	994
708	263
708	541
708	557
708	579
708	846
708	877
708	911
708	946
708	962
708	979
708	995
709	432
709	689
709	716
709	823
709	826
709	850
709	866
709	905
709	912
709	940
709	976
710	88
710	306
710	326
710	358
710	395
710	667
710	672
710	831
710	850
710	937
710	995
711	325
711	480
711	495
711	628
711	900
711	941
711	942
711	964
711	978
711	982
711	988
712	633
712	785
712	893
712	910
712	952
712	966
712	979
712	985
712	990
712	996
712	999
713	244
713	374
713	634
713	853
713	864
713	909
713	913
713	921
713	965
713	986
713	987
714	49
714	81
714	280
714	803
714	841
714	854
714	925
714	938
714	990
714	992
714	999
715	5
715	394
715	687
715	808
715	861
715	882
715	966
715	983
715	994
715	998
715	1000
716	193
716	372
716	428
716	709
716	841
716	845
716	905
716	911
716	969
716	979
716	984
717	301
717	393
717	539
717	736
717	768
717	775
717	781
717	828
717	946
717	979
717	996
718	109
718	243
718	373
718	460
718	466
718	798
718	799
718	805
718	864
718	913
718	921
719	198
719	342
719	603
719	771
719	883
719	908
719	923
719	934
719	938
719	974
719	980
720	554
720	767
720	941
720	942
720	945
720	967
720	968
720	981
720	988
720	992
720	995
721	188
721	452
721	647
721	657
721	770
721	789
721	871
721	882
721	898
721	903
721	912
722	99
722	336
722	374
722	570
722	678
722	680
722	704
722	905
722	949
722	965
722	983
723	281
723	429
723	485
723	499
723	664
723	759
723	803
723	838
723	843
723	902
723	947
724	104
724	268
724	350
724	452
724	568
724	647
724	744
724	770
724	837
724	898
724	906
724	919
725	4
725	69
725	88
725	470
725	497
725	537
725	818
725	857
725	860
725	924
725	944
725	991
726	339
726	704
726	731
726	748
726	814
726	927
726	952
726	958
726	971
726	976
726	990
726	996
727	86
727	196
727	332
727	432
727	699
727	833
727	946
727	967
727	978
727	982
727	988
727	994
728	214
728	325
728	438
728	539
728	632
728	785
728	805
728	835
728	856
728	924
728	961
728	968
729	161
729	374
729	565
729	570
729	605
729	663
729	703
729	789
729	864
729	965
729	987
729	989
730	19
730	73
730	222
730	411
730	635
730	636
730	676
730	745
730	767
730	839
730	932
730	943
731	90
731	572
731	575
731	726
731	892
731	907
731	912
731	948
731	958
731	971
731	990
731	996
732	344
732	441
732	516
732	626
732	676
732	745
732	767
732	844
732	867
732	932
732	943
732	998
733	143
733	363
733	372
733	519
733	535
733	754
733	782
733	850
733	879
733	956
733	983
733	985
734	100
734	454
734	673
734	792
734	817
734	824
734	880
734	951
734	957
734	959
734	960
734	965
735	6
735	465
735	476
735	528
735	801
735	879
735	930
735	937
735	956
735	985
735	996
735	1000
736	30
736	101
736	123
736	717
736	750
736	760
736	856
736	899
736	922
736	984
736	989
736	991
737	67
737	110
737	201
737	633
737	675
737	897
737	938
737	950
737	958
737	963
737	971
737	994
738	69
738	660
738	693
738	776
738	787
738	794
738	872
738	886
738	887
738	927
738	933
738	1000
739	121
739	400
739	596
739	633
739	752
739	773
739	812
739	820
739	844
739	945
739	981
739	997
740	65
740	468
740	672
740	754
740	763
740	780
740	791
740	811
740	879
740	888
740	911
740	963
741	394
741	447
741	466
741	691
741	692
741	747
741	790
741	808
741	852
741	861
741	966
741	979
742	87
742	148
742	163
742	208
742	299
742	550
742	566
742	589
742	752
742	978
742	981
742	997
743	56
743	417
743	461
743	573
743	690
743	744
743	756
743	792
743	884
743	921
743	951
743	960
744	63
744	66
744	279
744	602
744	724
744	743
744	816
744	911
744	942
744	960
744	988
744	995
745	103
745	256
745	583
745	703
745	730
745	732
745	795
745	798
745	844
745	932
745	943
745	955
746	345
746	545
746	570
746	939
746	963
746	973
746	986
746	989
746	991
746	993
746	998
746	1000
747	421
747	512
747	687
747	741
747	757
747	790
747	819
747	852
747	861
747	899
747	919
747	998
748	22
748	127
748	347
748	463
748	726
748	838
748	873
748	883
748	886
748	887
748	981
748	1000
749	321
749	430
749	614
749	638
749	645
749	775
749	842
749	847
749	861
749	917
749	929
749	996
750	99
750	157
750	194
750	273
750	276
750	542
750	649
750	707
750	736
750	860
750	948
750	976
751	83
751	113
751	366
751	501
751	560
751	602
751	653
751	837
751	879
751	892
751	921
751	954
752	13
752	538
752	576
752	598
752	668
752	677
752	739
752	742
752	773
752	873
752	981
752	997
753	206
753	499
753	603
753	609
753	617
753	755
753	874
753	883
753	923
753	934
753	974
753	996
754	338
754	611
754	733
754	740
754	756
754	772
754	782
754	825
754	873
754	891
754	919
754	972
755	178
755	359
755	412
755	577
755	753
755	762
755	858
755	864
755	875
755	887
755	894
755	969
755	984
756	358
756	392
756	395
756	533
756	743
756	754
756	782
756	786
756	788
756	801
756	821
756	837
756	919
757	280
757	314
757	407
757	474
757	524
757	590
757	747
757	779
757	839
757	876
757	890
757	904
757	992
758	9
758	213
758	442
758	592
758	818
758	856
758	860
758	891
758	914
758	944
758	975
758	990
758	991
759	176
759	177
759	213
759	533
759	723
759	766
759	862
759	907
759	922
759	938
759	957
759	976
759	985
760	81
760	343
760	519
760	565
760	622
760	628
760	736
760	768
760	835
760	918
760	924
760	955
760	991
761	226
761	296
761	437
761	478
761	511
761	520
761	590
761	796
761	814
761	884
761	904
761	962
761	986
762	7
762	233
762	586
762	604
762	690
762	755
762	846
762	852
762	910
762	911
762	928
762	969
762	985
763	15
763	361
763	606
763	608
763	643
763	672
763	740
763	781
763	782
763	783
763	934
763	954
763	956
764	66
764	237
764	469
764	504
764	569
764	572
764	686
764	689
764	866
764	881
764	895
764	896
764	940
765	197
765	463
765	485
765	575
765	799
765	804
765	922
765	951
765	960
765	972
765	990
765	995
765	997
766	182
766	199
766	322
766	759
766	801
766	824
766	897
766	922
766	958
766	971
766	976
766	996
766	998
767	360
767	491
767	496
767	703
767	720
767	730
767	732
767	779
767	844
767	849
767	932
767	943
767	944
768	28
768	46
768	164
768	622
768	717
768	760
768	851
768	857
768	899
768	906
768	989
768	991
768	997
769	55
769	280
769	328
769	781
769	854
769	897
769	925
769	968
769	971
769	976
769	985
769	988
769	996
770	169
770	241
770	310
770	379
770	473
770	500
770	647
770	657
770	721
770	724
770	771
770	898
770	932
771	10
771	111
771	553
771	688
771	719
771	770
771	842
771	874
771	883
771	923
771	927
771	934
771	974
772	111
772	143
772	565
772	754
772	800
772	801
772	864
772	873
772	876
772	877
772	888
772	921
772	946
773	161
773	320
773	444
773	462
773	508
773	739
773	752
773	798
773	813
773	850
773	981
773	997
773	998
774	167
774	385
774	569
774	589
774	671
774	686
774	826
774	866
774	895
774	905
774	940
774	978
774	997
775	115
775	132
775	165
775	430
775	446
775	680
775	717
775	749
775	847
775	881
775	945
775	973
775	991
776	3
776	248
776	460
776	738
776	804
776	832
776	908
776	975
776	980
776	986
776	989
776	993
776	998
777	53
777	382
777	391
777	505
777	536
777	854
777	857
777	915
777	937
777	957
777	971
777	990
777	999
778	59
778	91
778	234
778	241
778	271
778	358
778	522
778	555
778	637
778	797
778	833
778	858
778	889
779	272
779	303
779	437
779	525
779	662
779	670
779	684
779	757
779	767
779	803
779	866
779	911
779	952
779	962
780	131
780	317
780	434
780	612
780	740
780	841
780	848
780	872
780	875
780	884
780	911
780	919
780	928
780	979
781	537
781	591
781	669
781	692
781	717
781	763
781	769
781	835
781	849
781	864
781	896
781	904
781	918
781	991
782	87
782	236
782	388
782	652
782	664
782	733
782	754
782	756
782	763
782	788
782	801
782	822
782	879
782	888
783	64
783	169
783	358
783	643
783	763
783	786
783	800
783	848
783	873
783	889
783	892
783	893
783	916
783	949
784	295
784	299
784	434
784	505
784	578
784	612
784	615
784	693
784	787
784	838
784	872
784	887
784	996
784	1000
785	159
785	302
785	350
785	440
785	712
785	728
785	860
785	899
785	924
785	944
785	980
785	990
785	996
785	999
786	127
786	199
786	233
786	394
786	495
786	756
786	783
786	811
786	821
786	868
786	875
786	919
786	949
786	954
787	612
787	738
787	784
787	794
787	795
787	821
787	834
787	871
787	909
787	912
787	926
787	933
787	994
787	1000
788	83
788	206
788	255
788	292
788	370
788	476
788	756
788	782
788	840
788	850
788	879
788	932
788	980
788	991
789	74
789	152
789	257
789	554
789	587
789	646
789	721
789	729
789	827
789	914
789	931
789	961
789	974
789	987
790	647
790	660
790	687
790	741
790	747
790	808
790	852
790	861
790	882
790	897
790	901
790	920
790	966
790	967
791	366
791	490
791	510
791	666
791	695
791	701
791	740
791	806
791	832
791	871
791	939
791	954
791	988
791	998
792	79
792	367
792	445
792	489
792	517
792	549
792	597
792	734
792	743
792	854
792	972
792	983
792	995
792	999
793	196
793	327
793	421
793	606
793	863
793	871
793	884
793	908
793	915
793	971
793	986
793	989
793	993
793	998
794	216
794	463
794	512
794	612
794	693
794	738
794	787
794	795
794	817
794	834
794	883
794	976
794	991
794	1000
795	23
795	266
795	289
795	507
795	563
795	745
795	787
795	794
795	855
795	862
795	933
795	947
795	970
795	1000
796	25
796	403
796	443
796	577
796	619
796	686
796	761
796	813
796	865
796	929
796	963
796	973
796	989
796	998
797	20
797	110
797	201
797	323
797	534
797	778
797	968
797	971
797	985
797	987
797	990
797	995
797	996
797	999
798	130
798	360
798	635
798	636
798	676
798	703
798	718
798	745
798	773
798	844
798	932
798	943
798	959
798	981
799	85
799	180
799	241
799	386
799	388
799	400
799	555
799	718
799	765
799	833
799	856
799	858
799	889
799	999
800	143
800	189
800	425
800	458
800	520
800	772
800	783
800	873
800	874
800	876
800	919
800	922
800	954
800	956
801	378
801	540
801	597
801	667
801	700
801	735
801	756
801	766
801	772
801	782
801	807
801	868
801	919
801	953
802	125
802	302
802	339
802	420
802	449
802	612
802	831
802	841
802	941
802	958
802	964
802	978
802	982
802	988
802	994
803	47
803	78
803	113
803	126
803	410
803	626
803	693
803	714
803	723
803	779
803	809
803	916
803	935
803	947
803	970
804	70
804	279
804	355
804	476
804	765
804	776
804	810
804	829
804	867
804	926
804	951
804	960
804	968
804	971
804	979
805	16
805	423
805	442
805	718
805	728
805	811
805	815
805	879
805	890
805	909
805	950
805	953
805	965
805	977
805	983
806	39
806	223
806	269
806	312
806	456
806	631
806	791
806	925
806	963
806	976
806	978
806	985
806	990
806	996
806	999
807	10
807	329
807	594
807	801
807	878
807	884
807	908
807	936
807	939
807	943
807	946
807	973
807	980
807	985
807	993
808	47
808	146
808	150
808	515
808	525
808	585
808	609
808	691
808	715
808	741
808	790
808	851
808	882
808	914
808	966
809	78
809	89
809	284
809	404
809	542
809	614
809	618
809	664
809	677
809	803
809	862
809	894
809	901
809	902
809	946
810	62
810	89
810	139
810	363
810	382
810	450
810	632
810	659
810	804
810	825
810	848
810	901
810	902
810	916
810	935
811	26
811	457
811	495
811	740
811	786
811	805
811	825
811	832
811	873
811	895
811	896
811	907
811	919
811	921
811	937
812	64
812	159
812	252
812	262
812	348
812	442
812	538
812	589
812	739
812	813
812	820
812	862
812	914
812	981
812	997
813	74
813	274
813	311
813	508
813	521
813	564
813	569
813	598
813	679
813	681
813	773
813	796
813	812
813	826
813	981
813	997
814	107
814	147
814	272
814	333
814	419
814	436
814	502
814	524
814	578
814	649
814	726
814	761
814	839
814	870
814	904
814	962
815	136
815	285
815	414
815	476
815	501
815	560
815	668
815	805
815	853
815	903
815	950
815	952
815	953
815	965
815	970
815	977
816	287
816	351
816	433
816	494
816	518
816	561
816	583
816	644
816	693
816	744
816	829
816	895
816	943
816	951
816	959
816	985
817	123
817	238
817	282
817	603
817	631
817	650
817	691
817	734
817	794
817	884
817	920
817	929
817	950
817	975
817	980
817	993
818	155
818	219
818	381
818	664
818	682
818	692
818	703
818	725
818	758
818	856
818	895
818	906
818	908
818	946
818	955
818	991
819	112
819	179
819	384
819	595
819	660
819	665
819	691
819	700
819	747
819	841
819	861
819	882
819	938
819	982
819	993
819	999
820	211
820	348
820	356
820	400
820	447
820	550
820	566
820	671
820	701
820	739
820	812
820	853
820	874
820	963
820	981
820	997
821	548
821	604
821	651
821	693
821	756
821	786
821	787
821	830
821	838
821	862
821	872
821	886
821	887
821	933
821	960
821	989
822	55
822	109
822	128
822	598
822	601
822	782
822	851
822	853
822	890
822	904
822	913
822	950
822	959
822	965
822	970
822	993
823	86
823	114
823	337
823	427
823	469
823	472
823	663
823	709
823	826
823	866
823	893
823	895
823	896
823	905
823	940
823	956
824	351
824	357
824	403
824	517
824	519
824	591
824	627
824	734
824	766
824	832
824	854
824	959
824	960
824	972
824	995
824	997
825	117
825	353
825	356
825	568
825	608
825	655
825	667
825	693
825	754
825	810
825	811
825	859
825	888
825	937
825	956
825	999
826	260
826	351
826	385
826	472
826	689
826	709
826	774
826	813
826	823
826	866
826	895
826	905
826	909
826	935
826	940
826	971
827	8
827	46
827	168
827	279
827	514
827	525
827	554
827	616
827	646
827	789
827	849
827	869
827	914
827	931
827	960
827	961
828	95
828	209
828	468
828	497
828	634
828	641
828	654
828	675
828	678
828	717
828	908
828	949
828	950
828	970
828	983
828	987
829	81
829	255
829	292
829	417
829	435
829	573
829	804
829	816
829	848
829	926
829	948
829	951
829	958
829	959
829	960
829	972
830	60
830	103
830	131
830	226
830	408
830	443
830	678
830	688
830	700
830	821
830	844
830	885
830	894
830	928
830	960
830	969
830	979
831	453
831	507
831	584
831	621
831	658
831	698
831	710
831	802
831	838
831	964
831	965
831	967
831	978
831	982
831	992
831	994
831	996
832	163
832	243
832	326
832	482
832	666
832	776
832	791
832	811
832	824
832	878
832	880
832	930
832	936
832	973
832	986
832	993
832	994
833	91
833	180
833	289
833	346
833	388
833	509
833	522
833	628
833	727
833	778
833	799
833	889
833	951
833	965
833	979
833	981
833	998
834	45
834	266
834	304
834	487
834	527
834	615
834	640
834	674
834	700
834	787
834	794
834	855
834	862
834	872
834	886
834	933
834	1000
835	17
835	204
835	384
835	571
835	641
835	692
835	728
835	760
835	781
835	838
835	849
835	888
835	918
835	955
835	974
835	993
835	996
836	14
836	319
836	349
836	414
836	492
836	580
836	593
836	675
836	678
836	863
836	876
836	890
836	949
836	970
836	977
836	987
836	989
837	77
837	160
837	217
837	379
837	452
837	473
837	529
837	568
837	624
837	629
837	698
837	724
837	751
837	756
837	898
837	912
837	949
838	23
838	156
838	578
838	693
838	723
838	748
838	784
838	821
838	831
838	835
838	841
838	862
838	871
838	872
838	886
838	933
838	1000
839	18
839	226
839	272
839	357
839	431
839	437
839	478
839	502
839	556
839	730
839	757
839	814
839	845
839	858
839	895
839	936
839	962
840	172
840	214
840	535
840	564
840	565
840	700
840	788
840	858
840	868
840	874
840	876
840	879
840	915
840	921
840	954
840	956
840	966
841	166
841	211
841	342
841	505
841	714
841	716
841	780
841	802
841	819
841	838
841	846
841	875
841	885
841	900
841	966
841	984
841	990
842	115
842	122
842	165
842	181
842	256
842	278
842	381
842	477
842	680
842	749
842	771
842	847
842	881
842	917
842	924
842	933
842	987
843	284
843	345
843	389
843	481
843	557
843	651
843	659
843	664
843	677
843	723
843	916
843	924
843	935
843	947
843	972
843	981
843	989
844	65
844	98
844	298
844	445
844	491
844	516
844	636
844	703
844	732
844	739
844	745
844	767
844	798
844	830
844	888
844	896
844	932
844	943
845	71
845	153
845	445
845	527
845	558
845	576
845	618
845	690
845	716
845	839
845	846
845	854
845	859
845	876
845	911
845	960
845	979
845	984
846	89
846	153
846	224
846	359
846	504
846	591
846	645
846	697
846	708
846	762
846	841
846	845
846	875
846	910
846	979
846	984
846	987
846	998
847	235
847	242
847	251
847	321
847	547
847	625
847	638
847	639
847	680
847	749
847	775
847	842
847	874
847	881
847	912
847	917
847	974
847	981
848	44
848	129
848	387
848	396
848	428
848	674
848	677
848	690
848	780
848	783
848	810
848	829
848	859
848	900
848	910
848	911
848	918
848	979
849	155
849	213
849	362
849	402
849	442
849	596
849	628
849	704
849	767
849	781
849	827
849	835
849	860
849	917
849	944
849	946
849	990
849	991
850	6
850	51
850	117
850	236
850	411
850	655
850	678
850	700
850	709
850	710
850	733
850	773
850	788
850	868
850	876
850	921
850	937
850	946
851	96
851	105
851	278
851	321
851	667
851	675
851	706
851	768
851	808
851	822
851	853
851	864
851	890
851	913
851	949
851	977
851	989
851	1000
852	39
852	106
852	384
852	489
852	609
852	610
852	660
852	665
852	687
852	741
852	747
852	762
852	790
852	861
852	916
852	922
852	946
852	966
853	95
853	209
853	352
853	371
853	458
853	538
853	576
853	713
853	815
853	820
853	822
853	851
853	863
853	873
853	890
853	941
853	965
853	966
854	201
854	241
854	306
854	328
854	714
854	769
854	777
854	792
854	824
854	845
854	916
854	922
854	938
854	952
854	957
854	971
854	987
854	999
855	29
855	160
855	325
855	333
855	427
855	446
855	463
855	612
855	615
855	630
855	651
855	679
855	795
855	834
855	862
855	886
855	887
855	931
856	275
856	399
856	486
856	487
856	583
856	728
856	736
856	758
856	799
856	818
856	860
856	889
856	899
856	918
856	924
856	944
856	972
856	991
857	124
857	144
857	154
857	171
857	187
857	192
857	213
857	308
857	379
857	537
857	646
857	725
857	768
857	777
857	899
857	906
857	918
857	944
857	991
858	91
858	234
858	271
858	330
858	346
858	388
858	406
858	509
858	546
858	555
858	684
858	755
858	778
858	799
858	839
858	840
858	885
858	889
858	947
859	87
859	93
859	122
859	166
859	293
859	320
859	390
859	493
859	690
859	825
859	845
859	848
859	864
859	875
859	911
859	924
859	969
859	979
859	984
860	154
860	159
860	344
860	428
860	482
860	488
860	588
860	725
860	750
860	758
860	785
860	849
860	856
860	910
860	928
860	946
860	955
860	956
860	988
861	146
861	176
861	304
861	354
861	498
861	585
861	715
861	741
861	747
861	749
861	790
861	819
861	852
861	882
861	921
861	924
861	954
861	966
861	968
862	24
862	458
862	679
862	759
862	795
862	809
862	812
862	821
862	834
862	838
862	855
862	872
862	887
862	891
862	933
862	963
862	981
862	999
862	1000
863	59
863	460
863	498
863	600
863	632
863	634
863	668
863	686
863	706
863	707
863	793
863	836
863	853
863	906
863	909
863	913
863	950
863	965
863	993
864	105
864	190
864	245
864	248
864	460
864	546
864	596
864	713
864	718
864	729
864	755
864	772
864	781
864	851
864	859
864	950
864	970
864	987
864	1000
865	25
865	80
865	181
865	431
865	586
865	619
865	694
865	796
865	870
865	885
865	903
865	930
865	936
865	939
865	943
865	977
865	980
865	986
865	993
865	998
866	174
866	313
866	355
866	427
866	465
866	490
866	558
866	569
866	701
866	709
866	764
866	774
866	779
866	823
866	826
866	905
866	934
866	940
866	945
866	987
867	133
867	227
867	267
867	351
867	426
867	489
867	544
867	566
867	627
867	637
867	655
867	732
867	804
867	919
867	942
867	947
867	960
867	967
867	972
867	995
868	27
868	117
868	184
868	199
868	610
868	667
868	786
868	801
868	840
868	850
868	876
868	879
868	932
868	937
868	947
868	954
868	956
868	970
868	976
868	990
869	46
869	98
869	148
869	257
869	455
869	503
869	529
869	533
869	582
869	587
869	616
869	683
869	685
869	827
869	873
869	914
869	924
869	931
869	961
869	997
870	226
870	315
870	407
870	431
870	502
870	531
870	559
870	590
870	613
870	684
870	700
870	705
870	814
870	865
870	904
870	940
870	962
870	967
870	968
870	976
871	455
871	545
871	589
871	721
871	787
871	791
871	793
871	838
871	903
871	908
871	920
871	936
871	939
871	942
871	975
871	982
871	986
871	989
871	993
871	998
872	22
872	157
872	376
872	511
872	599
872	605
872	606
872	738
872	780
872	784
872	821
872	834
872	838
872	862
872	878
872	887
872	933
872	935
872	952
872	1000
873	118
873	459
873	489
873	501
873	630
873	748
873	752
873	754
873	772
873	783
873	800
873	811
873	853
873	869
873	876
873	878
873	879
873	892
873	954
873	978
874	92
874	111
874	253
874	254
874	316
874	553
874	617
874	753
874	771
874	800
874	820
874	840
874	847
874	883
874	902
874	923
874	929
874	934
874	956
874	974
875	218
875	270
875	412
875	577
875	640
875	644
875	652
875	688
875	697
875	755
875	780
875	786
875	841
875	846
875	859
875	896
875	900
875	928
875	969
875	996
876	54
876	353
876	491
876	521
876	535
876	643
876	672
876	757
876	772
876	800
876	836
876	840
876	845
876	850
876	868
876	873
876	888
876	921
876	929
876	954
877	48
877	101
877	317
877	404
877	483
877	547
877	642
877	696
877	708
877	772
877	920
877	941
877	945
877	958
877	964
877	967
877	968
877	978
877	982
877	992
877	994
878	80
878	263
878	539
878	545
878	616
878	630
878	650
878	668
878	807
878	832
878	872
878	873
878	929
878	930
878	931
878	936
878	939
878	973
878	975
878	980
878	993
879	27
879	244
879	261
879	405
879	551
879	608
879	630
879	733
879	735
879	740
879	751
879	782
879	788
879	805
879	840
879	868
879	873
879	880
879	889
879	919
879	991
880	1
880	25
880	82
880	359
880	545
880	734
880	832
880	879
880	901
880	908
880	929
880	936
880	944
880	948
880	963
880	975
880	980
880	986
880	989
880	993
880	998
881	14
881	132
881	195
881	251
881	300
881	316
881	321
881	381
881	430
881	607
881	625
881	680
881	686
881	701
881	764
881	775
881	842
881	847
881	917
881	975
881	982
882	5
882	15
882	384
882	416
882	490
882	609
882	610
882	649
882	660
882	665
882	687
882	715
882	721
882	790
882	808
882	819
882	861
882	885
882	889
882	901
882	966
883	61
883	207
883	275
883	380
883	436
883	499
883	577
883	661
883	719
883	748
883	753
883	771
883	794
883	874
883	920
883	921
883	923
883	934
883	963
883	974
883	989
884	28
884	37
884	80
884	203
884	246
884	449
884	485
884	577
884	743
884	761
884	780
884	793
884	807
884	817
884	908
884	915
884	945
884	975
884	989
884	992
884	998
885	40
885	263
885	282
885	286
885	375
885	408
885	502
885	652
885	688
885	830
885	841
885	858
885	865
885	882
885	894
885	910
885	942
885	950
885	969
885	979
885	984
886	17
886	140
886	216
886	347
886	498
886	507
886	523
886	579
886	634
886	637
886	651
886	738
886	748
886	821
886	834
886	838
886	855
886	887
886	917
886	933
886	1000
887	187
887	354
887	507
887	532
887	548
887	592
887	598
887	679
887	738
887	748
887	755
887	784
887	821
887	855
887	862
887	872
887	886
887	933
887	961
887	966
887	1000
888	151
888	171
888	276
888	312
888	457
888	597
888	622
888	629
888	672
888	705
888	740
888	772
888	782
888	825
888	835
888	844
888	876
888	892
888	919
888	937
888	956
888	997
889	130
889	170
889	234
889	271
889	289
889	330
889	346
889	386
889	406
889	509
889	522
889	555
889	778
889	783
889	799
889	833
889	856
889	858
889	879
889	882
889	940
889	952
890	230
890	278
890	586
890	588
890	593
890	757
890	805
890	822
890	836
890	851
890	853
890	891
890	898
890	909
890	934
890	936
890	949
890	953
890	955
890	965
890	983
890	987
891	93
891	317
891	359
891	397
891	428
891	503
891	505
891	518
891	541
891	613
891	617
891	652
891	674
891	754
891	758
891	862
891	890
891	900
891	928
891	935
891	979
891	984
892	65
892	200
892	253
892	291
892	328
892	378
892	457
892	459
892	528
892	661
892	700
892	731
892	751
892	783
892	873
892	888
892	898
892	927
892	937
892	946
892	954
892	965
893	53
893	293
893	513
893	522
893	564
893	616
893	681
893	686
893	712
893	783
893	823
893	925
893	927
893	948
893	952
893	957
893	958
893	985
893	990
893	996
893	997
893	999
894	70
894	129
894	178
894	263
894	365
894	434
894	493
894	505
894	557
894	579
894	681
894	755
894	809
894	830
894	885
894	900
894	921
894	959
894	965
894	982
894	984
894	986
895	185
895	219
895	240
895	313
895	337
895	465
895	490
895	674
895	686
895	689
895	764
895	774
895	811
895	816
895	818
895	823
895	826
895	839
895	905
895	920
895	940
895	999
896	94
896	194
896	361
896	399
896	404
896	418
896	571
896	618
896	764
896	781
896	811
896	823
896	844
896	875
896	899
896	906
896	918
896	924
896	928
896	944
896	955
896	991
897	186
897	212
897	250
897	290
897	364
897	514
897	607
897	620
897	737
897	766
897	769
897	790
897	913
897	927
897	948
897	952
897	957
897	958
897	971
897	986
897	994
897	999
898	60
898	104
898	160
898	202
898	268
898	376
898	395
898	443
898	526
898	536
898	568
898	624
898	629
898	657
898	698
898	721
898	724
898	770
898	837
898	890
898	892
898	912
898	969
899	183
899	187
899	254
899	294
899	338
899	341
899	349
899	398
899	493
899	654
899	669
899	682
899	736
899	747
899	768
899	785
899	856
899	857
899	896
899	904
899	915
899	944
899	946
900	106
900	242
900	269
900	449
900	556
900	568
900	613
900	656
900	674
900	697
900	711
900	841
900	848
900	875
900	891
900	894
900	910
900	969
900	979
900	990
900	992
900	997
900	999
901	114
901	345
901	429
901	515
901	574
901	581
901	677
901	705
901	706
901	790
901	809
901	810
901	880
901	882
901	902
901	916
901	935
901	947
901	969
901	970
901	976
901	979
901	994
902	2
902	76
902	184
902	345
902	347
902	363
902	410
902	486
902	515
902	673
902	677
902	706
902	723
902	809
902	810
902	874
902	901
902	916
902	929
902	932
902	935
902	940
902	997
903	500
903	518
903	631
903	637
903	642
903	645
903	659
903	680
903	694
903	702
903	721
903	815
903	865
903	871
903	915
903	939
903	946
903	973
903	975
903	980
903	981
903	990
903	998
904	141
904	147
904	153
904	246
904	261
904	315
904	431
904	484
904	525
904	530
904	531
904	662
904	666
904	670
904	757
904	761
904	781
904	814
904	822
904	870
904	899
904	962
904	980
905	167
905	185
905	313
905	385
905	427
905	537
905	548
905	569
905	686
905	692
905	709
905	716
905	722
905	774
905	823
905	826
905	866
905	895
905	940
905	955
905	958
905	990
905	996
906	57
906	91
906	99
906	145
906	164
906	200
906	372
906	399
906	605
906	622
906	628
906	724
906	768
906	818
906	857
906	863
906	896
906	924
906	944
906	946
906	955
906	963
906	967
907	19
907	186
907	217
907	223
907	239
907	280
907	327
907	402
907	456
907	466
907	639
907	731
907	759
907	811
907	922
907	927
907	937
907	948
907	958
907	969
907	983
907	985
907	996
908	49
908	104
908	183
908	239
908	594
908	675
908	695
908	719
908	776
908	793
908	807
908	818
908	828
908	871
908	880
908	884
908	915
908	929
908	957
908	963
908	973
908	980
908	995
909	31
909	113
909	340
909	352
909	653
909	675
909	713
909	787
909	805
909	826
909	863
909	890
909	921
909	944
909	950
909	965
909	970
909	977
909	983
909	987
909	991
909	995
909	997
910	68
910	242
910	276
910	397
910	531
910	656
910	674
910	688
910	690
910	712
910	762
910	846
910	848
910	860
910	885
910	900
910	911
910	935
910	939
910	969
910	982
910	984
910	985
910	992
911	71
911	72
911	102
911	129
911	175
911	237
911	240
911	286
911	408
911	471
911	708
911	716
911	740
911	744
911	762
911	779
911	780
911	845
911	848
911	859
911	910
911	915
911	970
911	984
912	34
912	62
912	138
912	156
912	188
912	301
912	310
912	379
912	413
912	452
912	500
912	526
912	624
912	629
912	689
912	698
912	709
912	721
912	731
912	787
912	837
912	847
912	898
912	985
913	31
913	340
913	343
913	352
913	453
913	524
913	530
913	543
913	546
913	581
913	599
913	639
913	653
913	713
913	718
913	822
913	851
913	863
913	897
913	914
913	923
913	950
913	953
913	982
914	8
914	35
914	221
914	285
914	371
914	427
914	450
914	455
914	475
914	494
914	529
914	582
914	587
914	646
914	758
914	789
914	808
914	812
914	827
914	869
914	913
914	931
914	961
914	975
915	179
915	253
915	371
915	518
915	540
915	623
915	650
915	662
915	702
915	777
915	793
915	840
915	884
915	899
915	903
915	908
915	911
915	929
915	936
915	963
915	975
915	986
915	993
915	998
916	281
916	294
916	389
916	429
916	467
916	515
916	547
916	581
916	614
916	646
916	648
916	659
916	665
916	705
916	783
916	803
916	810
916	843
916	852
916	854
916	901
916	902
916	944
916	947
916	978
917	14
917	16
917	132
917	176
917	251
917	256
917	300
917	363
917	381
917	446
917	625
917	638
917	648
917	658
917	680
917	749
917	842
917	847
917	849
917	881
917	886
917	969
917	974
917	985
917	986
918	29
918	164
918	182
918	204
918	250
918	261
918	399
918	422
918	539
918	541
918	649
918	760
918	781
918	835
918	848
918	856
918	857
918	896
918	955
918	959
918	968
918	969
918	975
918	980
918	998
919	83
919	237
919	401
919	492
919	535
919	667
919	670
919	700
919	724
919	747
919	754
919	756
919	780
919	786
919	800
919	801
919	811
919	867
919	879
919	888
919	921
919	937
919	942
919	948
919	956
920	300
920	324
920	341
920	377
920	426
920	555
920	623
920	631
920	671
920	790
920	817
920	871
920	877
920	883
920	895
920	929
920	930
920	963
920	973
920	975
920	980
920	986
920	991
920	993
920	998
921	37
921	84
921	136
921	253
921	267
921	418
921	435
921	495
921	655
921	713
921	718
921	743
921	751
921	772
921	811
921	840
921	850
921	861
921	876
921	883
921	894
921	909
921	919
921	937
921	954
922	110
922	177
922	338
922	385
922	443
922	464
922	571
922	736
922	759
922	765
922	766
922	800
922	852
922	854
922	907
922	925
922	927
922	929
922	938
922	948
922	957
922	971
922	976
922	985
922	999
923	61
923	75
923	92
923	260
923	275
923	295
923	316
923	329
923	496
923	550
923	553
923	576
923	617
923	633
923	719
923	753
923	771
923	874
923	883
923	913
923	934
923	974
923	977
923	986
923	992
924	441
924	592
924	596
924	622
924	625
924	641
924	654
924	725
924	728
924	760
924	785
924	842
924	843
924	856
924	859
924	861
924	869
924	896
924	906
924	944
924	955
924	956
924	974
924	975
924	991
925	124
925	266
925	285
925	286
925	416
925	512
925	549
925	655
925	683
925	695
925	714
925	769
925	806
925	893
925	922
925	926
925	927
925	938
925	966
925	968
925	976
925	980
925	990
925	996
925	999
926	126
926	133
926	155
926	198
926	210
926	227
926	369
926	433
926	461
926	489
926	561
926	575
926	602
926	621
926	644
926	787
926	804
926	829
926	925
926	951
926	959
926	960
926	964
926	972
926	987
926	995
927	109
927	179
927	269
927	328
927	334
927	462
927	470
927	683
927	689
927	726
927	738
927	771
927	892
927	893
927	897
927	907
927	922
927	925
927	933
927	935
927	938
927	948
927	952
927	957
927	982
927	999
928	60
928	122
928	247
928	286
928	478
928	493
928	530
928	541
928	557
928	579
928	599
928	618
928	762
928	780
928	830
928	860
928	875
928	891
928	896
928	934
928	943
928	955
928	969
928	977
928	979
928	996
929	88
929	405
929	444
929	470
929	606
929	661
929	701
929	749
929	796
929	817
929	874
929	876
929	878
929	880
929	902
929	908
929	915
929	920
929	922
929	931
929	963
929	965
929	973
929	975
929	980
929	989
929	993
930	7
930	61
930	203
930	247
930	298
930	308
930	418
930	420
930	562
930	595
930	606
930	619
930	648
930	694
930	735
930	832
930	865
930	878
930	920
930	939
930	957
930	964
930	975
930	980
930	986
930	991
930	998
931	40
931	221
931	257
931	450
931	494
931	503
931	529
931	554
931	582
931	587
931	616
931	645
931	646
931	789
931	827
931	855
931	869
931	878
931	914
931	929
931	936
931	944
931	959
931	961
931	964
931	985
931	1000
932	24
932	105
932	212
932	222
932	228
932	297
932	491
932	496
932	508
932	516
932	626
932	635
932	636
932	676
932	703
932	730
932	732
932	745
932	767
932	770
932	788
932	798
932	844
932	868
932	902
932	943
932	1000
933	209
933	211
933	333
933	376
933	420
933	465
933	502
933	507
933	532
933	578
933	679
933	738
933	787
933	795
933	821
933	834
933	838
933	842
933	862
933	872
933	886
933	887
933	927
933	941
933	949
933	989
933	1000
934	42
934	75
934	77
934	207
934	254
934	273
934	324
934	343
934	380
934	436
934	553
934	603
934	617
934	647
934	682
934	719
934	753
934	763
934	771
934	866
934	874
934	883
934	890
934	923
934	928
934	936
934	974
935	4
935	77
935	139
935	294
935	363
935	415
935	486
935	515
935	574
935	659
935	705
935	803
935	810
935	826
935	843
935	872
935	891
935	901
935	902
935	910
935	927
935	943
935	947
935	953
935	975
935	978
935	997
936	57
936	58
936	203
936	298
936	329
936	470
936	492
936	648
936	807
936	832
936	839
936	865
936	871
936	878
936	880
936	890
936	915
936	931
936	934
936	951
936	956
936	975
936	980
936	986
936	987
936	989
936	993
937	16
937	120
937	172
937	401
937	459
937	501
937	572
937	623
937	651
937	672
937	710
937	735
937	777
937	811
937	825
937	850
937	868
937	888
937	892
937	907
937	919
937	921
937	939
937	954
937	956
937	963
937	990
937	998
938	92
938	201
938	254
938	271
938	409
938	556
938	585
938	611
938	683
938	714
938	719
938	737
938	759
938	819
938	854
938	922
938	925
938	927
938	948
938	952
938	953
938	957
938	958
938	959
938	965
938	971
938	985
938	999
939	28
939	207
939	510
939	542
939	551
939	645
939	648
939	663
939	695
939	746
939	791
939	807
939	865
939	871
939	878
939	903
939	910
939	930
939	937
939	951
939	953
939	955
939	980
939	986
939	989
939	991
939	993
939	998
940	23
940	86
940	174
940	185
940	237
940	240
940	337
940	409
940	490
940	569
940	574
940	590
940	632
940	686
940	689
940	709
940	764
940	774
940	823
940	826
940	866
940	870
940	889
940	895
940	902
940	905
940	976
940	997
941	172
941	249
941	259
941	337
941	453
941	547
941	561
941	563
941	621
941	640
941	643
941	711
941	720
941	802
941	853
941	877
941	933
941	942
941	945
941	964
941	967
941	968
941	974
941	978
941	979
941	988
941	992
941	1000
942	48
942	140
942	196
942	259
942	293
942	449
942	563
942	602
942	654
942	678
942	685
942	696
942	707
942	711
942	720
942	744
942	867
942	871
942	885
942	919
942	941
942	945
942	968
942	982
942	988
942	989
942	990
942	992
942	994
943	36
943	222
943	228
943	297
943	445
943	496
943	516
943	548
943	580
943	626
943	635
943	636
943	648
943	662
943	703
943	730
943	732
943	745
943	767
943	798
943	807
943	816
943	844
943	865
943	928
943	932
943	935
943	947
943	966
944	17
944	260
944	261
944	302
944	356
944	362
944	440
944	516
944	579
944	596
944	654
944	725
944	758
944	767
944	785
944	849
944	856
944	857
944	880
944	896
944	899
944	906
944	909
944	916
944	924
944	931
944	955
944	966
944	991
945	18
945	38
945	140
945	435
945	439
945	473
945	480
945	521
945	556
945	640
945	698
945	707
945	720
945	739
945	775
945	866
945	877
945	884
945	941
945	942
945	964
945	967
945	972
945	977
945	978
945	982
945	988
945	992
945	994
946	51
946	94
946	178
946	204
946	301
946	323
946	487
946	588
946	592
946	622
946	649
946	708
946	717
946	727
946	772
946	807
946	809
946	818
946	849
946	850
946	852
946	860
946	892
946	899
946	903
946	906
946	955
946	968
946	991
947	97
947	114
947	126
947	134
947	281
947	294
947	317
947	389
947	429
947	456
947	467
947	481
947	506
947	550
947	608
947	632
947	664
947	673
947	706
947	723
947	795
947	803
947	843
947	858
947	867
947	868
947	901
947	916
947	935
947	943
948	12
948	19
948	33
948	191
948	338
948	355
948	416
948	429
948	446
948	551
948	595
948	611
948	731
948	750
948	829
948	880
948	893
948	897
948	907
948	919
948	922
948	927
948	938
948	967
948	971
948	985
948	990
948	994
948	996
948	999
949	38
949	154
949	305
949	309
949	371
949	408
949	450
949	497
949	498
949	504
949	544
949	601
949	722
949	783
949	786
949	828
949	836
949	837
949	851
949	890
949	933
949	950
949	953
949	963
949	965
949	970
949	977
949	978
949	983
949	987
950	11
950	96
950	102
950	264
950	336
950	370
950	504
950	546
950	565
950	571
950	580
950	600
950	625
950	681
950	737
950	805
950	815
950	817
950	822
950	828
950	863
950	864
950	885
950	909
950	913
950	949
950	970
950	983
950	987
950	988
951	66
951	70
951	225
951	358
951	417
951	426
951	462
951	544
951	552
951	566
951	591
951	644
951	649
951	734
951	743
951	765
951	804
951	816
951	829
951	833
951	926
951	936
951	939
951	959
951	961
951	972
951	990
951	995
951	999
951	1000
952	119
952	125
952	229
952	418
952	462
952	510
952	533
952	534
952	549
952	670
952	696
952	712
952	726
952	779
952	815
952	854
952	872
952	889
952	893
952	897
952	927
952	938
952	958
952	963
952	971
952	973
952	985
952	990
952	996
952	998
952	999
953	105
953	128
953	157
953	313
953	340
953	413
953	423
953	424
953	466
953	498
953	554
953	560
953	587
953	653
953	668
953	678
953	801
953	805
953	815
953	890
953	913
953	935
953	938
953	939
953	949
953	961
953	965
953	972
953	977
953	983
953	987
954	65
954	84
954	139
954	158
954	169
954	199
954	233
954	350
954	353
954	440
954	457
954	495
954	519
954	524
954	564
954	704
954	751
954	763
954	786
954	791
954	800
954	840
954	861
954	868
954	873
954	876
954	892
954	921
954	937
954	982
954	987
955	151
955	155
955	194
955	247
955	250
955	276
955	323
955	346
955	478
955	480
955	592
955	596
955	628
955	650
955	654
955	745
955	760
955	818
955	835
955	860
955	890
955	896
955	905
955	906
955	918
955	924
955	928
955	939
955	944
955	946
955	991
956	100
956	236
956	253
956	312
956	331
956	418
956	476
956	519
956	551
956	655
956	663
956	667
956	700
956	733
956	735
956	763
956	800
956	823
956	825
956	840
956	860
956	868
956	874
956	888
956	919
956	924
956	936
956	937
956	971
956	977
956	984
957	177
957	186
957	191
957	285
957	362
957	402
957	406
957	573
957	624
957	633
957	671
957	672
957	683
957	684
957	734
957	759
957	777
957	854
957	893
957	897
957	908
957	922
957	927
957	930
957	938
957	958
957	971
957	976
957	980
957	982
957	996
957	999
958	119
958	152
958	171
958	229
958	269
958	409
958	416
958	448
958	515
958	518
958	533
958	564
958	607
958	726
958	731
958	737
958	766
958	802
958	829
958	877
958	893
958	897
958	905
958	907
958	938
958	952
958	957
958	964
958	976
958	985
958	989
958	998
958	999
959	79
959	100
959	162
959	219
959	221
959	225
959	292
959	367
959	410
959	414
959	485
959	561
959	583
959	602
959	673
959	734
959	798
959	816
959	822
959	824
959	829
959	894
959	918
959	926
959	931
959	938
959	951
959	960
959	972
959	973
959	979
959	993
959	995
960	25
960	210
960	270
960	355
960	403
960	411
960	452
960	464
960	472
960	483
960	552
960	562
960	591
960	601
960	644
960	687
960	695
960	734
960	743
960	744
960	765
960	804
960	821
960	824
960	827
960	829
960	830
960	845
960	867
960	926
960	959
960	995
960	998
961	40
961	46
961	122
961	152
961	168
961	221
961	257
961	450
961	455
961	475
961	494
961	503
961	529
961	582
961	587
961	600
961	616
961	623
961	646
961	659
961	699
961	728
961	789
961	827
961	869
961	887
961	914
961	931
961	951
961	953
961	965
961	974
961	981
962	21
962	67
962	107
962	116
962	220
962	246
962	357
962	364
962	374
962	390
962	396
962	407
962	431
962	492
962	526
962	529
962	540
962	559
962	662
962	666
962	670
962	684
962	691
962	708
962	761
962	779
962	814
962	839
962	870
962	904
962	969
962	976
962	978
963	82
963	239
963	282
963	283
963	329
963	366
963	389
963	510
963	631
963	637
963	645
963	737
963	740
963	746
963	796
963	806
963	820
963	862
963	880
963	883
963	906
963	908
963	915
963	920
963	929
963	937
963	949
963	952
963	964
963	973
963	975
963	980
963	993
964	22
964	175
964	193
964	291
964	423
964	448
964	468
964	480
964	579
964	615
964	620
964	666
964	685
964	696
964	699
964	711
964	802
964	831
964	877
964	926
964	930
964	931
964	941
964	945
964	958
964	963
964	967
964	968
964	978
964	982
964	988
964	992
964	994
964	1000
965	64
965	149
965	190
965	309
965	419
965	576
965	599
965	600
965	629
965	668
965	675
965	713
965	722
965	729
965	734
965	805
965	815
965	822
965	831
965	833
965	853
965	863
965	890
965	892
965	894
965	909
965	929
965	938
965	949
965	953
965	961
965	970
965	978
965	989
966	15
966	112
966	146
966	267
966	304
966	354
966	384
966	394
966	502
966	548
966	585
966	595
966	609
966	610
966	660
966	665
966	687
966	691
966	712
966	715
966	741
966	790
966	808
966	840
966	841
966	852
966	853
966	861
966	882
966	887
966	925
966	943
966	944
966	979
967	125
967	214
967	240
967	288
967	291
967	308
967	380
967	424
967	435
967	531
967	593
967	604
967	620
967	642
967	699
967	720
967	727
967	790
967	831
967	867
967	870
967	877
967	906
967	941
967	945
967	948
967	964
967	968
967	978
967	982
967	985
967	988
967	992
967	994
968	158
968	196
968	290
968	299
968	336
968	365
968	448
968	521
968	593
968	620
968	621
968	640
968	642
968	685
968	696
968	720
968	728
968	769
968	797
968	804
968	861
968	870
968	877
968	918
968	925
968	941
968	942
968	946
968	964
968	967
968	978
968	979
968	982
968	988
968	989
968	992
969	44
969	50
969	60
969	72
969	174
969	217
969	264
969	277
969	342
969	412
969	423
969	557
969	558
969	656
969	690
969	697
969	716
969	755
969	762
969	830
969	859
969	875
969	885
969	898
969	900
969	901
969	907
969	910
969	917
969	918
969	928
969	962
969	976
969	979
969	986
969	997
970	33
970	59
970	309
970	310
970	339
970	466
970	504
970	570
970	575
970	599
970	601
970	605
970	633
970	634
970	639
970	676
970	795
970	803
970	815
970	822
970	828
970	836
970	864
970	868
970	901
970	909
970	911
970	949
970	950
970	965
970	975
970	977
970	979
970	983
970	986
970	987
971	32
971	53
971	128
971	229
971	238
971	288
971	334
971	364
971	383
971	475
971	511
971	643
971	650
971	703
971	726
971	731
971	737
971	766
971	769
971	777
971	793
971	797
971	804
971	826
971	854
971	897
971	922
971	938
971	948
971	952
971	956
971	957
971	976
971	982
971	983
971	985
971	990
972	63
972	66
972	100
972	245
972	307
972	345
972	394
972	403
972	415
972	417
972	428
972	461
972	464
972	483
972	516
972	523
972	552
972	557
972	575
972	591
972	620
972	644
972	675
972	754
972	765
972	792
972	824
972	829
972	843
972	856
972	867
972	926
972	945
972	951
972	953
972	959
972	995
973	49
973	110
973	116
973	142
973	182
973	225
973	239
973	430
973	470
973	482
973	510
973	518
973	527
973	562
973	611
973	631
973	635
973	637
973	650
973	657
973	746
973	775
973	796
973	807
973	832
973	878
973	903
973	908
973	920
973	929
973	952
973	959
973	963
973	986
973	989
973	993
973	998
974	42
974	44
974	61
974	75
974	92
974	111
974	112
974	198
974	260
974	275
974	295
974	343
974	367
974	380
974	436
974	499
974	500
974	552
974	553
974	603
974	617
974	631
974	719
974	753
974	771
974	789
974	835
974	847
974	874
974	883
974	917
974	923
974	924
974	934
974	941
974	961
974	995
975	32
975	36
975	82
975	124
975	169
975	239
975	283
975	296
975	541
975	559
975	623
975	631
975	650
975	692
975	695
975	702
975	758
975	776
975	817
975	871
975	878
975	880
975	881
975	884
975	903
975	914
975	915
975	918
975	920
975	924
975	929
975	930
975	935
975	936
975	963
975	970
975	980
975	989
975	999
976	12
976	20
976	43
976	223
976	306
976	369
976	383
976	391
976	533
976	536
976	549
976	638
976	639
976	691
976	709
976	726
976	750
976	759
976	766
976	769
976	794
976	806
976	868
976	870
976	901
976	922
976	925
976	940
976	957
976	958
976	962
976	969
976	971
976	978
976	985
976	989
976	990
976	996
976	999
977	11
977	73
977	141
977	149
977	264
977	288
977	339
977	419
977	484
977	497
977	504
977	570
977	580
977	586
977	623
977	639
977	651
977	663
977	689
977	698
977	704
977	805
977	815
977	836
977	851
977	865
977	909
977	923
977	928
977	945
977	949
977	953
977	956
977	970
977	983
977	987
977	989
977	993
977	994
978	35
978	95
978	98
978	138
978	158
978	259
978	293
978	335
978	559
978	584
978	593
978	604
978	642
978	661
978	685
978	688
978	690
978	711
978	727
978	742
978	774
978	802
978	806
978	831
978	873
978	877
978	916
978	935
978	941
978	945
978	949
978	962
978	964
978	965
978	967
978	968
978	976
978	982
978	992
979	103
979	232
979	365
979	375
979	387
979	481
979	527
979	530
979	556
979	579
979	618
979	652
979	674
979	688
979	696
979	708
979	712
979	716
979	717
979	741
979	780
979	804
979	830
979	833
979	845
979	846
979	848
979	859
979	885
979	891
979	900
979	901
979	928
979	941
979	959
979	966
979	968
979	969
979	970
979	993
980	56
980	135
980	167
980	224
980	282
980	298
980	346
980	377
980	412
980	606
980	645
980	667
980	694
980	702
980	719
980	776
980	785
980	788
980	807
980	817
980	865
980	878
980	880
980	903
980	904
980	908
980	918
980	920
980	925
980	929
980	930
980	936
980	939
980	957
980	963
980	975
980	986
980	989
980	991
980	998
981	13
981	87
981	161
981	231
981	258
981	284
981	297
981	299
981	311
981	356
981	370
981	396
981	438
981	458
981	508
981	538
981	550
981	567
981	589
981	598
981	681
981	720
981	739
981	742
981	748
981	752
981	773
981	798
981	812
981	813
981	820
981	833
981	843
981	847
981	862
981	903
981	961
981	992
981	996
981	997
982	43
982	45
982	252
982	335
982	439
982	449
982	453
982	468
982	584
982	594
982	641
982	658
982	665
982	685
982	696
982	699
982	707
982	711
982	727
982	802
982	819
982	831
982	871
982	877
982	881
982	894
982	910
982	913
982	927
982	942
982	945
982	954
982	957
982	964
982	967
982	968
982	971
982	978
982	988
982	992
982	994
983	11
983	12
983	108
983	118
983	138
983	168
983	243
983	248
983	278
983	305
983	307
983	339
983	413
983	471
983	498
983	543
983	544
983	560
983	576
983	599
983	605
983	634
983	641
983	691
983	704
983	715
983	722
983	733
983	792
983	805
983	828
983	890
983	907
983	909
983	949
983	950
983	953
983	970
983	971
983	977
983	987
984	1
984	10
984	68
984	86
984	163
984	175
984	211
984	230
984	232
984	242
984	247
984	320
984	341
984	375
984	383
984	425
984	432
984	433
984	509
984	530
984	545
984	556
984	585
984	597
984	627
984	656
984	688
984	699
984	716
984	736
984	755
984	841
984	845
984	846
984	859
984	885
984	891
984	894
984	910
984	911
984	956
985	67
985	108
985	124
985	212
985	306
985	386
985	391
985	469
985	513
985	536
985	551
985	611
985	676
985	702
985	712
985	733
985	735
985	759
985	762
985	769
985	797
985	806
985	807
985	816
985	893
985	907
985	910
985	912
985	917
985	922
985	931
985	938
985	948
985	952
985	958
985	967
985	971
985	976
985	990
985	996
985	999
985	1000
986	31
986	38
986	205
986	234
986	277
986	308
986	352
986	416
986	534
986	561
986	562
986	623
986	637
986	645
986	648
986	666
986	694
986	713
986	746
986	761
986	776
986	793
986	832
986	865
986	871
986	880
986	894
986	897
986	915
986	917
986	920
986	923
986	930
986	936
986	939
986	969
986	970
986	973
986	980
986	989
986	993
986	998
987	51
987	72
987	79
987	154
987	305
987	335
987	371
987	414
987	419
987	484
987	497
987	498
987	530
987	570
987	576
987	600
987	601
987	634
987	644
987	663
987	675
987	713
987	729
987	789
987	797
987	828
987	836
987	842
987	846
987	854
987	864
987	866
987	890
987	909
987	926
987	936
987	949
987	950
987	953
987	954
987	970
987	977
987	983
988	35
988	259
988	291
988	332
988	376
988	420
988	425
988	435
988	436
988	449
988	468
988	493
988	521
988	574
988	583
988	593
988	601
988	610
988	617
988	642
988	643
988	661
988	685
988	705
988	707
988	711
988	720
988	727
988	744
988	769
988	791
988	802
988	860
988	941
988	942
988	945
988	950
988	964
988	967
988	968
988	982
988	992
988	994
988	997
989	33
989	37
989	123
989	277
989	296
989	308
989	422
989	482
989	510
989	518
989	577
989	623
989	701
989	729
989	736
989	746
989	768
989	776
989	793
989	796
989	821
989	836
989	843
989	851
989	871
989	880
989	883
989	884
989	929
989	933
989	936
989	939
989	942
989	958
989	965
989	968
989	973
989	975
989	976
989	977
989	980
989	986
989	993
989	998
990	43
990	119
990	184
990	238
990	285
990	364
990	369
990	388
990	391
990	410
990	462
990	513
990	611
990	633
990	682
990	712
990	714
990	726
990	731
990	758
990	765
990	777
990	785
990	797
990	806
990	841
990	849
990	868
990	893
990	900
990	903
990	905
990	925
990	937
990	942
990	948
990	951
990	952
990	971
990	976
990	985
990	991
990	996
990	999
991	30
991	94
991	244
991	273
991	276
991	301
991	322
991	329
991	344
991	361
991	393
991	422
991	476
991	555
991	571
991	588
991	669
991	678
991	692
991	725
991	736
991	746
991	758
991	760
991	768
991	775
991	781
991	788
991	794
991	818
991	849
991	856
991	857
991	879
991	896
991	909
991	920
991	924
991	930
991	939
991	944
991	946
991	955
991	980
991	990
992	3
992	35
992	85
992	149
992	158
992	200
992	252
992	291
992	335
992	386
992	407
992	425
992	481
992	488
992	521
992	545
992	546
992	584
992	593
992	604
992	620
992	640
992	685
992	707
992	714
992	720
992	757
992	831
992	877
992	884
992	900
992	910
992	923
992	941
992	942
992	945
992	964
992	967
992	968
992	978
992	981
992	982
992	988
992	994
992	997
993	28
993	34
993	135
993	190
993	205
993	224
993	236
993	283
993	305
993	341
993	368
993	513
993	594
993	603
993	619
993	648
993	665
993	701
993	746
993	776
993	793
993	807
993	817
993	819
993	822
993	832
993	835
993	863
993	865
993	871
993	878
993	880
993	915
993	920
993	929
993	936
993	939
993	959
993	963
993	973
993	977
993	979
993	986
993	989
993	998
993	999
994	38
994	93
994	125
994	193
994	215
994	245
994	290
994	332
994	336
994	420
994	424
994	425
994	435
994	480
994	488
994	521
994	534
994	535
994	547
994	593
994	621
994	642
994	653
994	654
994	682
994	699
994	707
994	715
994	727
994	737
994	787
994	802
994	831
994	832
994	877
994	897
994	901
994	942
994	945
994	948
994	964
994	967
994	977
994	982
994	988
994	992
995	53
995	54
995	63
995	79
995	225
995	279
995	287
995	292
995	307
995	335
995	403
995	462
995	483
995	485
995	497
995	510
995	517
995	561
995	562
995	569
995	572
995	573
995	575
995	597
995	602
995	622
995	644
995	658
995	671
995	673
995	708
995	710
995	720
995	744
995	765
995	792
995	797
995	824
995	867
995	908
995	909
995	926
995	951
995	959
995	960
995	972
995	974
996	41
996	108
996	135
996	137
996	191
996	288
996	290
996	383
996	456
996	471
996	475
996	513
996	534
996	551
996	564
996	611
996	640
996	683
996	684
996	712
996	717
996	726
996	731
996	735
996	749
996	753
996	766
996	769
996	784
996	785
996	797
996	806
996	831
996	835
996	875
996	893
996	905
996	907
996	925
996	928
996	948
996	952
996	957
996	976
996	981
996	985
996	990
996	999
997	13
997	74
997	96
997	121
997	142
997	231
997	258
997	262
997	274
997	299
997	311
997	356
997	370
997	396
997	444
997	447
997	451
997	508
997	514
997	550
997	567
997	589
997	598
997	671
997	681
997	739
997	742
997	752
997	765
997	768
997	773
997	774
997	812
997	813
997	820
997	824
997	869
997	888
997	893
997	900
997	902
997	909
997	935
997	940
997	969
997	981
997	988
997	992
998	32
998	33
998	170
998	278
998	279
998	283
998	296
998	377
998	439
998	461
998	470
998	494
998	562
998	594
998	650
998	666
998	694
998	695
998	715
998	732
998	746
998	747
998	766
998	773
998	776
998	791
998	793
998	796
998	833
998	846
998	865
998	871
998	880
998	884
998	903
998	915
998	918
998	920
998	930
998	937
998	939
998	952
998	958
998	960
998	973
998	980
998	986
998	989
998	993
999	12
999	41
999	43
999	81
999	90
999	184
999	223
999	224
999	258
999	534
999	536
999	564
999	627
999	653
999	676
999	683
999	688
999	712
999	714
999	777
999	785
999	792
999	797
999	799
999	806
999	819
999	825
999	854
999	862
999	893
999	895
999	897
999	900
999	922
999	925
999	927
999	938
999	948
999	951
999	952
999	957
999	958
999	975
999	976
999	985
999	990
999	993
999	996
999	1000
1000	9
1000	23
1000	24
1000	76
1000	127
1000	216
1000	266
1000	333
1000	347
1000	376
1000	451
1000	458
1000	507
1000	520
1000	532
1000	537
1000	548
1000	578
1000	581
1000	584
1000	612
1000	615
1000	651
1000	679
1000	693
1000	715
1000	735
1000	738
1000	746
1000	748
1000	784
1000	787
1000	794
1000	795
1000	834
1000	838
1000	851
1000	862
1000	864
1000	872
1000	886
1000	887
1000	931
1000	932
1000	933
1000	941
1000	951
1000	964
1000	985
1000	999
