1	34
1	769
1	853
1	975
2	493
2	588
2	656
2	950
3	843
3	889
3	989
3	990
4	321
4	900
4	969
4	982
5	417
5	729
5	995
5	1000
6	312
6	878
6	924
6	1000
7	691
7	805
7	936
7	997
8	223
8	549
8	967
8	972
9	669
9	820
9	930
9	969
10	520
10	707
10	860
10	969
11	121
11	352
11	946
11	984
12	216
12	880
12	979
12	985
13	556
13	810
13	921
13	940
14	212
14	462
14	950
14	976
15	61
15	502
15	536
15	987
16	594
16	969
16	986
16	997
17	689
17	986
17	995
17	1000
18	918
18	938
18	953
18	998
19	874
19	961
19	980
19	996
20	583
20	909
20	924
20	1000
21	588
21	799
21	855
21	950
22	838
22	846
22	987
22	997
23	330
23	953
23	997
23	998
24	137
24	417
24	782
24	910
25	928
25	949
25	975
25	977
26	756
26	882
26	890
26	981
27	507
27	780
27	882
27	888
28	617
28	941
28	958
28	970
29	778
29	983
29	991
29	992
30	590
30	892
30	948
30	980
31	33
31	325
31	605
31	948
32	941
32	942
32	958
32	970
33	31
33	956
33	980
33	996
34	1
34	864
34	949
34	973
35	444
35	713
35	726
35	823
36	582
36	663
36	947
36	984
37	503
37	673
37	761
37	947
38	51
38	928
38	949
38	968
39	696
39	879
39	903
39	951
40	719
40	762
40	903
40	982
41	62
41	914
41	967
41	990
42	318
42	949
42	968
42	977
43	626
43	629
43	762
43	836
44	604
44	669
44	684
44	969
45	887
45	907
45	915
45	917
46	791
46	930
46	935
46	987
47	143
47	870
47	921
47	940
48	342
48	890
48	925
48	991
49	670
49	826
49	873
49	973
50	542
50	789
50	869
50	927
51	38
51	501
51	544
51	968
52	360
52	954
52	972
52	990
53	686
53	944
53	955
53	971
54	80
54	878
54	995
54	1000
55	876
55	897
55	905
55	960
56	964
56	973
56	976
56	977
57	363
57	922
57	932
57	955
58	233
58	599
58	647
58	811
59	506
59	524
59	721
59	960
60	933
60	978
60	988
60	993
61	15
61	883
61	886
61	930
62	41
62	844
62	932
62	971
63	620
63	945
63	967
63	989
64	571
64	828
64	865
64	931
65	757
65	817
65	905
65	960
66	839
66	899
66	917
66	944
67	606
67	794
67	942
67	970
68	597
68	805
68	861
68	936
69	557
69	841
69	872
69	1000
70	73
70	512
70	584
70	802
71	954
71	972
71	989
71	990
72	513
72	918
72	920
72	943
73	70
73	435
73	713
73	984
74	496
74	743
74	928
74	977
75	212
75	799
75	855
75	950
76	359
76	506
76	750
76	960
77	416
77	681
77	954
77	967
78	657
78	719
78	762
78	836
79	480
79	644
79	908
79	979
80	54
80	385
80	937
80	979
81	104
81	562
81	724
81	998
82	752
82	780
82	881
82	970
83	787
83	919
83	962
83	979
84	723
84	765
84	809
84	928
85	628
85	686
85	913
85	976
86	756
86	925
86	981
86	993
87	105
87	563
87	720
87	893
88	635
88	721
88	817
88	874
89	587
89	610
89	779
89	914
90	669
90	797
90	986
90	997
91	563
91	819
91	893
91	974
92	126
92	956
92	963
92	994
93	319
93	720
93	738
93	878
94	763
94	781
94	967
94	989
95	688
95	981
95	983
95	988
96	578
96	840
96	974
96	994
97	584
97	613
97	705
97	950
98	300
98	588
98	792
98	972
99	693
99	899
99	915
99	917
100	682
100	961
100	994
100	996
101	403
101	848
101	912
101	996
102	472
102	773
102	929
102	979
103	945
103	954
103	967
103	989
104	81
104	913
104	949
104	975
105	87
105	376
105	521
105	680
106	222
106	786
106	879
106	911
107	478
107	654
107	724
107	998
108	661
108	867
108	966
108	992
109	457
109	834
109	884
109	967
110	488
110	629
110	922
110	955
111	523
111	808
111	958
111	965
112	899
112	907
112	915
112	917
113	174
113	699
113	721
113	852
114	772
114	827
114	995
114	1000
115	513
115	620
115	680
115	893
116	304
116	851
116	870
116	940
117	868
117	966
117	983
117	988
118	438
118	495
118	846
118	987
119	518
119	790
119	936
119	963
120	887
120	907
120	915
120	917
121	11
121	235
121	540
121	841
122	701
122	734
122	873
122	928
123	433
123	775
123	941
123	981
124	575
124	942
124	958
124	965
125	719
125	836
125	879
125	929
126	92
126	557
126	974
126	994
127	704
127	808
127	830
127	855
128	805
128	813
128	818
128	936
129	864
129	933
129	983
129	992
130	567
130	704
130	811
130	997
131	755
131	856
131	885
131	936
132	681
132	881
132	916
132	964
133	444
133	868
133	912
133	946
134	757
134	827
134	968
134	975
135	323
135	588
135	952
135	980
136	665
136	833
136	902
136	910
137	24
137	215
137	794
137	910
138	805
138	818
138	856
138	995
139	923
139	926
139	934
139	943
140	700
140	878
140	995
140	1000
141	818
141	861
141	936
141	994
142	750
142	834
142	877
142	881
143	47
143	762
143	851
143	940
144	558
144	948
144	982
144	987
145	305
145	856
145	917
145	936
146	227
146	942
146	958
146	965
147	455
147	466
147	788
147	809
148	260
148	837
148	897
148	905
149	597
149	824
149	996
149	999
150	932
150	944
150	955
150	971
151	809
151	902
151	911
151	973
152	515
152	576
152	692
152	737
153	848
153	961
153	963
153	993
154	469
154	947
154	950
154	984
155	578
155	890
155	981
155	993
156	918
156	923
156	934
156	943
157	914
157	945
157	989
157	990
158	450
158	871
158	968
158	973
159	350
159	822
159	845
159	973
160	866
160	918
160	926
160	935
161	533
161	844
161	922
161	971
162	632
162	696
162	786
162	879
163	457
163	834
163	884
163	955
164	301
164	707
164	883
164	900
165	918
165	926
165	934
165	943
166	579
166	801
166	995
166	1000
167	510
167	883
167	969
167	997
168	212
168	233
168	986
168	997
169	484
169	741
169	764
169	997
170	353
170	687
170	800
170	978
171	870
171	912
171	956
171	999
172	270
172	938
172	939
172	945
173	696
173	762
173	879
173	903
174	113
174	672
174	784
174	837
175	940
175	962
175	979
175	985
176	952
176	959
176	963
176	980
177	694
177	804
177	882
177	991
178	248
178	635
178	841
178	931
179	371
179	932
179	944
179	971
180	491
180	813
180	856
180	992
181	804
181	860
181	981
181	983
182	758
182	969
182	987
182	997
183	877
183	994
183	996
183	999
184	449
184	888
184	978
184	993
185	800
185	853
185	946
185	947
186	842
186	941
186	942
186	965
187	699
187	885
187	948
187	987
188	362
188	825
188	945
188	990
189	286
189	406
189	902
189	910
190	205
190	707
190	846
190	948
191	493
191	911
191	968
191	976
192	606
192	651
192	965
192	988
193	206
193	327
193	673
193	705
194	895
194	900
194	930
194	980
195	368
195	800
195	983
195	984
196	268
196	932
196	955
196	971
197	660
197	849
197	966
197	998
198	914
198	931
198	939
198	951
199	797
199	963
199	996
199	999
200	462
200	493
200	840
200	950
201	332
201	351
201	930
201	948
202	798
202	906
202	957
202	999
203	496
203	741
203	822
203	964
204	230
204	265
204	713
204	830
205	190
205	536
205	966
205	982
206	193
206	591
206	683
206	969
207	659
207	675
207	835
207	881
208	787
208	896
208	931
208	979
209	498
209	869
209	927
209	938
210	401
210	849
210	953
210	998
211	816
211	892
211	956
211	994
212	14
212	75
212	168
212	655
213	920
213	934
213	935
213	943
214	427
214	774
214	944
214	955
215	137
215	336
215	939
215	951
216	12
216	929
216	979
216	985
217	816
217	839
217	915
217	917
218	350
218	558
218	973
218	975
219	524
219	750
219	905
219	960
220	330
220	460
220	953
220	998
221	464
221	583
221	922
221	971
222	106
222	391
222	836
222	903
223	8
223	355
223	739
223	990
224	887
224	899
224	907
224	915
225	752
225	935
225	941
225	970
226	612
226	823
226	863
226	940
227	146
227	870
227	942
227	965
228	716
228	776
228	884
228	933
229	696
229	772
229	909
229	1000
230	204
230	755
230	790
230	818
231	413
231	911
231	975
231	976
232	787
232	907
232	915
232	917
233	58
233	168
233	438
233	969
234	774
234	874
234	922
234	971
235	121
235	864
235	947
235	984
236	804
236	894
236	939
236	983
237	453
237	942
237	965
237	970
238	627
238	757
238	949
238	976
239	711
239	899
239	907
239	917
240	655
240	737
240	968
240	984
241	262
241	408
241	699
241	960
242	752
242	962
242	965
242	970
243	410
243	665
243	690
243	794
244	271
244	871
244	873
244	975
245	918
245	920
245	926
245	935
246	696
246	762
246	769
246	903
247	514
247	725
247	995
247	1000
248	178
248	835
248	872
248	916
249	551
249	751
249	814
249	976
250	880
250	917
250	963
250	980
251	651
251	698
251	965
251	970
252	546
252	613
252	950
252	961
253	958
253	965
253	970
253	983
254	255
254	485
254	953
254	998
255	254
255	650
255	904
255	921
256	889
256	951
256	954
256	972
257	363
257	577
257	891
257	983
258	399
258	964
258	973
258	977
259	356
259	566
259	594
259	677
259	1000
260	148
260	433
260	706
260	876
260	905
261	313
261	568
261	958
261	965
261	970
262	241
262	887
262	899
262	907
262	915
263	329
263	658
263	819
263	838
263	893
264	725
264	795
264	882
264	981
264	993
265	204
265	631
265	713
265	754
265	947
266	637
266	750
266	835
266	881
266	916
267	648
267	672
267	835
267	850
267	960
268	196
268	422
268	888
268	944
268	955
269	610
269	742
269	951
269	989
269	990
270	172
270	898
270	939
270	967
270	972
271	244
271	566
271	801
271	924
271	1000
272	479
272	677
272	702
272	909
272	1000
273	859
273	875
273	941
273	970
273	978
274	413
274	863
274	915
274	921
274	940
275	560
275	778
275	904
275	981
275	992
276	867
276	966
276	981
276	983
276	991
277	662
277	755
277	813
277	818
277	861
278	708
278	810
278	870
278	921
278	940
279	606
279	698
279	785
279	942
279	999
280	573
280	890
280	978
280	981
280	1000
281	645
281	657
281	786
281	879
281	903
282	926
282	927
282	934
282	935
282	943
283	920
283	923
283	926
283	934
283	943
284	418
284	511
284	828
284	979
284	985
285	566
285	710
285	877
285	916
285	960
286	189
286	898
286	939
286	972
286	990
287	692
287	833
287	850
287	905
287	916
288	860
288	954
288	967
288	972
288	989
289	748
289	908
289	950
289	979
289	985
290	358
290	719
290	786
290	879
290	903
291	333
291	799
291	946
291	947
291	956
292	596
292	649
292	691
292	813
292	936
293	550
293	827
293	880
293	995
293	1000
294	469
294	537
294	716
294	776
294	884
295	585
295	862
295	867
295	890
295	994
296	327
296	859
296	958
296	965
296	970
297	697
297	736
297	748
297	933
297	991
298	789
298	796
298	870
298	921
298	940
299	735
299	797
299	986
299	987
299	991
300	98
300	440
300	631
300	830
300	868
301	164
301	744
301	775
301	797
301	846
302	763
302	967
302	972
302	977
302	990
303	630
303	715
303	888
303	991
303	992
304	116
304	344
304	588
304	655
304	984
305	145
305	357
305	504
305	505
305	856
306	777
306	966
306	981
306	983
306	988
307	652
307	787
307	896
307	931
307	979
308	455
308	731
308	922
308	976
308	977
309	422
309	583
309	601
309	922
309	944
310	734
310	751
310	822
310	911
310	961
311	788
311	908
311	937
311	979
311	985
312	6
312	490
312	677
312	995
312	1000
313	261
313	685
313	761
313	932
313	955
314	439
314	714
314	900
314	969
314	994
315	631
315	887
315	907
315	915
315	917
316	338
316	517
316	923
316	982
316	986
317	464
317	778
317	865
317	896
317	962
318	42
318	614
318	949
318	968
318	986
319	93
319	527
319	738
319	893
319	928
320	532
320	725
320	823
320	863
320	940
321	4
321	735
321	771
321	803
321	997
322	719
322	786
322	879
322	903
322	931
323	135
323	636
323	639
323	784
323	961
324	823
324	896
324	929
324	937
324	985
325	31
325	760
325	930
325	982
325	987
326	914
326	967
326	969
326	989
326	990
327	193
327	296
327	468
327	512
327	946
328	714
328	769
328	836
328	879
328	903
329	263
329	509
329	680
329	893
329	896
330	23
330	220
330	463
330	904
330	927
331	710
331	957
331	959
331	974
331	996
332	201
332	837
332	850
332	916
332	960
333	291
333	435
333	782
333	840
333	946
334	792
334	878
334	924
334	995
334	1000
335	689
335	924
335	972
335	995
335	1000
336	215
336	411
336	945
336	972
336	989
337	351
337	611
337	732
337	982
337	986
338	316
338	523
338	948
338	969
338	997
339	530
339	613
339	799
339	863
339	984
340	346
340	570
340	614
340	668
340	975
341	463
341	923
341	934
341	935
341	943
342	48
342	689
342	702
342	995
342	1000
343	511
343	704
343	705
343	800
343	950
344	304
344	435
344	946
344	952
344	984
345	804
345	806
345	947
345	983
345	988
346	340
346	653
346	814
346	964
346	976
347	803
347	811
347	838
347	940
347	982
348	705
348	760
348	800
348	830
348	866
349	466
349	718
349	765
349	877
349	968
350	159
350	218
350	478
350	723
350	977
351	201
351	337
351	531
351	810
351	900
352	11
352	469
352	914
352	946
352	984
353	170
353	862
353	872
353	991
353	993
354	442
354	774
354	944
354	965
354	971
355	223
355	787
355	919
355	931
355	985
356	259
356	487
356	490
356	924
356	1000
357	305
357	389
357	491
357	790
357	936
358	290
358	817
358	877
358	897
358	960
359	76
359	712
359	821
359	841
359	877
360	52
360	387
360	954
360	967
360	972
361	830
361	896
361	929
361	979
361	985
362	188
362	498
362	529
362	824
362	938
363	57
363	257
363	862
363	988
363	991
364	389
364	686
364	691
364	805
364	936
365	380
365	784
365	821
365	850
365	960
366	705
366	825
366	967
366	972
366	989
367	694
367	800
367	900
367	947
367	950
368	195
368	406
368	519
368	705
368	840
369	594
369	827
369	985
369	995
369	1000
370	441
370	666
370	841
370	872
370	960
371	179
371	874
371	932
371	955
371	971
372	645
372	794
372	833
372	902
372	910
373	785
373	875
373	948
373	958
373	965
374	403
374	474
374	555
374	690
374	910
375	586
375	812
375	941
375	955
375	971
376	105
376	565
376	638
376	720
376	893
377	593
377	619
377	862
377	867
377	992
378	671
378	931
378	962
378	979
378	985
379	709
379	846
379	886
379	987
379	997
380	365
380	681
380	697
380	841
380	877
381	610
381	624
381	674
381	834
381	884
382	414
382	835
382	842
382	905
382	960
383	854
383	889
383	912
383	945
383	989
384	478
384	482
384	869
384	938
384	998
385	80
385	470
385	937
385	969
385	985
386	669
386	707
386	829
386	948
386	982
387	360
387	871
387	873
387	913
387	928
388	794
388	806
388	843
388	966
388	978
389	357
389	364
389	505
389	861
389	979
390	642
390	684
390	732
390	885
390	982
391	222
391	772
391	827
391	924
391	995
392	714
392	716
392	886
392	900
392	986
393	519
393	673
393	853
393	855
393	984
394	471
394	833
394	902
394	910
394	924
395	614
395	798
395	901
395	975
395	976
396	957
396	959
396	974
396	994
396	999
396	1000
397	728
397	749
397	814
397	968
397	973
397	976
398	812
398	920
398	923
398	926
398	935
398	943
399	258
399	744
399	886
399	900
399	930
399	986
400	820
400	904
400	927
400	935
400	938
400	998
401	210
401	415
401	485
401	766
401	910
401	938
402	502
402	825
402	945
402	989
402	990
402	993
403	101
403	374
403	471
403	782
403	794
403	902
404	691
404	805
404	813
404	856
404	912
404	936
405	906
405	944
405	952
405	957
405	996
405	999
406	189
406	368
406	555
406	833
406	902
406	910
407	530
407	629
407	844
407	874
407	922
407	971
408	241
408	515
408	692
408	706
408	869
408	960
409	474
409	701
409	724
409	938
409	953
409	998
410	243
410	665
410	690
410	767
410	902
410	910
411	336
411	730
411	945
411	951
411	989
411	990
412	848
412	892
412	918
412	957
412	959
412	994
413	231
413	274
413	508
413	768
413	863
413	870
414	382
414	672
414	750
414	837
414	868
414	876
415	401
415	489
415	789
415	824
415	927
415	998
416	77
416	689
416	722
416	951
416	967
416	990
417	5
417	24
417	782
417	833
417	902
417	910
418	284
418	481
418	688
418	888
418	991
418	993
419	783
419	952
419	959
419	961
419	963
419	994
420	812
420	844
420	931
420	944
420	955
420	971
421	885
421	895
421	948
421	969
421	973
421	997
422	268
422	309
422	761
422	944
422	955
422	982
423	542
423	892
423	906
423	929
423	961
423	994
424	768
424	823
424	851
424	920
424	921
424	940
425	504
425	663
425	895
425	948
425	969
425	997
426	684
426	741
426	831
426	969
426	982
426	997
427	214
427	513
427	527
427	545
427	738
427	819
428	668
428	831
428	925
428	981
428	991
428	992
429	506
429	665
429	690
429	782
429	902
429	910
430	866
430	918
430	923
430	934
430	935
430	943
431	617
431	687
431	925
431	966
431	992
431	993
432	461
432	580
432	602
432	834
432	884
432	994
433	123
433	260
433	775
433	958
433	965
433	970
434	483
434	839
434	899
434	907
434	915
434	917
435	73
435	333
435	344
435	630
435	670
435	704
436	640
436	763
436	866
436	951
436	954
436	972
437	920
437	923
437	934
437	935
437	943
437	948
438	118
438	233
438	837
438	886
438	948
438	986
439	314
439	838
439	895
439	948
439	987
439	994
440	300
440	593
440	688
440	740
440	983
440	988
441	370
441	887
441	899
441	907
441	915
441	917
442	354
442	685
442	844
442	874
442	971
442	987
443	554
443	689
443	802
443	878
443	924
443	995
444	35
444	133
444	644
444	663
444	742
444	950
445	461
445	465
445	624
445	674
445	834
445	884
446	707
446	858
446	912
446	957
446	980
446	996
447	757
447	767
447	864
447	913
447	930
447	973
448	458
448	494
448	957
448	961
448	994
448	996
449	184
449	532
449	839
449	978
449	991
449	992
450	158
450	685
450	844
450	932
450	955
450	971
451	754
451	908
451	937
451	962
451	979
451	985
452	705
452	742
452	855
452	921
452	946
452	947
453	237
453	648
453	941
453	942
453	958
453	970
454	700
454	773
454	828
454	919
454	962
454	985
455	147
455	308
455	496
455	718
455	843
455	968
456	590
456	875
456	957
456	959
456	980
456	999
457	109
457	163
457	730
457	776
457	815
457	834
458	448
458	708
458	916
458	952
458	980
458	999
459	651
459	785
459	875
459	893
459	941
459	958
460	220
460	650
460	730
460	869
460	904
460	927
461	432
461	445
461	602
461	730
461	815
461	884
462	14
462	200
462	546
462	742
462	750
462	868
463	330
463	341
463	849
463	904
463	953
463	998
464	221
464	317
464	569
464	908
464	962
464	985
465	445
465	621
465	716
465	776
465	834
465	859
466	147
466	349
466	660
466	814
466	913
466	975
467	747
467	749
467	814
467	864
467	973
467	976
468	327
468	656
468	792
468	795
468	946
468	984
469	154
469	294
469	352
469	546
469	663
469	947
470	385
470	561
470	847
470	865
470	908
470	929
471	394
471	403
471	794
471	863
471	902
471	910
472	102
472	734
472	896
472	929
472	962
472	985
473	484
473	758
473	937
473	962
473	979
473	985
474	374
474	409
474	482
474	562
474	654
474	660
475	497
475	674
475	677
475	878
475	995
475	1000
476	668
476	697
476	969
476	981
476	983
476	993
477	478
477	809
477	845
477	849
477	904
477	998
478	107
478	350
478	384
478	477
478	676
478	998
479	272
479	593
479	628
479	843
479	966
479	992
480	79
480	919
480	920
480	929
480	962
480	985
481	418
481	906
481	925
481	933
481	983
481	992
482	384
482	474
482	535
482	869
482	953
482	998
483	434
483	780
483	941
483	942
483	958
483	965
484	169
484	473
484	732
484	735
484	948
484	987
485	254
485	401
485	845
485	914
485	938
485	998
486	522
486	754
486	879
486	959
486	961
486	996
487	356
487	682
487	810
487	863
487	921
487	940
488	110
488	578
488	961
488	963
488	974
488	994
489	415
489	770
489	793
489	986
489	987
489	997
490	312
490	356
490	624
490	729
490	909
490	995
490	1000
491	180
491	357
491	755
491	818
491	856
491	936
491	995
492	854
492	889
492	914
492	972
492	984
492	989
492	990
493	2
493	191
493	200
493	713
493	830
493	840
493	984
494	448
494	554
494	661
494	827
494	909
494	995
494	1000
495	118
495	632
495	671
495	864
495	873
495	968
495	977
496	74
496	203
496	455
496	558
496	686
496	954
496	976
497	475
497	594
497	772
497	924
497	964
497	995
497	1000
498	209
498	362
498	808
498	820
498	869
498	953
498	998
499	564
499	574
499	796
499	810
499	870
499	921
499	978
500	539
500	746
500	747
500	938
500	953
500	955
500	998
501	51
501	807
501	853
501	928
501	973
501	977
501	989
502	15
502	402
502	898
502	945
502	951
502	989
502	990
503	37
503	613
503	655
503	726
503	777
503	868
503	947
504	305
504	425
504	712
504	900
504	930
504	987
504	997
505	305
505	389
505	518
505	649
505	662
505	861
505	996
506	59
506	76
506	429
506	635
506	721
506	850
506	960
507	27
507	777
507	806
507	826
507	891
507	983
507	993
508	413
508	725
508	863
508	870
508	921
508	940
508	957
509	329
509	513
509	658
509	680
509	720
509	735
509	738
510	167
510	567
510	613
510	647
510	771
510	846
510	895
511	284
511	343
511	929
511	931
511	937
511	962
511	979
512	70
512	327
512	704
512	802
512	855
512	980
512	984
513	72
513	115
513	427
513	509
513	658
513	819
513	893
514	247
514	528
514	878
514	924
514	963
514	995
514	1000
515	152
515	408
515	821
515	876
515	881
515	916
515	962
516	607
516	646
516	824
516	904
516	927
516	953
516	998
517	316
517	640
517	647
517	744
517	764
517	883
517	895
518	119
518	505
518	643
518	649
518	805
518	813
518	856
519	368
519	393
519	737
519	742
519	947
519	950
519	993
520	10
520	712
520	741
520	791
520	885
520	918
520	982
521	105
521	671
521	842
521	911
521	968
521	973
521	976
522	486
522	880
522	892
522	956
522	965
522	994
522	999
523	111
523	338
523	712
523	811
523	982
523	987
523	997
524	59
524	219
524	659
524	897
524	905
524	949
524	960
525	639
525	671
525	807
525	864
525	871
525	949
525	977
526	817
526	956
526	959
526	974
526	980
526	996
526	999
527	319
527	427
527	620
527	680
527	819
527	883
527	893
528	514
528	752
528	875
528	941
528	958
528	965
528	970
529	362
529	626
529	789
529	820
529	927
529	953
529	998
530	339
530	407
530	545
530	663
530	673
530	946
530	950
531	351
531	567
531	764
531	793
531	906
531	969
531	982
532	320
532	449
532	860
532	925
532	978
532	981
532	988
533	161
533	689
533	700
533	772
533	801
533	995
533	1000
534	563
534	843
534	882
534	890
534	966
534	991
534	992
535	482
535	787
535	828
535	919
535	929
535	979
535	985
536	15
536	205
536	697
536	714
536	741
536	948
536	982
537	294
537	602
537	716
537	815
537	834
537	884
537	945
538	554
538	729
538	772
538	878
538	909
538	952
538	995
539	500
539	766
539	771
539	804
539	869
539	938
539	998
540	121
540	546
540	631
540	663
540	742
540	792
540	852
541	605
541	846
541	861
541	895
541	969
541	986
541	987
542	50
542	423
542	906
542	961
542	974
542	980
542	999
543	828
543	848
543	865
543	896
543	908
543	937
543	962
544	51
544	632
544	664
544	964
544	971
544	975
544	976
545	427
545	530
545	563
545	565
545	595
545	658
545	893
546	252
546	462
546	469
546	540
546	790
546	946
546	984
547	731
547	751
547	807
547	842
547	884
547	968
547	975
548	603
548	745
548	839
548	887
548	899
548	907
548	917
549	8
549	555
549	665
549	782
549	833
549	902
549	910
550	293
550	702
550	909
550	924
550	993
550	995
550	1000
551	249
551	781
551	898
551	939
551	945
551	954
551	990
552	591
552	609
552	803
552	895
552	930
552	986
552	987
553	579
553	584
553	600
553	638
553	922
553	944
553	955
553	971
554	443
554	494
554	538
554	601
554	698
554	909
554	924
554	1000
555	374
555	406
555	549
555	794
555	833
555	902
555	910
555	965
556	13
556	635
556	808
556	821
556	841
556	872
556	897
556	960
557	69
557	126
557	635
557	692
557	699
557	732
557	821
557	837
558	144
558	218
558	496
558	608
558	743
558	871
558	901
558	977
559	640
559	759
559	898
559	914
559	942
559	967
559	972
559	990
560	275
560	713
560	843
560	933
560	978
560	981
560	988
560	991
561	470
561	759
561	919
561	929
561	931
561	937
561	962
561	985
562	81
562	474
562	746
562	904
562	927
562	953
562	972
562	998
563	87
563	91
563	534
563	545
563	620
563	658
563	819
563	893
564	499
564	643
564	677
564	725
564	768
564	870
564	921
564	940
565	376
565	545
565	595
565	738
565	809
565	819
565	862
565	893
566	259
566	271
566	285
566	661
566	909
566	911
566	995
566	1000
567	130
567	510
567	531
567	581
567	752
567	771
567	986
567	997
568	261
568	780
568	808
568	941
568	942
568	955
568	958
568	970
569	464
569	865
569	867
569	919
569	929
569	931
569	937
569	979
570	340
570	646
570	793
570	901
570	964
570	973
570	975
570	976
571	64
571	711
571	733
571	839
571	887
571	899
571	907
571	915
572	649
572	790
572	805
572	813
572	818
572	861
572	936
572	996
573	280
573	804
573	882
573	903
573	966
573	978
573	983
573	991
574	499
574	643
574	763
574	823
574	851
574	921
574	940
574	956
575	124
575	583
575	638
575	761
575	922
575	932
575	955
575	971
576	152
576	672
576	699
576	837
576	841
576	850
576	857
576	876
577	257
577	894
577	978
577	981
577	983
577	984
577	988
577	992
578	96
578	155
578	488
578	952
578	963
578	980
578	994
578	999
579	166
579	553
579	774
579	874
579	922
579	932
579	944
579	971
580	432
580	621
580	633
580	674
580	776
580	815
580	834
580	884
581	567
581	647
581	886
581	900
581	937
581	973
581	982
581	997
582	36
582	633
582	952
582	961
582	963
582	974
582	996
582	999
583	20
583	221
583	309
583	575
583	844
583	922
583	944
583	971
584	70
584	97
584	553
584	656
584	694
584	792
584	830
584	984
585	295
585	603
585	891
585	933
585	981
585	983
585	992
585	993
586	375
586	657
586	709
586	761
586	874
586	932
586	955
586	971
587	89
587	945
587	951
587	954
587	966
587	967
587	972
587	990
588	2
588	21
588	98
588	135
588	304
588	760
588	840
588	984
589	831
589	858
589	892
589	952
589	956
589	957
589	974
589	980
590	30
590	456
590	783
590	906
590	912
590	952
590	963
590	996
591	206
591	552
591	605
591	851
591	883
591	886
591	987
591	997
592	812
592	825
592	844
592	874
592	922
592	944
592	955
592	971
593	377
593	440
593	479
593	933
593	988
593	991
593	993
593	998
594	16
594	259
594	369
594	497
594	729
594	801
594	827
594	995
595	545
595	565
595	620
595	680
595	720
595	819
595	864
595	893
596	292
596	616
596	691
596	755
596	790
596	818
596	886
596	936
597	68
597	149
597	880
597	906
597	956
597	957
597	963
597	999
598	621
598	816
598	952
598	956
598	957
598	959
598	974
598	999
599	58
599	732
599	791
599	846
599	946
599	982
599	986
599	997
600	553
600	718
600	765
600	767
600	842
600	975
600	976
600	977
601	309
601	554
601	865
601	908
601	919
601	931
601	962
601	985
602	432
602	461
602	537
602	621
602	730
602	815
602	884
602	999
603	548
603	585
603	847
603	914
603	951
603	972
603	989
603	990
604	44
604	784
604	817
604	837
604	876
604	877
604	897
604	905
605	31
605	541
605	591
605	683
605	791
605	885
605	994
605	997
606	67
606	192
606	279
606	859
606	882
606	941
606	958
606	970
607	516
607	782
607	869
607	904
607	927
607	953
607	954
607	998
608	558
608	627
608	826
608	842
608	928
608	936
608	964
608	968
609	552
609	860
609	862
609	890
609	894
609	988
609	991
609	993
610	89
610	269
610	381
610	898
610	939
610	951
610	972
610	989
611	337
611	735
611	770
611	883
611	903
611	930
611	982
611	997
612	226
612	748
612	896
612	908
612	931
612	962
612	979
612	985
613	97
613	252
613	339
613	503
613	510
613	713
613	802
613	855
614	318
614	340
614	395
614	686
614	836
614	901
614	911
614	949
615	703
615	816
615	828
615	852
615	912
615	952
615	980
615	996
616	596
616	649
616	691
616	790
616	861
616	928
616	936
616	981
617	28
617	431
617	780
617	859
617	941
617	942
617	965
617	970
618	703
618	892
618	912
618	919
618	957
618	974
618	996
618	999
619	377
619	636
619	806
619	867
619	869
619	888
619	894
619	978
620	63
620	115
620	527
620	563
620	595
620	693
620	720
620	738
621	465
621	580
621	598
621	602
621	624
621	674
621	716
621	884
622	773
622	865
622	880
622	908
622	919
622	937
622	962
622	985
623	625
623	640
623	766
623	859
623	941
623	958
623	965
623	970
624	381
624	445
624	490
624	621
624	742
624	776
624	815
624	884
625	623
625	859
625	930
625	942
625	958
625	965
625	970
625	989
626	43
626	529
626	645
626	719
626	769
626	879
626	903
626	951
627	238
627	608
627	751
627	757
627	826
627	850
627	853
627	964
628	85
628	479
628	668
628	882
628	894
628	933
628	988
628	993
629	43
629	110
629	407
629	907
629	922
629	932
629	944
629	955
629	971
630	303
630	435
630	687
630	867
630	890
630	966
630	978
630	981
630	993
631	265
631	300
631	315
631	540
631	738
631	855
631	947
631	950
631	984
632	162
632	495
632	544
632	749
632	807
632	842
632	913
632	968
632	975
633	580
633	582
633	754
633	798
633	861
633	906
633	956
633	974
633	994
634	761
634	812
634	874
634	922
634	932
634	944
634	955
634	971
634	996
635	88
635	178
635	506
635	556
635	557
635	648
635	706
635	876
635	916
636	323
636	619
636	708
636	858
636	885
636	957
636	963
636	994
636	999
637	266
637	778
637	891
637	958
637	978
637	988
637	991
637	992
637	993
638	376
638	553
638	575
638	709
638	728
638	812
638	874
638	944
638	971
639	323
639	525
639	754
639	840
639	961
639	974
639	980
639	994
639	996
640	436
640	517
640	559
640	623
640	939
640	954
640	967
640	989
640	990
641	697
641	756
641	765
641	888
641	891
641	894
641	933
641	966
641	993
642	390
642	669
642	831
642	838
642	903
642	927
642	930
642	986
642	987
643	518
643	564
643	574
643	682
643	725
643	863
643	921
643	940
643	979
644	79
644	444
644	748
644	908
644	929
644	937
644	962
644	979
644	985
645	281
645	372
645	626
645	657
645	696
645	762
645	769
645	836
645	903
646	516
646	570
646	814
646	864
646	871
646	973
646	975
646	977
646	997
647	58
647	510
647	517
647	581
647	793
647	902
647	948
647	986
647	987
648	267
648	453
648	635
648	750
648	817
648	821
648	837
648	916
648	960
649	292
649	505
649	518
649	572
649	616
649	858
649	861
649	862
649	936
650	255
650	460
650	660
650	789
650	904
650	927
650	938
650	946
650	998
651	192
651	251
651	459
651	790
651	875
651	941
651	942
651	958
651	970
652	307
652	883
652	918
652	920
652	923
652	926
652	934
652	935
652	943
653	346
653	746
653	757
653	842
653	864
653	964
653	968
653	975
653	984
654	107
654	474
654	724
654	824
654	845
654	904
654	938
654	975
654	998
655	212
655	240
655	304
655	503
655	673
655	855
655	895
655	938
655	984
656	2
656	468
656	584
656	726
656	792
656	799
656	868
656	889
656	984
657	78
657	281
657	586
657	645
657	719
657	769
657	836
657	879
657	903
658	263
658	509
658	513
658	545
658	563
658	720
658	819
658	893
658	968
659	207
659	524
659	706
659	835
659	872
659	881
659	916
659	945
659	960
660	197
660	466
660	474
660	650
660	845
660	849
660	938
660	953
660	998
661	108
661	494
661	566
661	878
661	909
661	922
661	924
661	995
661	1000
662	277
662	505
662	691
662	790
662	805
662	856
662	861
662	912
662	936
663	36
663	425
663	444
663	469
663	530
663	540
663	704
663	868
663	984
664	544
664	749
664	842
664	853
664	864
664	964
664	965
664	968
664	973
665	136
665	243
665	410
665	429
665	549
665	833
665	836
665	902
665	910
666	370
666	681
666	692
666	723
666	818
666	837
666	876
666	877
666	916
667	858
667	906
667	959
667	961
667	963
667	980
667	996
667	999
667	1000
668	340
668	428
668	476
668	628
668	751
668	804
668	981
668	992
668	993
669	9
669	44
669	90
669	386
669	642
669	714
669	791
669	883
669	898
670	49
670	435
670	682
670	694
670	800
670	840
670	946
670	947
670	984
671	378
671	495
671	521
671	525
671	871
671	901
671	964
671	975
671	976
672	174
672	267
672	414
672	576
672	774
672	872
672	877
672	916
672	960
673	37
673	193
673	393
673	530
673	655
673	708
673	792
673	868
673	950
674	381
674	445
674	475
674	580
674	621
674	730
674	776
674	815
674	827
675	207
675	847
675	889
675	939
675	951
675	954
675	972
675	989
675	998
676	478
676	724
676	781
676	789
676	824
676	845
676	869
676	927
676	998
677	259
677	272
677	312
677	475
677	564
677	827
677	924
677	995
677	1000
678	866
678	918
678	920
678	923
678	926
678	934
678	935
678	943
678	950
679	898
679	914
679	939
679	945
679	954
679	958
679	967
679	972
679	990
680	105
680	115
680	329
680	509
680	527
680	595
680	738
680	815
680	819
680	893
681	77
681	132
681	380
681	666
681	719
681	821
681	841
681	850
681	877
681	881
682	100
682	487
682	643
682	670
682	796
682	851
682	863
682	870
682	921
682	940
683	206
683	605
683	744
683	886
683	895
683	930
683	948
683	986
683	987
683	992
684	44
684	390
684	426
684	687
684	699
684	770
684	886
684	982
684	986
684	997
685	313
685	442
685	450
685	812
685	857
685	874
685	922
685	932
685	944
685	971
686	53
686	85
686	364
686	496
686	614
686	723
686	911
686	949
686	964
686	977
687	170
687	431
687	630
687	684
687	888
687	933
687	966
687	988
687	991
687	993
688	95
688	418
688	440
688	860
688	872
688	894
688	966
688	978
688	992
688	993
689	17
689	335
689	342
689	416
689	443
689	533
689	878
689	909
689	995
689	1000
690	243
690	374
690	410
690	429
690	782
690	794
690	833
690	870
690	902
690	910
691	7
691	292
691	364
691	404
691	596
691	616
691	662
691	811
691	813
691	936
692	152
692	287
692	408
692	557
692	666
692	706
692	784
692	876
692	897
692	923
693	99
693	620
693	711
693	745
693	887
693	899
693	907
693	915
693	917
693	947
694	177
694	367
694	584
694	670
694	760
694	855
694	868
694	950
694	984
694	991
695	703
695	798
695	813
695	852
695	880
695	929
695	956
695	974
695	994
695	999
696	39
696	162
696	173
696	229
696	246
696	645
696	769
696	786
696	836
696	903
697	297
697	380
697	476
697	536
697	641
697	867
697	891
697	978
697	988
697	991
698	251
698	279
698	554
698	775
698	875
698	941
698	942
698	965
698	970
698	982
699	113
699	187
699	241
699	557
699	576
699	684
699	710
699	835
699	872
699	960
700	140
700	454
700	533
700	729
700	801
700	878
700	909
700	924
700	974
700	995
701	122
701	409
701	866
701	918
701	920
701	923
701	926
701	934
701	935
701	943
702	272
702	342
702	550
702	744
702	801
702	895
702	909
702	924
702	995
702	1000
703	615
703	618
703	695
703	851
703	906
703	912
703	957
703	961
703	974
703	999
704	127
704	130
704	343
704	435
704	512
704	663
704	799
704	830
704	840
704	946
705	97
705	193
705	343
705	348
705	366
705	368
705	452
705	760
705	947
705	950
706	260
706	408
706	635
706	659
706	692
706	717
706	811
706	850
706	897
706	960
707	10
707	164
707	190
707	386
707	446
707	791
707	948
707	974
707	986
707	987
708	278
708	458
708	636
708	673
708	959
708	961
708	963
708	980
708	994
708	999
709	379
709	586
709	638
709	753
709	774
709	922
709	932
709	944
709	955
709	971
710	285
710	331
710	699
710	721
710	784
710	835
710	872
710	877
710	897
710	966
711	239
711	571
711	693
711	720
711	733
711	839
711	887
711	899
711	915
711	917
712	359
712	504
712	520
712	523
712	732
712	741
712	764
712	797
712	925
712	969
713	35
713	73
713	204
713	265
713	493
713	560
713	613
713	830
713	947
713	984
714	314
714	328
714	392
714	536
714	669
714	771
714	803
714	883
714	884
714	895
714	948
715	303
715	829
715	857
715	866
715	918
715	920
715	923
715	926
715	934
715	935
715	943
716	228
716	294
716	392
716	465
716	537
716	621
716	730
716	776
716	815
716	834
716	931
717	706
717	723
717	807
717	814
717	822
717	826
717	894
717	901
717	913
717	949
717	964
718	349
718	455
718	600
718	734
718	809
718	884
718	901
718	968
718	973
718	976
718	977
719	40
719	78
719	125
719	290
719	322
719	626
719	657
719	681
719	786
719	879
719	903
720	87
720	93
720	376
720	509
720	595
720	620
720	658
720	711
720	738
720	761
720	893
721	59
721	88
721	113
721	506
721	710
721	750
721	821
721	841
721	859
721	881
721	916
722	416
722	854
722	889
722	898
722	949
722	951
722	954
722	967
722	989
722	990
722	999
723	84
723	350
723	666
723	686
723	717
723	749
723	873
723	928
723	968
723	977
723	985
724	81
724	107
724	409
724	654
724	676
724	747
724	774
724	927
724	938
724	953
724	998
725	247
725	264
725	320
725	508
725	564
725	643
725	768
725	796
725	851
725	921
725	940
726	35
726	503
726	656
726	737
726	742
726	933
726	946
726	947
726	950
726	984
726	988
727	857
727	866
727	918
727	920
727	923
727	926
727	934
727	935
727	943
727	985
727	992
728	397
728	638
728	777
728	778
728	894
728	933
728	983
728	988
728	991
728	992
728	993
729	5
729	490
729	538
729	594
729	700
729	801
729	909
729	914
729	977
729	995
729	1000
730	411
730	457
730	460
730	461
730	602
730	674
730	716
730	776
730	815
730	834
730	884
731	308
731	547
731	743
731	807
731	901
731	928
731	949
731	964
731	968
731	975
731	998
732	337
732	390
732	484
732	557
732	599
732	712
732	885
732	895
732	969
732	997
732	998
733	571
733	711
733	745
733	839
733	846
733	887
733	899
733	907
733	915
733	917
733	986
734	122
734	310
734	472
734	718
734	750
734	826
734	871
734	873
734	901
734	928
734	977
735	299
735	321
735	484
735	509
735	611
735	764
735	885
735	956
735	982
735	987
735	997
736	297
736	882
736	906
736	925
736	966
736	978
736	981
736	988
736	990
736	991
736	992
737	152
737	240
737	519
737	726
737	769
737	792
737	840
737	868
737	946
737	947
737	950
738	93
738	319
738	427
738	509
738	565
738	620
738	631
738	680
738	720
738	819
738	893
739	223
739	759
739	763
739	780
739	781
739	898
739	939
739	951
739	954
739	967
739	990
740	440
740	756
740	795
740	803
740	806
740	860
740	862
740	933
740	978
740	983
740	993
741	169
741	203
741	426
741	520
741	536
741	712
741	791
741	831
741	982
741	986
741	997
742	269
742	444
742	452
742	462
742	519
742	540
742	624
742	726
742	946
742	947
742	984
743	74
743	558
743	731
743	853
743	854
743	864
743	873
743	901
743	911
743	968
743	976
744	301
744	399
744	517
744	683
744	702
744	831
744	846
744	900
744	979
744	982
744	986
745	548
745	693
745	733
745	839
745	850
745	887
745	899
745	907
745	915
745	917
745	939
746	500
746	562
746	653
746	747
746	820
746	824
746	849
746	858
746	869
746	927
746	998
747	467
747	500
747	724
747	746
747	766
747	789
747	820
747	904
747	938
747	953
747	981
748	289
748	297
748	612
748	644
748	773
748	781
748	919
748	937
748	962
748	979
748	985
749	397
749	467
749	632
749	664
749	723
749	809
749	822
749	826
749	960
749	964
749	972
749	977
750	76
750	142
750	219
750	266
750	414
750	462
750	648
750	721
750	734
750	872
750	881
750	897
751	249
751	310
751	547
751	627
751	668
751	873
751	911
751	942
751	968
751	975
751	977
751	1000
752	82
752	225
752	242
752	528
752	567
752	808
752	859
752	891
752	942
752	958
752	965
752	970
753	709
753	816
753	906
753	956
753	957
753	961
753	974
753	980
753	994
753	996
753	998
753	999
754	265
754	451
754	486
754	633
754	639
754	880
754	956
754	957
754	961
754	974
754	994
754	999
755	131
755	230
755	277
755	491
755	596
755	790
755	813
755	818
755	861
755	887
755	936
755	941
756	26
756	86
756	641
756	740
756	795
756	825
756	860
756	876
756	888
756	966
756	991
756	992
757	65
757	134
757	238
757	447
757	627
757	653
757	770
757	809
757	913
757	928
757	949
757	976
758	182
758	473
758	788
758	865
758	908
758	919
758	929
758	931
758	937
758	962
758	978
758	979
759	559
759	561
759	739
759	847
759	854
759	914
759	922
759	945
759	951
759	954
759	989
759	990
760	325
760	348
760	588
760	694
760	705
760	830
760	868
760	899
760	946
760	947
760	950
760	984
761	37
761	313
761	422
761	575
761	586
761	634
761	720
761	774
761	874
761	932
761	944
761	955
762	40
762	43
762	78
762	143
762	173
762	246
762	645
762	769
762	785
762	836
762	879
762	903
763	94
763	302
763	436
763	574
763	739
763	889
763	894
763	939
763	954
763	967
763	989
763	990
764	169
764	517
764	531
764	712
764	735
764	770
764	775
764	885
764	930
764	987
764	997
764	999
765	84
765	349
765	600
765	641
765	807
765	809
765	842
765	928
765	962
765	973
765	976
765	977
766	401
766	539
766	623
766	747
766	789
766	845
766	849
766	869
766	927
766	953
766	971
766	998
767	410
767	447
767	600
767	822
767	892
767	911
767	964
767	968
767	973
767	975
767	976
767	977
768	413
768	424
768	564
768	725
768	810
768	851
768	863
768	870
768	875
768	921
768	940
768	988
769	1
769	246
769	328
769	626
769	645
769	657
769	696
769	737
769	762
769	786
769	879
769	903
770	489
770	611
770	684
770	757
770	764
770	831
770	885
770	895
770	948
770	978
770	986
770	997
771	321
771	510
771	539
771	567
771	714
771	783
771	886
771	900
771	969
771	986
771	987
771	997
772	114
772	229
772	391
772	497
772	533
772	538
772	827
772	878
772	909
772	913
772	995
772	1000
773	102
773	454
773	622
773	748
773	905
773	910
773	919
773	929
773	931
773	937
773	962
773	985
774	214
774	234
774	354
774	579
774	672
774	709
774	724
774	761
774	874
774	932
774	955
774	971
775	123
775	301
775	433
775	698
775	764
775	785
775	867
775	875
775	941
775	958
775	965
775	970
776	228
776	294
776	457
776	465
776	580
776	624
776	674
776	716
776	730
776	882
776	884
776	887
777	306
777	503
777	507
777	728
777	804
777	871
777	890
777	925
777	966
777	983
777	991
777	992
777	993
778	29
778	275
778	317
778	637
778	728
778	828
778	862
778	867
778	891
778	978
778	981
778	983
778	988
779	89
779	852
779	856
779	880
779	915
779	952
779	956
779	959
779	961
779	963
779	994
779	996
779	999
780	27
780	82
780	483
780	568
780	617
780	739
780	804
780	808
780	875
780	941
780	942
780	965
780	970
781	94
781	551
781	676
781	739
781	748
781	854
781	914
781	945
781	951
781	954
781	967
781	972
781	989
782	24
782	333
782	403
782	417
782	429
782	549
782	607
782	690
782	833
782	902
782	910
782	934
782	977
783	419
783	590
783	771
783	799
783	816
783	892
783	956
783	959
783	961
783	974
783	980
783	994
783	996
784	174
784	323
784	365
784	604
784	692
784	710
784	835
784	837
784	877
784	881
784	895
784	905
784	916
785	279
785	373
785	459
785	762
785	775
785	808
785	859
785	941
785	942
785	958
785	965
785	970
785	971
786	106
786	162
786	281
786	290
786	322
786	696
786	719
786	769
786	836
786	845
786	879
786	903
786	975
787	83
787	208
787	232
787	307
787	355
787	535
787	896
787	919
787	931
787	962
787	969
787	979
787	985
788	147
788	311
788	758
788	828
788	865
788	896
788	919
788	931
788	937
788	962
788	979
788	985
788	991
789	50
789	298
789	415
789	529
789	650
789	676
789	747
789	766
789	794
789	820
789	938
789	953
789	998
790	119
790	230
790	357
790	546
790	572
790	596
790	616
790	651
790	662
790	755
790	856
790	861
790	936
791	46
791	520
791	599
791	605
791	669
791	707
791	741
791	797
791	815
791	883
791	900
791	930
791	982
792	98
792	334
792	468
792	540
792	584
792	656
792	673
792	737
792	868
792	939
792	946
792	947
792	950
793	489
793	531
793	570
793	647
793	797
793	811
793	846
793	895
793	898
793	969
793	986
793	987
793	997
794	67
794	137
794	243
794	372
794	388
794	403
794	471
794	555
794	690
794	789
794	833
794	902
794	910
795	264
795	468
795	740
795	756
795	816
795	891
795	925
795	933
795	953
795	966
795	978
795	988
795	992
796	298
796	499
796	682
796	725
796	810
796	823
796	851
796	863
796	870
796	921
796	940
796	978
796	979
797	90
797	199
797	299
797	301
797	712
797	791
797	793
797	811
797	878
797	886
797	930
797	969
797	982
798	202
798	395
798	633
798	695
798	848
798	906
798	959
798	974
798	980
798	994
798	996
798	999
798	1000
799	21
799	75
799	291
799	339
799	656
799	704
799	783
799	800
799	807
799	946
799	947
799	950
799	984
800	170
800	185
800	195
800	343
800	348
800	367
800	670
800	799
800	802
800	814
800	840
800	946
800	984
801	166
801	271
801	533
801	594
801	700
801	702
801	729
801	806
801	871
801	909
801	924
801	995
801	1000
802	70
802	443
802	512
802	613
802	800
802	840
802	847
802	868
802	901
802	946
802	947
802	950
802	984
803	321
803	347
803	552
803	714
803	740
803	831
803	885
803	930
803	948
803	962
803	986
803	987
803	997
804	177
804	181
804	236
804	345
804	539
804	573
804	668
804	777
804	780
804	823
804	966
804	988
804	993
805	7
805	68
805	128
805	138
805	364
805	404
805	518
805	572
805	662
805	813
805	850
805	861
805	966
806	345
806	388
806	507
806	619
806	740
806	801
806	843
806	888
806	966
806	973
806	981
806	983
806	988
806	992
807	501
807	525
807	547
807	632
807	717
807	731
807	765
807	799
807	844
807	864
807	917
807	964
807	975
807	977
808	111
808	127
808	498
808	556
808	568
808	752
808	780
808	785
808	875
808	941
808	942
808	958
808	965
808	970
809	84
809	147
809	151
809	477
809	565
809	718
809	749
809	757
809	765
809	822
809	853
809	968
809	975
809	977
810	13
810	278
810	351
810	487
810	499
810	768
810	796
810	823
810	851
810	863
810	870
810	921
810	940
810	958
811	58
811	130
811	347
811	523
811	691
811	706
811	793
811	797
811	846
811	900
811	969
811	986
811	987
811	997
812	375
812	398
812	420
812	592
812	634
812	638
812	685
812	844
812	896
812	922
812	932
812	944
812	955
812	971
813	128
813	180
813	277
813	292
813	404
813	518
813	572
813	691
813	695
813	755
813	805
813	856
813	936
813	973
814	249
814	346
814	397
814	466
814	467
814	646
814	717
814	800
814	879
814	901
814	913
814	964
814	973
814	977
815	457
815	461
815	537
815	580
815	602
815	624
815	674
815	680
815	716
815	730
815	791
815	834
815	884
815	919
816	211
816	217
816	598
816	615
816	753
816	783
816	795
816	892
816	952
816	956
816	959
816	974
816	996
816	999
817	65
817	88
817	358
817	526
817	604
817	648
817	841
817	850
817	876
817	897
817	905
817	916
817	942
817	960
818	128
818	138
818	141
818	230
818	277
818	491
818	572
818	596
818	666
818	755
818	856
818	861
818	936
818	975
819	91
819	263
819	427
819	513
819	527
819	563
819	565
819	595
819	658
819	680
819	738
819	893
819	972
819	983
820	9
820	400
820	498
820	529
820	746
820	747
820	789
820	849
820	869
820	872
820	904
820	927
820	938
820	998
821	359
821	365
821	515
821	556
821	557
821	648
821	681
821	721
821	837
821	872
821	881
821	951
821	960
821	975
822	159
822	203
822	310
822	717
822	749
822	767
822	809
822	913
822	959
822	964
822	973
822	975
822	977
822	991
823	35
823	226
823	320
823	324
823	424
823	574
823	796
823	804
823	810
823	851
823	863
823	870
823	921
823	940
824	149
824	362
824	415
824	516
824	654
824	676
824	746
824	845
824	848
824	869
824	927
824	938
824	953
824	998
825	188
825	366
825	402
825	592
825	756
825	847
825	854
825	889
825	913
825	939
825	951
825	954
825	967
825	972
825	989
826	49
826	507
826	608
826	627
826	717
826	734
826	749
826	871
826	873
826	913
826	949
826	964
826	968
826	969
826	975
827	114
827	134
827	293
827	369
827	391
827	494
827	594
827	674
827	677
827	772
827	878
827	909
827	924
827	995
827	1000
828	64
828	284
828	454
828	535
828	543
828	615
828	778
828	788
828	896
828	908
828	929
828	931
828	937
828	979
828	985
829	386
829	715
829	832
829	857
829	866
829	918
829	920
829	923
829	926
829	934
829	935
829	943
829	997
830	127
830	204
830	300
830	348
830	361
830	493
830	584
830	704
830	713
830	760
830	840
830	846
830	855
830	902
830	946
831	426
831	428
831	589
831	642
831	741
831	744
831	770
831	803
831	838
831	886
831	948
831	967
831	982
831	986
831	997
832	829
832	857
832	866
832	918
832	919
832	920
832	923
832	926
832	934
832	935
832	943
832	982
832	995
833	136
833	287
833	372
833	394
833	406
833	417
833	549
833	555
833	665
833	690
833	782
833	794
833	902
833	910
833	926
834	109
834	142
834	163
834	381
834	432
834	445
834	457
834	465
834	537
834	580
834	716
834	730
834	815
834	836
834	884
835	207
835	248
835	266
835	267
835	382
835	659
835	699
835	710
835	784
835	841
835	881
835	897
835	960
835	980
835	983
836	43
836	78
836	125
836	222
836	328
836	614
836	645
836	657
836	665
836	696
836	762
836	786
836	834
836	879
836	903
837	148
837	174
837	332
837	414
837	438
837	557
837	576
837	604
837	648
837	666
837	784
837	821
837	876
837	946
837	976
838	22
838	263
838	347
838	439
838	642
838	831
838	883
838	885
838	892
838	900
838	969
838	978
838	982
838	987
838	997
839	66
839	217
839	434
839	449
839	548
839	571
839	711
839	733
839	745
839	887
839	899
839	907
839	915
839	917
839	970
840	96
840	200
840	333
840	368
840	493
840	588
840	639
840	670
840	704
840	737
840	800
840	802
840	830
840	868
840	950
841	69
841	121
841	178
841	359
841	370
841	380
841	556
841	576
841	681
841	721
841	817
841	835
841	872
841	876
841	910
841	911
842	186
842	382
842	521
842	547
842	600
842	608
842	632
842	653
842	664
842	765
842	911
842	913
842	928
842	949
842	976
842	991
843	3
843	388
843	455
843	479
843	534
843	560
843	806
843	862
843	867
843	894
843	948
843	966
843	978
843	988
843	991
843	993
844	62
844	161
844	407
844	420
844	442
844	450
844	583
844	592
844	807
844	812
844	874
844	922
844	944
844	955
844	971
844	981
845	159
845	477
845	485
845	654
845	660
845	676
845	766
845	786
845	824
845	849
845	875
845	904
845	927
845	938
845	953
845	998
846	22
846	118
846	190
846	301
846	379
846	510
846	541
846	599
846	733
846	744
846	793
846	811
846	830
846	883
846	982
846	986
847	470
847	603
847	675
847	759
847	802
847	825
847	854
847	914
847	939
847	945
847	951
847	954
847	972
847	989
847	990
847	995
848	101
848	153
848	412
848	543
848	798
848	824
848	858
848	880
848	912
848	957
848	963
848	974
848	980
848	994
848	996
848	999
849	197
849	210
849	463
849	477
849	660
849	746
849	766
849	820
849	845
849	904
849	921
849	927
849	938
849	953
849	977
849	988
849	998
850	267
850	287
850	332
850	365
850	506
850	576
850	627
850	681
850	706
850	745
850	805
850	817
850	877
850	881
850	897
850	905
850	960
851	116
851	143
851	424
851	574
851	591
851	682
851	703
851	725
851	768
851	796
851	810
851	823
851	863
851	870
851	921
851	932
851	940
852	113
852	540
852	615
852	695
852	779
852	858
852	880
852	906
852	912
852	952
852	959
852	961
852	963
852	968
852	974
852	980
852	996
853	1
853	185
853	393
853	501
853	627
853	664
853	743
853	809
853	873
853	901
853	911
853	949
853	964
853	973
853	975
853	976
853	977
854	383
854	492
854	722
854	743
854	759
854	781
854	825
854	847
854	898
854	933
854	939
854	945
854	951
854	967
854	972
854	989
854	990
855	21
855	75
855	127
855	393
855	452
855	512
855	613
855	631
855	655
855	694
855	830
855	868
855	894
855	927
855	950
855	984
855	999
856	131
856	138
856	145
856	180
856	305
856	404
856	491
856	518
856	662
856	779
856	790
856	813
856	818
856	861
856	936
856	960
856	963
857	576
857	685
857	715
857	727
857	829
857	832
857	866
857	918
857	920
857	923
857	926
857	934
857	935
857	943
857	959
858	446
858	589
858	636
858	649
858	667
858	746
858	848
858	852
858	952
858	956
858	961
858	963
858	974
858	980
858	994
858	996
858	999
859	273
859	296
859	465
859	606
859	617
859	623
859	625
859	721
859	752
859	785
859	875
859	941
859	942
859	950
859	958
859	965
859	970
860	10
860	181
860	288
860	532
860	609
860	688
860	740
860	756
860	862
860	890
860	925
860	926
860	933
860	966
860	978
860	991
860	992
860	993
861	68
861	141
861	277
861	389
861	505
861	541
861	572
861	616
861	633
861	649
861	662
861	755
861	790
861	805
861	818
861	856
861	936
861	992
862	295
862	353
862	363
862	377
862	565
862	609
862	649
862	740
862	778
862	843
862	860
862	867
862	888
862	966
862	981
862	983
862	988
862	992
863	226
863	274
863	320
863	339
863	413
863	471
863	487
863	508
863	643
863	682
863	768
863	796
863	810
863	823
863	851
863	921
863	926
863	940
864	34
864	129
864	235
864	447
864	467
864	495
864	525
864	595
864	646
864	653
864	664
864	743
864	807
864	871
864	911
864	928
864	973
864	975
864	976
865	64
865	317
865	470
865	543
865	569
865	601
865	622
865	758
865	788
865	896
865	919
865	929
865	931
865	940
865	949
865	962
865	979
865	982
865	985
866	160
866	348
866	430
866	436
866	678
866	701
866	715
866	727
866	829
866	832
866	857
866	918
866	920
866	923
866	926
866	934
866	935
866	943
866	1000
867	108
867	276
867	295
867	377
867	569
867	619
867	630
867	697
867	775
867	778
867	843
867	862
867	888
867	900
867	933
867	983
867	988
867	991
867	992
868	117
868	133
868	300
868	414
868	462
868	503
868	656
868	663
868	673
868	694
868	737
868	760
868	792
868	802
868	840
868	855
868	920
868	946
868	947
869	50
869	209
869	384
869	408
869	460
869	482
869	498
869	539
869	607
869	619
869	676
869	746
869	766
869	820
869	824
869	925
869	938
869	953
869	998
870	47
870	116
870	171
870	227
870	278
870	298
870	413
870	499
870	508
870	564
870	682
870	690
870	768
870	796
870	810
870	823
870	851
870	921
870	940
871	158
871	244
871	387
871	525
871	558
871	646
871	671
871	734
871	777
871	801
871	826
871	864
871	901
871	928
871	949
871	964
871	968
871	974
871	975
872	69
872	248
872	353
872	370
872	556
872	659
872	672
872	688
872	699
872	710
872	750
872	820
872	821
872	841
872	877
872	881
872	897
872	905
872	916
873	49
873	122
873	244
873	387
873	495
873	723
873	734
873	743
873	751
873	826
873	853
873	890
873	911
873	928
873	949
873	957
873	975
873	977
873	991
874	19
874	88
874	234
874	371
874	407
874	442
874	579
874	586
874	592
874	634
874	638
874	685
874	761
874	774
874	844
874	932
874	944
874	955
874	992
875	273
875	373
875	456
875	459
875	528
875	651
875	698
875	768
875	775
875	780
875	808
875	845
875	859
875	941
875	942
875	943
875	958
875	965
875	970
876	55
876	260
876	414
876	515
876	576
876	604
876	635
876	666
876	692
876	756
876	817
876	837
876	841
876	877
876	897
876	905
876	952
876	960
876	976
877	142
877	183
877	285
877	349
877	358
877	359
877	380
877	604
877	666
877	672
877	681
877	710
877	784
877	850
877	872
877	876
877	881
877	905
877	911
877	916
878	6
878	54
878	93
878	140
878	334
878	443
878	475
878	514
878	538
878	661
878	689
878	700
878	772
878	797
878	827
878	909
878	924
878	973
878	995
878	1000
879	39
879	106
879	125
879	162
879	173
879	281
879	290
879	322
879	328
879	486
879	626
879	657
879	719
879	762
879	769
879	786
879	814
879	836
879	903
879	967
880	12
880	250
880	293
880	522
880	597
880	622
880	695
880	754
880	779
880	848
880	852
880	912
880	952
880	956
880	957
880	959
880	980
880	994
880	996
880	999
881	82
881	132
881	142
881	207
881	266
881	515
881	659
881	681
881	721
881	750
881	784
881	821
881	835
881	850
881	872
881	877
881	900
881	905
881	916
881	959
882	26
882	27
882	177
882	264
882	534
882	573
882	606
882	628
882	736
882	776
882	891
882	925
882	933
882	959
882	966
882	978
882	983
882	988
882	990
882	993
883	61
883	164
883	167
883	517
883	527
883	591
883	611
883	652
883	669
883	714
883	791
883	838
883	846
883	895
883	948
883	969
883	982
883	986
883	987
883	993
884	109
884	163
884	228
884	294
884	381
884	432
884	445
884	461
884	537
884	547
884	580
884	602
884	621
884	624
884	714
884	718
884	730
884	776
884	815
884	834
885	131
885	187
885	390
885	421
885	520
885	605
885	636
885	732
885	735
885	764
885	770
885	803
885	838
885	886
885	900
885	969
885	982
885	986
885	987
885	990
886	61
886	379
886	392
886	399
886	438
886	581
886	591
886	596
886	683
886	684
886	771
886	797
886	831
886	885
886	900
886	901
886	969
886	971
886	982
886	997
887	45
887	120
887	224
887	262
887	315
887	441
887	548
887	571
887	693
887	711
887	733
887	745
887	755
887	776
887	839
887	899
887	907
887	915
887	916
887	917
888	27
888	184
888	268
888	303
888	418
888	619
888	641
888	687
888	756
888	806
888	862
888	867
888	894
888	925
888	926
888	952
888	966
888	978
888	991
888	993
889	3
889	256
889	383
889	492
889	656
889	675
889	722
889	763
889	825
889	898
889	914
889	945
889	951
889	954
889	967
889	972
889	983
889	989
889	990
889	996
890	26
890	48
890	155
890	280
890	295
890	534
890	609
890	630
890	777
890	860
890	873
890	891
890	925
890	945
890	970
890	978
890	981
890	983
890	988
890	992
890	994
891	257
891	507
891	585
891	637
891	641
891	697
891	752
891	778
891	795
891	882
891	890
891	925
891	936
891	964
891	978
891	981
891	983
891	988
891	991
891	992
891	993
892	30
892	211
892	412
892	423
892	522
892	589
892	618
892	767
892	783
892	816
892	838
892	906
892	956
892	957
892	961
892	963
892	974
892	980
892	982
892	996
892	999
893	87
893	91
893	115
893	263
893	319
893	329
893	376
893	459
893	513
893	527
893	545
893	563
893	565
893	595
893	658
893	680
893	720
893	738
893	819
893	961
893	986
894	236
894	577
894	609
894	619
894	628
894	641
894	688
894	717
894	728
894	763
894	843
894	855
894	888
894	933
894	966
894	976
894	978
894	981
894	983
894	992
894	993
895	194
895	421
895	425
895	439
895	510
895	517
895	541
895	552
895	655
895	683
895	702
895	714
895	732
895	770
895	784
895	793
895	883
895	930
895	982
895	987
895	997
896	208
896	307
896	317
896	324
896	329
896	361
896	472
896	543
896	612
896	787
896	788
896	812
896	828
896	865
896	908
896	919
896	929
896	937
896	962
896	979
896	984
896	985
897	55
897	148
897	358
897	524
897	556
897	604
897	692
897	706
897	710
897	750
897	817
897	835
897	850
897	872
897	876
897	905
897	916
897	942
897	945
897	960
897	989
897	1000
898	270
898	286
898	502
898	551
898	559
898	610
898	669
898	679
898	722
898	739
898	793
898	854
898	889
898	914
898	939
898	943
898	951
898	967
898	972
898	982
898	989
898	990
899	66
899	99
899	112
899	224
899	239
899	262
899	434
899	441
899	548
899	571
899	693
899	711
899	733
899	745
899	760
899	839
899	887
899	907
899	908
899	915
899	917
899	964
900	4
900	164
900	194
900	314
900	351
900	367
900	392
900	399
900	504
900	581
900	744
900	771
900	791
900	811
900	838
900	867
900	881
900	885
900	886
900	902
900	969
900	986
901	395
901	558
901	570
901	614
901	671
901	717
901	718
901	731
901	734
901	743
901	802
901	814
901	853
901	871
901	886
901	913
901	948
901	949
901	964
901	968
901	973
901	976
902	136
902	151
902	189
902	372
902	394
902	403
902	406
902	410
902	417
902	429
902	471
902	549
902	555
902	647
902	665
902	690
902	782
902	794
902	830
902	833
902	900
902	910
903	39
903	40
903	173
903	222
903	246
903	281
903	290
903	322
903	328
903	573
903	611
903	626
903	642
903	645
903	657
903	696
903	719
903	762
903	769
903	786
903	836
903	879
904	255
904	275
904	330
904	400
904	460
904	463
904	477
904	516
904	562
904	607
904	650
904	654
904	747
904	820
904	845
904	849
904	927
904	930
904	937
904	938
904	953
904	968
904	998
905	55
905	65
905	148
905	219
905	260
905	287
905	382
905	524
905	604
905	773
905	784
905	817
905	850
905	872
905	876
905	877
905	881
905	897
905	916
905	930
905	942
905	960
905	961
906	202
906	405
906	423
906	481
906	531
906	542
906	590
906	597
906	633
906	667
906	703
906	736
906	753
906	798
906	852
906	892
906	912
906	952
906	959
906	961
906	974
906	986
906	994
907	45
907	112
907	120
907	224
907	232
907	239
907	262
907	315
907	434
907	441
907	548
907	571
907	629
907	693
907	733
907	745
907	839
907	887
907	899
907	915
907	917
907	932
907	970
907	985
908	79
908	289
908	311
908	451
908	464
908	470
908	543
908	601
908	612
908	622
908	644
908	758
908	828
908	896
908	899
908	919
908	929
908	931
908	937
908	944
908	956
908	962
908	979
908	985
909	20
909	229
909	272
909	490
909	494
909	538
909	550
909	554
909	566
909	661
909	689
909	700
909	702
909	729
909	772
909	801
909	827
909	878
909	923
909	924
909	974
909	995
909	997
909	1000
910	24
910	136
910	137
910	189
910	372
910	374
910	394
910	401
910	406
910	410
910	417
910	429
910	471
910	549
910	555
910	665
910	690
910	773
910	782
910	794
910	833
910	841
910	902
910	955
911	106
911	151
911	191
911	231
911	310
911	521
911	566
911	614
911	686
911	743
911	751
911	767
911	841
911	842
911	853
911	864
911	873
911	877
911	913
911	928
911	949
911	964
911	973
911	977
912	101
912	133
912	171
912	383
912	404
912	446
912	590
912	615
912	618
912	662
912	703
912	848
912	852
912	880
912	906
912	952
912	956
912	957
912	963
912	974
912	980
912	994
912	996
912	999
913	85
913	104
913	387
913	447
913	466
913	632
913	717
913	757
913	772
913	814
913	822
913	825
913	826
913	842
913	901
913	911
913	924
913	928
913	964
913	973
913	975
913	976
913	977
913	987
914	41
914	89
914	157
914	198
914	326
914	352
914	485
914	492
914	559
914	603
914	679
914	729
914	759
914	781
914	847
914	889
914	898
914	939
914	945
914	951
914	954
914	989
914	990
914	998
915	45
915	99
915	112
915	120
915	217
915	224
915	232
915	262
915	274
915	315
915	434
915	441
915	571
915	693
915	711
915	733
915	745
915	779
915	839
915	887
915	899
915	907
915	917
915	964
915	979
916	132
916	248
916	266
916	285
916	287
916	332
916	458
916	515
916	635
916	648
916	659
916	666
916	672
916	721
916	784
916	817
916	872
916	877
916	881
916	887
916	897
916	905
916	946
916	953
916	960
917	45
917	66
917	99
917	112
917	120
917	145
917	217
917	232
917	239
917	250
917	315
917	434
917	441
917	548
917	693
917	711
917	733
917	745
917	807
917	839
917	887
917	899
917	907
917	915
917	971
918	18
918	72
918	156
918	160
918	165
918	245
918	412
918	430
918	520
918	652
918	678
918	701
918	715
918	727
918	829
918	832
918	857
918	866
918	920
918	923
918	926
918	934
918	935
918	943
918	947
919	83
919	355
919	454
919	480
919	535
919	561
919	569
919	601
919	618
919	622
919	748
919	758
919	773
919	787
919	788
919	815
919	832
919	865
919	896
919	908
919	929
919	931
919	962
919	981
919	985
920	72
920	213
920	245
920	283
920	398
920	424
920	437
920	480
920	652
920	678
920	701
920	715
920	727
920	829
920	832
920	857
920	866
920	868
920	918
920	923
920	926
920	934
920	935
920	943
920	999
921	13
921	47
921	255
921	274
921	278
921	298
921	424
921	452
921	487
921	499
921	508
921	564
921	574
921	643
921	682
921	725
921	768
921	796
921	810
921	823
921	849
921	851
921	863
921	870
921	940
921	967
922	57
922	110
922	161
922	221
922	234
922	308
922	309
922	407
922	553
922	575
922	579
922	583
922	592
922	629
922	634
922	661
922	685
922	709
922	759
922	812
922	844
922	932
922	944
922	955
922	971
922	992
923	139
923	156
923	283
923	316
923	341
923	398
923	430
923	437
923	652
923	678
923	692
923	701
923	715
923	727
923	829
923	832
923	857
923	866
923	909
923	918
923	920
923	926
923	934
923	935
923	943
923	957
924	6
924	20
924	271
924	334
924	335
924	356
924	391
924	394
924	443
924	497
924	514
924	550
924	554
924	661
924	677
924	700
924	702
924	801
924	827
924	878
924	909
924	913
924	952
924	995
924	997
924	1000
925	48
925	86
925	428
925	431
925	481
925	532
925	712
925	736
925	777
925	795
925	860
925	869
925	882
925	888
925	890
925	891
925	933
925	966
925	970
925	976
925	981
925	983
925	988
925	991
925	992
925	993
926	139
926	160
926	165
926	245
926	282
926	283
926	398
926	652
926	678
926	701
926	715
926	727
926	829
926	832
926	833
926	857
926	860
926	863
926	866
926	888
926	918
926	920
926	923
926	934
926	935
926	943
927	50
927	209
927	282
927	330
927	400
927	415
927	460
927	516
927	529
927	562
927	607
927	642
927	650
927	676
927	724
927	746
927	766
927	820
927	824
927	845
927	849
927	855
927	904
927	938
927	953
927	962
927	998
928	25
928	38
928	74
928	84
928	122
928	319
928	387
928	501
928	608
928	616
928	723
928	731
928	734
928	757
928	765
928	842
928	864
928	871
928	873
928	911
928	913
928	943
928	949
928	973
928	976
928	977
928	988
929	102
929	125
929	216
929	324
929	361
929	423
929	470
929	472
929	480
929	511
929	535
929	561
929	569
929	644
929	695
929	758
929	773
929	828
929	865
929	896
929	908
929	919
929	931
929	937
929	962
929	978
929	979
930	9
930	46
930	61
930	194
930	201
930	325
930	399
930	447
930	504
930	552
930	611
930	625
930	642
930	683
930	764
930	791
930	797
930	803
930	895
930	904
930	905
930	969
930	970
930	982
930	986
930	987
930	997
931	64
931	178
931	198
931	208
931	307
931	322
931	355
931	378
931	420
931	511
931	561
931	569
931	601
931	612
931	716
931	758
931	773
931	787
931	788
931	828
931	865
931	908
931	919
931	929
931	937
931	962
931	985
932	57
932	62
932	150
932	179
932	196
932	313
932	371
932	450
932	575
932	579
932	586
932	629
932	634
932	685
932	709
932	761
932	774
932	812
932	851
932	874
932	907
932	922
932	944
932	953
932	955
932	971
932	989
933	60
933	129
933	228
933	297
933	481
933	560
933	585
933	593
933	628
933	641
933	687
933	726
933	728
933	740
933	795
933	854
933	860
933	867
933	882
933	894
933	925
933	978
933	981
933	988
933	990
933	991
933	992
933	993
934	139
934	156
934	165
934	213
934	282
934	283
934	341
934	430
934	437
934	652
934	678
934	701
934	715
934	727
934	782
934	829
934	832
934	857
934	866
934	918
934	920
934	923
934	926
934	935
934	936
934	943
934	961
934	980
935	46
935	160
935	213
935	225
935	245
935	282
935	341
935	398
935	400
935	430
935	437
935	652
935	678
935	701
935	715
935	727
935	829
935	832
935	857
935	866
935	918
935	920
935	923
935	926
935	934
935	943
935	963
935	967
936	7
936	68
936	119
936	128
936	131
936	141
936	145
936	292
936	357
936	364
936	404
936	491
936	572
936	596
936	608
936	616
936	649
936	662
936	691
936	755
936	790
936	813
936	818
936	856
936	861
936	891
936	934
936	957
937	80
937	311
937	324
937	385
937	451
937	473
937	511
937	543
937	561
937	569
937	581
937	622
937	644
937	748
937	758
937	773
937	788
937	828
937	896
937	904
937	908
937	929
937	931
937	949
937	962
937	979
937	981
937	985
938	18
938	172
938	209
938	362
938	384
938	400
938	401
938	409
938	485
938	500
938	539
938	650
938	654
938	655
938	660
938	724
938	747
938	789
938	820
938	824
938	845
938	849
938	869
938	904
938	927
938	953
938	968
938	984
938	998
939	172
939	198
939	215
939	236
939	270
939	286
939	551
939	610
939	640
939	675
939	679
939	739
939	745
939	763
939	792
939	825
939	847
939	854
939	898
939	914
939	945
939	951
939	954
939	957
939	967
939	972
939	979
939	989
939	990
940	13
940	47
940	116
940	143
940	175
940	226
940	274
940	278
940	298
940	320
940	347
940	424
940	487
940	508
940	564
940	574
940	643
940	682
940	725
940	768
940	796
940	810
940	823
940	851
940	863
940	865
940	870
940	921
940	950
940	986
941	28
941	32
941	123
941	186
941	225
941	273
941	375
941	453
941	459
941	483
941	528
941	568
941	606
941	617
941	623
941	651
941	698
941	755
941	775
941	780
941	785
941	808
941	859
941	875
941	942
941	958
941	965
941	970
941	996
941	999
942	32
942	67
942	124
942	146
942	186
942	227
942	237
942	279
942	453
942	483
942	559
942	568
942	617
942	625
942	651
942	698
942	751
942	752
942	780
942	785
942	808
942	817
942	859
942	875
942	897
942	905
942	941
942	958
942	965
942	970
943	72
943	139
943	156
943	165
943	213
943	282
943	283
943	341
943	398
943	430
943	437
943	652
943	678
943	701
943	715
943	727
943	829
943	832
943	857
943	866
943	875
943	898
943	918
943	920
943	923
943	926
943	928
943	934
943	935
943	950
943	970
944	53
944	66
944	150
944	179
944	214
944	268
944	309
944	354
944	405
944	420
944	422
944	553
944	579
944	583
944	592
944	629
944	634
944	638
944	685
944	709
944	761
944	812
944	844
944	874
944	908
944	922
944	932
944	955
944	971
944	974
944	998
945	63
945	103
945	157
945	172
945	188
945	336
945	383
945	402
945	411
945	502
945	537
945	551
945	587
945	659
945	679
945	759
945	781
945	847
945	854
945	889
945	890
945	897
945	914
945	939
945	951
945	954
945	967
945	972
945	973
945	989
945	990
946	11
946	133
946	185
946	291
946	327
946	333
946	344
946	352
946	452
946	468
946	530
946	546
946	599
946	650
946	670
946	704
946	726
946	737
946	742
946	760
946	792
946	799
946	800
946	802
946	830
946	837
946	868
946	916
946	947
946	975
946	984
947	36
947	37
947	154
947	185
947	235
947	265
947	291
947	345
947	367
947	452
947	469
947	503
947	519
947	631
947	670
947	693
947	705
947	713
947	726
947	737
947	742
947	760
947	792
947	799
947	802
947	868
947	918
947	946
947	950
947	954
947	965
947	984
948	30
948	31
948	144
948	187
948	190
948	201
948	338
948	373
948	386
948	421
948	425
948	437
948	438
948	439
948	484
948	536
948	647
948	683
948	707
948	714
948	770
948	803
948	831
948	843
948	883
948	901
948	951
948	969
948	982
948	986
948	987
948	997
949	25
949	34
949	38
949	42
949	104
949	238
949	318
949	524
949	525
949	614
949	686
949	717
949	722
949	731
949	757
949	826
949	842
949	853
949	865
949	871
949	873
949	901
949	911
949	928
949	937
949	956
949	964
949	968
949	973
949	975
949	976
949	977
950	2
950	14
950	21
950	75
950	97
950	154
950	200
950	252
950	289
950	343
950	367
950	444
950	519
950	530
950	631
950	673
950	678
950	694
950	705
950	726
950	737
950	760
950	792
950	799
950	802
950	840
950	855
950	859
950	940
950	943
950	947
950	984
951	39
951	198
951	215
951	256
951	269
951	411
951	416
951	436
951	502
951	587
951	603
951	610
951	626
951	675
951	722
951	739
951	759
951	781
951	821
951	825
951	847
951	854
951	889
951	898
951	914
951	939
951	945
951	948
951	954
951	967
951	972
951	976
951	989
952	135
952	176
952	344
952	405
952	419
952	458
952	538
952	578
952	582
952	589
952	590
952	598
952	615
952	779
952	816
952	852
952	858
952	876
952	880
952	888
952	906
952	912
952	924
952	956
952	957
952	959
952	961
952	963
952	980
952	985
952	994
952	996
952	999
953	18
953	23
953	210
953	220
953	254
953	409
953	463
953	482
953	498
953	500
953	516
953	529
953	562
953	607
953	660
953	724
953	747
953	766
953	789
953	795
953	824
953	845
953	849
953	869
953	904
953	916
953	927
953	932
953	938
953	963
953	975
953	995
953	998
954	52
954	71
954	77
954	103
954	256
954	288
954	360
954	436
954	496
954	551
954	587
954	607
954	640
954	675
954	679
954	722
954	739
954	759
954	763
954	781
954	825
954	847
954	889
954	914
954	939
954	945
954	947
954	951
954	967
954	972
954	983
954	989
954	990
954	997
955	53
955	57
955	110
955	150
955	163
955	196
955	214
955	268
955	313
955	371
955	375
955	420
955	422
955	450
955	500
955	553
955	568
955	575
955	586
955	592
955	629
955	634
955	709
955	761
955	774
955	812
955	844
955	874
955	910
955	922
955	932
955	944
955	971
955	993
956	33
956	92
956	171
956	211
956	291
956	522
956	526
956	574
956	589
956	597
956	598
956	633
956	695
956	735
956	753
956	754
956	779
956	783
956	816
956	858
956	880
956	892
956	908
956	912
956	949
956	952
956	957
956	959
956	961
956	963
956	974
956	980
956	994
956	996
957	202
957	331
957	396
957	405
957	412
957	446
957	448
957	456
957	508
957	589
957	597
957	598
957	618
957	636
957	703
957	753
957	754
957	848
957	873
957	880
957	892
957	912
957	923
957	936
957	939
957	952
957	956
957	959
957	961
957	963
957	980
957	987
957	994
957	999
958	28
958	32
958	111
958	124
958	146
958	253
958	261
958	296
958	373
958	433
958	453
958	459
958	483
958	528
958	568
958	606
958	623
958	625
958	637
958	651
958	679
958	752
958	775
958	785
958	808
958	810
958	859
958	875
958	941
958	942
958	965
958	970
958	990
958	996
959	176
959	331
959	396
959	412
959	419
959	456
959	486
959	526
959	598
959	667
959	708
959	779
959	783
959	798
959	816
959	822
959	852
959	857
959	880
959	881
959	882
959	906
959	952
959	956
959	957
959	961
959	963
959	974
959	980
959	985
959	987
959	994
959	996
959	999
960	55
960	59
960	65
960	76
960	219
960	241
960	267
960	285
960	332
960	358
960	365
960	370
960	382
960	408
960	506
960	524
960	556
960	648
960	659
960	672
960	699
960	706
960	749
960	817
960	821
960	835
960	850
960	856
960	876
960	897
960	905
960	916
960	967
960	987
960	999
961	19
961	100
961	153
961	252
961	310
961	323
961	419
961	423
961	448
961	486
961	488
961	542
961	582
961	639
961	667
961	703
961	708
961	753
961	754
961	779
961	783
961	852
961	858
961	892
961	893
961	905
961	906
961	934
961	952
961	956
961	957
961	959
961	963
961	980
961	996
961	999
962	83
962	175
962	242
962	317
962	378
962	451
962	454
962	464
962	472
962	473
962	480
962	511
962	515
962	543
962	561
962	601
962	612
962	622
962	644
962	748
962	758
962	765
962	773
962	787
962	788
962	803
962	865
962	896
962	908
962	919
962	927
962	929
962	931
962	937
962	979
962	985
963	92
963	119
963	153
963	176
963	199
963	250
963	419
963	488
963	514
963	578
963	582
963	590
963	597
963	636
963	667
963	708
963	779
963	848
963	852
963	856
963	858
963	892
963	912
963	935
963	952
963	953
963	956
963	957
963	959
963	961
963	974
963	980
963	981
963	994
963	996
963	999
964	56
964	132
964	203
964	258
964	346
964	497
964	544
964	570
964	608
964	627
964	653
964	664
964	671
964	686
964	717
964	731
964	749
964	767
964	807
964	814
964	822
964	826
964	853
964	871
964	891
964	899
964	901
964	911
964	913
964	915
964	949
964	968
964	973
964	975
964	976
964	977
964	984
965	111
965	124
965	146
965	186
965	192
965	227
965	237
965	242
965	251
965	253
965	261
965	296
965	354
965	373
965	433
965	483
965	522
965	528
965	555
965	617
965	623
965	625
965	664
965	698
965	752
965	775
965	780
965	785
965	808
965	859
965	875
965	941
965	942
965	947
965	958
965	970
965	987
966	108
966	117
966	197
966	205
966	276
966	306
966	388
966	431
966	479
966	534
966	573
966	587
966	630
966	641
966	687
966	688
966	710
966	736
966	756
966	777
966	795
966	804
966	805
966	806
966	843
966	860
966	862
966	882
966	888
966	894
966	925
966	981
966	983
966	988
966	991
966	992
966	993
967	8
967	41
967	63
967	77
967	94
967	103
967	109
967	270
967	288
967	302
967	326
967	360
967	366
967	416
967	559
967	587
967	640
967	679
967	722
967	739
967	763
967	781
967	825
967	831
967	854
967	879
967	889
967	898
967	921
967	935
967	939
967	945
967	951
967	954
967	960
967	972
967	989
967	990
968	38
968	42
968	51
968	134
968	158
968	191
968	240
968	318
968	349
968	397
968	455
968	495
968	521
968	547
968	608
968	632
968	653
968	658
968	664
968	718
968	723
968	731
968	743
968	751
968	767
968	809
968	826
968	852
968	871
968	901
968	904
968	938
968	949
968	964
968	973
968	975
968	976
968	989
969	4
969	9
969	10
969	16
969	44
969	167
969	182
969	206
969	233
969	314
969	326
969	338
969	385
969	421
969	425
969	426
969	476
969	531
969	541
969	712
969	732
969	771
969	787
969	793
969	797
969	811
969	826
969	838
969	883
969	885
969	886
969	900
969	930
969	948
969	971
969	982
969	986
969	987
970	28
970	32
970	67
970	82
970	225
970	237
970	242
970	251
970	253
970	261
970	273
970	296
970	433
970	453
970	528
970	568
970	606
970	617
970	623
970	625
970	651
970	698
970	752
970	775
970	780
970	785
970	808
970	839
970	859
970	875
970	890
970	907
970	925
970	930
970	941
970	942
970	943
970	958
970	965
971	53
971	62
971	150
971	161
971	179
971	196
971	221
971	234
971	354
971	371
971	375
971	407
971	420
971	442
971	450
971	544
971	553
971	575
971	579
971	583
971	586
971	592
971	629
971	634
971	638
971	685
971	709
971	766
971	774
971	785
971	812
971	844
971	886
971	917
971	922
971	932
971	944
971	955
971	969
972	8
972	52
972	71
972	98
972	256
972	270
972	286
972	288
972	302
972	335
972	336
972	360
972	366
972	436
972	492
972	559
972	562
972	587
972	603
972	610
972	675
972	679
972	749
972	781
972	819
972	825
972	847
972	854
972	889
972	898
972	939
972	945
972	951
972	954
972	967
972	980
972	984
972	989
972	990
973	34
973	49
973	56
973	151
973	158
973	159
973	218
973	258
973	397
973	421
973	447
973	467
973	501
973	521
973	570
973	581
973	646
973	664
973	718
973	765
973	767
973	806
973	813
973	814
973	822
973	853
973	864
973	878
973	901
973	911
973	913
973	928
973	945
973	949
973	964
973	968
973	975
973	976
973	977
974	91
974	96
974	126
974	331
974	396
974	488
974	526
974	542
974	582
974	589
974	598
974	618
974	633
974	639
974	695
974	700
974	703
974	707
974	753
974	754
974	783
974	798
974	816
974	848
974	852
974	858
974	871
974	892
974	906
974	909
974	912
974	944
974	956
974	959
974	963
974	980
974	994
974	996
974	999
975	1
975	25
975	104
975	134
975	218
975	231
975	244
975	340
975	395
975	466
975	544
975	547
975	570
975	600
975	632
975	646
975	653
975	654
975	671
975	731
975	751
975	767
975	786
975	807
975	809
975	818
975	821
975	822
975	826
975	853
975	864
975	871
975	873
975	913
975	946
975	949
975	953
975	964
975	968
975	973
976	14
976	56
976	85
976	191
976	231
976	238
976	249
976	308
976	346
976	395
976	397
976	467
976	496
976	521
976	544
976	570
976	600
976	671
976	718
976	743
976	757
976	765
976	767
976	837
976	842
976	853
976	864
976	876
976	894
976	901
976	913
976	925
976	928
976	949
976	951
976	964
976	968
976	973
976	977
976	995
977	25
977	42
977	56
977	74
977	258
977	302
977	308
977	350
977	495
977	501
977	525
977	558
977	600
977	646
977	686
977	718
977	723
977	729
977	734
977	749
977	751
977	765
977	767
977	782
977	807
977	809
977	814
977	822
977	849
977	853
977	873
977	911
977	913
977	928
977	949
977	964
977	973
977	976
977	988
977	989
978	60
978	170
978	184
978	273
978	280
978	388
978	449
978	499
978	532
978	560
978	573
978	577
978	619
978	630
978	637
978	688
978	697
978	736
978	740
978	758
978	770
978	778
978	795
978	796
978	838
978	843
978	860
978	882
978	888
978	890
978	891
978	894
978	929
978	933
978	981
978	983
978	988
978	991
978	992
978	993
979	12
979	79
979	80
979	83
979	102
979	175
979	208
979	216
979	284
979	289
979	307
979	311
979	361
979	378
979	389
979	451
979	473
979	511
979	535
979	569
979	612
979	643
979	644
979	744
979	748
979	758
979	787
979	788
979	796
979	828
979	865
979	896
979	908
979	915
979	929
979	937
979	939
979	962
979	985
979	986
980	19
980	30
980	33
980	135
980	176
980	194
980	250
980	446
980	456
980	458
980	512
980	526
980	542
980	578
980	589
980	615
980	639
980	667
980	708
980	753
980	783
980	798
980	835
980	848
980	852
980	858
980	880
980	892
980	912
980	934
980	952
980	956
980	957
980	959
980	961
980	963
980	972
980	974
980	988
980	996
980	999
981	26
981	86
981	95
981	123
981	155
981	181
981	264
981	275
981	276
981	280
981	306
981	428
981	476
981	532
981	560
981	577
981	585
981	616
981	630
981	668
981	736
981	747
981	778
981	806
981	844
981	862
981	890
981	891
981	894
981	919
981	925
981	933
981	937
981	963
981	966
981	978
981	983
981	988
981	991
981	992
981	993
982	4
982	40
982	144
982	205
982	316
982	325
982	337
982	347
982	386
982	390
982	422
982	426
982	520
982	523
982	531
982	536
982	581
982	599
982	611
982	684
982	698
982	735
982	741
982	744
982	791
982	797
982	831
982	832
982	838
982	846
982	865
982	883
982	885
982	886
982	892
982	895
982	898
982	930
982	948
982	969
982	986
982	987
983	29
983	95
983	117
983	129
983	181
983	195
983	236
983	253
983	257
983	276
983	306
983	345
983	440
983	476
983	481
983	507
983	573
983	577
983	585
983	728
983	740
983	777
983	778
983	806
983	819
983	835
983	862
983	867
983	882
983	889
983	890
983	891
983	894
983	925
983	954
983	966
983	978
983	981
983	988
983	991
983	992
983	994
984	11
984	36
984	73
984	154
984	195
984	235
984	240
984	304
984	339
984	344
984	352
984	393
984	468
984	492
984	493
984	512
984	546
984	577
984	584
984	588
984	631
984	653
984	655
984	656
984	663
984	670
984	694
984	713
984	726
984	742
984	760
984	799
984	800
984	802
984	855
984	896
984	938
984	946
984	947
984	950
984	964
984	972
985	12
985	175
985	216
985	284
985	289
985	311
985	324
985	355
985	361
985	369
985	378
985	385
985	451
985	454
985	464
985	472
985	473
985	480
985	535
985	561
985	601
985	612
985	622
985	644
985	723
985	727
985	748
985	773
985	787
985	788
985	828
985	865
985	896
985	907
985	908
985	919
985	931
985	937
985	952
985	959
985	962
985	979
985	989
986	16
986	17
986	90
986	168
986	299
986	316
986	318
986	337
986	392
986	399
986	438
986	489
986	541
986	552
986	567
986	599
986	642
986	647
986	683
986	684
986	707
986	733
986	741
986	744
986	770
986	771
986	793
986	803
986	811
986	831
986	846
986	883
986	885
986	893
986	900
986	906
986	930
986	940
986	948
986	969
986	979
986	982
986	997
987	15
987	22
987	46
987	118
987	144
987	182
987	187
987	299
987	325
987	379
987	439
987	442
987	484
987	489
987	504
987	523
987	541
987	552
987	591
987	642
987	647
987	683
987	707
987	735
987	764
987	771
987	793
987	803
987	811
987	838
987	883
987	885
987	895
987	913
987	930
987	948
987	957
987	959
987	960
987	965
987	969
987	982
987	996
988	60
988	95
988	117
988	192
988	306
988	345
988	363
988	440
988	532
988	560
988	577
988	593
988	609
988	628
988	637
988	687
988	697
988	726
988	728
988	736
988	768
988	778
988	795
988	804
988	806
988	843
988	849
988	862
988	867
988	882
988	890
988	891
988	925
988	928
988	933
988	966
988	977
988	978
988	980
988	981
988	983
988	991
988	993
989	3
989	63
989	71
989	94
989	103
989	157
989	269
989	288
989	326
989	336
989	366
989	383
989	402
989	411
989	492
989	501
989	502
989	603
989	610
989	625
989	640
989	675
989	722
989	759
989	763
989	781
989	825
989	847
989	854
989	889
989	897
989	898
989	914
989	932
989	939
989	945
989	951
989	954
989	967
989	968
989	972
989	977
989	985
989	990
990	3
990	41
990	52
990	71
990	157
990	188
990	223
990	269
990	286
990	302
990	326
990	402
990	411
990	416
990	492
990	502
990	551
990	559
990	587
990	603
990	640
990	679
990	722
990	736
990	739
990	759
990	763
990	847
990	854
990	882
990	885
990	889
990	898
990	914
990	933
990	939
990	945
990	954
990	958
990	967
990	972
990	989
990	991
990	993
991	29
991	48
991	177
991	276
991	297
991	299
991	303
991	353
991	363
991	418
991	428
991	449
991	534
991	560
991	573
991	593
991	609
991	637
991	687
991	694
991	697
991	728
991	736
991	756
991	777
991	788
991	822
991	842
991	843
991	860
991	867
991	873
991	888
991	891
991	925
991	933
991	966
991	978
991	981
991	983
991	988
991	990
991	992
991	993
992	29
992	108
992	129
992	180
992	275
992	303
992	377
992	428
992	431
992	449
992	479
992	481
992	534
992	577
992	585
992	637
992	668
992	683
992	688
992	727
992	728
992	736
992	756
992	777
992	795
992	806
992	860
992	861
992	862
992	867
992	874
992	890
992	891
992	894
992	922
992	925
992	933
992	966
992	978
992	981
992	983
992	991
992	993
992	995
993	60
993	86
993	153
993	155
993	184
993	264
993	353
993	402
993	418
993	431
993	476
993	507
993	519
993	550
993	585
993	593
993	609
993	628
993	630
993	637
993	641
993	668
993	687
993	688
993	728
993	740
993	777
993	804
993	843
993	860
993	882
993	883
993	888
993	891
993	894
993	925
993	933
993	955
993	966
993	978
993	981
993	988
993	990
993	991
993	992
994	92
994	96
994	100
994	126
994	141
994	183
994	211
994	295
994	314
994	396
994	412
994	419
994	423
994	432
994	439
994	448
994	488
994	522
994	578
994	605
994	633
994	636
994	639
994	695
994	708
994	753
994	754
994	779
994	783
994	798
994	848
994	858
994	880
994	890
994	906
994	912
994	952
994	956
994	957
994	959
994	963
994	974
994	983
994	996
994	999
995	5
995	17
995	54
995	114
995	138
995	140
995	166
995	247
995	293
995	312
995	334
995	335
995	342
995	369
995	391
995	443
995	475
995	490
995	491
995	494
995	497
995	514
995	533
995	538
995	550
995	566
995	594
995	661
995	677
995	689
995	700
995	702
995	729
995	772
995	801
995	827
995	832
995	847
995	878
995	909
995	924
995	953
995	976
995	992
995	1000
996	19
996	33
996	100
996	101
996	149
996	183
996	199
996	331
996	405
996	446
996	448
996	486
996	505
996	526
996	572
996	582
996	590
996	615
996	618
996	634
996	639
996	667
996	753
996	779
996	783
996	798
996	816
996	848
996	852
996	858
996	880
996	889
996	892
996	912
996	941
996	952
996	956
996	958
996	959
996	961
996	963
996	974
996	980
996	987
996	994
996	998
996	999
997	7
997	16
997	22
997	23
997	90
997	130
997	167
997	168
997	169
997	182
997	321
997	338
997	379
997	421
997	425
997	426
997	489
997	504
997	523
997	567
997	581
997	591
997	599
997	605
997	611
997	646
997	684
997	732
997	735
997	741
997	764
997	770
997	771
997	793
997	803
997	811
997	829
997	831
997	838
997	886
997	895
997	909
997	924
997	930
997	948
997	954
997	986
998	18
998	23
998	81
998	107
998	197
998	210
998	220
998	254
998	384
998	400
998	409
998	415
998	463
998	477
998	478
998	482
998	485
998	498
998	500
998	516
998	529
998	539
998	562
998	593
998	607
998	650
998	654
998	660
998	675
998	676
998	724
998	731
998	732
998	746
998	753
998	766
998	789
998	820
998	824
998	845
998	849
998	869
998	904
998	914
998	927
998	938
998	944
998	953
998	996
999	149
999	171
999	183
999	199
999	202
999	279
999	396
999	405
999	456
999	458
999	522
999	526
999	542
999	578
999	582
999	597
999	598
999	602
999	618
999	636
999	667
999	695
999	703
999	708
999	722
999	753
999	754
999	764
999	779
999	798
999	816
999	848
999	855
999	858
999	880
999	892
999	912
999	920
999	941
999	952
999	957
999	959
999	960
999	961
999	963
999	974
999	980
999	994
999	996
1000	5
1000	6
1000	17
1000	20
1000	54
1000	69
1000	114
1000	140
1000	166
1000	229
1000	247
1000	259
1000	271
1000	272
1000	280
1000	293
1000	312
1000	334
1000	335
1000	342
1000	356
1000	369
1000	396
1000	475
1000	490
1000	494
1000	497
1000	514
1000	533
1000	550
1000	554
1000	566
1000	661
1000	667
1000	677
1000	689
1000	702
1000	729
1000	751
1000	772
1000	798
1000	801
1000	827
1000	866
1000	878
1000	897
1000	909
1000	924
1000	995
