1	472
1	823
1	949
1	994
2	274
2	749
2	925
2	964
3	905
3	932
3	972
3	993
4	152
4	284
4	625
4	804
5	880
5	972
5	992
5	993
6	308
6	390
6	541
6	877
7	329
7	863
7	971
7	987
8	850
8	962
8	965
8	989
9	863
9	885
9	966
9	987
10	501
10	627
10	708
10	918
11	810
11	955
11	973
11	981
12	335
12	772
12	862
12	1000
13	390
13	706
13	844
13	906
14	878
14	941
14	987
14	994
15	361
15	919
15	994
15	997
16	769
16	843
16	891
16	966
17	125
17	786
17	976
17	978
18	416
18	834
18	877
18	945
19	368
19	538
19	896
19	967
20	32
20	88
20	573
20	951
21	827
21	941
21	987
21	998
22	846
22	956
22	974
22	979
23	763
23	911
23	912
23	967
24	408
24	787
24	843
24	876
25	204
25	255
25	843
25	855
26	751
26	925
26	933
26	945
27	829
27	955
27	970
27	996
28	517
28	707
28	892
28	973
29	40
29	520
29	762
29	817
30	117
30	273
30	561
30	947
31	78
31	654
31	760
31	947
32	20
32	856
32	979
32	996
33	830
33	950
33	990
33	995
34	347
34	676
34	954
34	980
35	296
35	597
35	756
35	880
36	748
36	934
36	990
36	994
37	726
37	754
37	893
37	959
38	195
38	416
38	493
38	964
39	286
39	484
39	633
39	978
40	29
40	464
40	949
40	958
41	937
41	974
41	986
41	997
42	447
42	706
42	782
42	786
43	527
43	757
43	842
43	990
44	170
44	657
44	815
44	928
45	454
45	760
45	828
45	940
46	195
46	822
46	877
46	939
47	273
47	625
47	828
47	948
48	894
48	905
48	992
48	993
49	121
49	364
49	620
49	701
50	698
50	977
50	982
50	1000
51	541
51	816
51	992
51	993
52	348
52	449
52	613
52	916
53	477
53	536
53	817
53	924
54	357
54	628
54	835
54	891
55	243
55	686
55	843
55	891
56	844
56	879
56	906
56	994
57	671
57	965
57	992
57	993
58	465
58	971
58	987
58	998
59	795
59	938
59	970
59	1000
60	362
60	844
60	874
60	879
61	509
61	658
61	831
61	886
62	370
62	382
62	803
62	875
63	191
63	769
63	876
63	966
64	681
64	927
64	929
64	975
65	104
65	675
65	945
65	953
66	589
66	668
66	979
66	998
67	713
67	933
67	943
67	960
68	344
68	636
68	972
68	992
69	678
69	977
69	982
69	984
70	340
70	700
70	874
70	963
71	162
71	172
71	987
71	998
72	215
72	821
72	916
72	980
73	605
73	646
73	807
73	985
74	821
74	934
74	972
74	994
75	128
75	953
75	992
75	993
76	277
76	621
76	916
76	934
77	662
77	844
77	879
77	906
78	31
78	335
78	940
78	947
79	272
79	466
79	740
79	765
80	445
80	929
80	974
80	979
81	681
81	905
81	972
81	992
82	223
82	297
82	788
82	954
83	581
83	663
83	701
83	842
84	727
84	754
84	981
84	985
85	467
85	774
85	786
85	966
86	747
86	936
86	995
86	997
87	196
87	546
87	940
87	947
88	20
88	332
88	902
88	996
89	784
89	870
89	927
89	961
90	391
90	893
90	929
90	946
91	313
91	744
91	960
91	999
92	650
92	692
92	925
92	964
93	739
93	887
93	958
93	993
94	540
94	775
94	939
94	993
95	459
95	686
95	903
95	966
96	426
96	507
96	756
96	946
97	830
97	986
97	995
97	997
98	498
98	986
98	995
98	997
99	582
99	898
99	962
99	989
100	663
100	782
100	942
100	946
101	804
101	887
101	933
101	969
102	665
102	862
102	955
102	973
103	502
103	600
103	940
103	947
104	65
104	390
104	751
104	984
105	150
105	891
105	903
105	966
106	323
106	534
106	981
106	985
107	316
107	643
107	845
107	901
108	785
108	915
108	960
108	969
109	751
109	826
109	834
109	953
110	114
110	410
110	935
110	973
111	937
111	986
111	995
111	997
112	756
112	946
112	959
112	988
113	307
113	745
113	860
113	930
114	110
114	259
114	906
114	907
115	841
115	893
115	946
115	990
116	839
116	956
116	967
116	989
117	30
117	968
117	977
117	982
118	503
118	624
118	946
118	965
119	798
119	952
119	972
119	992
120	531
120	740
120	762
120	817
121	49
121	264
121	272
121	990
122	721
122	896
122	900
122	962
123	153
123	403
123	971
123	987
124	599
124	746
124	901
124	964
125	17
125	719
125	755
125	946
126	588
126	735
126	919
126	994
127	724
127	932
127	992
127	993
128	75
128	258
128	897
128	992
129	160
129	914
129	930
129	949
130	504
130	972
130	992
130	993
131	284
131	315
131	423
131	915
132	722
132	848
132	977
132	1000
133	775
133	905
133	932
133	998
134	924
134	943
134	965
134	989
135	626
135	842
135	980
135	997
136	835
136	888
136	910
136	994
137	727
137	892
137	981
137	985
138	582
138	762
138	817
138	978
139	505
139	726
139	734
139	942
140	365
140	873
140	942
140	956
141	777
141	904
141	942
141	951
142	198
142	724
142	835
142	888
143	619
143	775
143	816
143	993
144	176
144	482
144	736
144	820
145	569
145	945
145	960
145	969
146	719
146	750
146	969
146	999
147	568
147	714
147	861
147	980
148	562
148	703
148	749
148	751
149	263
149	796
149	876
149	903
150	105
150	243
150	408
150	876
151	785
151	798
151	956
151	996
152	4
152	774
152	923
152	999
153	123
153	216
153	941
153	998
154	848
154	854
154	975
154	1000
155	351
155	859
155	970
155	978
156	764
156	863
156	921
156	949
157	434
157	730
157	920
157	962
158	528
158	826
158	948
158	964
159	266
159	677
159	814
159	980
160	129
160	459
160	892
160	963
161	298
161	641
161	943
161	989
162	71
162	863
162	885
162	921
163	680
163	927
163	929
163	979
164	734
164	784
164	788
164	874
165	832
165	894
165	915
165	975
166	542
166	587
166	890
166	988
167	764
167	773
167	925
167	964
168	699
168	837
168	838
168	933
169	784
169	853
169	886
169	927
170	44
170	713
170	738
170	933
171	243
171	878
171	885
171	941
172	71
172	798
172	987
172	998
173	614
173	897
173	922
173	985
174	295
174	536
174	778
174	805
175	611
175	724
175	888
175	910
176	144
176	389
176	985
176	996
177	739
177	872
177	903
177	966
178	427
178	806
178	910
178	923
179	782
179	818
179	889
179	972
180	221
180	742
180	932
180	983
181	482
181	789
181	975
181	979
182	261
182	671
182	816
182	932
183	515
183	552
183	971
183	998
184	597
184	759
184	810
184	996
185	495
185	740
185	762
185	978
186	467
186	917
186	976
186	978
187	632
187	861
187	906
187	985
188	591
188	624
188	898
188	989
189	820
189	869
189	904
189	951
190	858
190	956
190	963
190	967
191	63
191	192
191	683
191	743
192	191
192	590
192	872
192	922
193	387
193	816
193	972
193	993
194	669
194	740
194	956
194	967
195	38
195	46
195	945
195	953
196	87
196	532
196	916
196	980
197	490
197	516
197	915
197	999
198	142
198	968
198	982
198	984
199	314
199	354
199	960
199	969
200	907
200	935
200	955
200	996
201	350
201	554
201	751
201	834
202	248
202	479
202	896
202	983
203	592
203	647
203	925
203	964
204	25
204	494
204	900
204	922
205	213
205	819
205	846
205	979
206	814
206	919
206	980
206	994
207	754
207	818
207	898
207	976
208	286
208	513
208	914
208	963
209	830
209	855
209	951
209	991
210	658
210	673
210	835
210	940
211	790
211	799
211	939
211	972
212	564
212	753
212	855
212	991
213	205
213	446
213	597
213	853
214	715
214	852
214	924
214	989
215	72
215	545
215	599
215	870
216	153
216	355
216	783
216	878
217	768
217	845
217	884
217	922
218	610
218	699
218	794
218	832
219	738
219	746
219	832
219	894
220	270
220	407
220	672
220	758
221	180
221	479
221	869
221	957
222	587
222	752
222	908
222	983
223	82
223	340
223	567
223	807
224	253
224	517
224	727
224	970
225	908
225	944
225	977
225	982
226	555
226	606
226	861
226	924
227	871
227	974
227	975
227	979
228	539
228	879
228	945
228	953
229	618
229	862
229	955
229	996
230	936
230	937
230	986
230	997
231	379
231	572
231	632
231	906
232	453
232	672
232	818
232	976
233	792
233	828
233	940
233	947
234	831
234	850
234	943
234	962
235	831
235	937
235	961
235	975
236	691
236	729
236	893
236	980
237	385
237	694
237	918
237	942
238	766
238	951
238	983
238	988
239	866
239	911
239	915
239	999
240	648
240	905
240	936
240	995
241	588
241	897
241	981
241	996
242	366
242	825
242	923
242	999
243	55
243	150
243	171
243	966
244	753
244	912
244	925
244	967
245	925
245	932
245	972
245	992
246	451
246	524
246	683
246	845
247	300
247	980
247	990
247	994
248	202
248	948
248	983
248	991
249	630
249	817
249	917
249	977
249	1000
250	405
250	934
250	980
250	990
250	998
251	360
251	438
251	950
251	986
251	997
252	280
252	428
252	898
252	924
252	989
253	224
253	385
253	565
253	935
253	973
254	418
254	427
254	806
254	888
254	995
255	25
255	712
255	845
255	966
255	968
256	792
256	871
256	913
256	987
256	998
257	302
257	908
257	986
257	995
257	997
258	128
258	674
258	833
258	972
258	993
259	114
259	575
259	864
259	910
259	996
260	287
260	733
260	736
260	842
260	996
261	182
261	273
261	625
261	760
261	940
262	640
262	684
262	786
262	880
262	931
263	149
263	637
263	639
263	805
263	995
264	121
264	620
264	710
264	802
264	994
265	352
265	644
265	725
265	765
265	988
266	159
266	679
266	701
266	702
266	823
267	424
267	638
267	755
267	772
267	867
268	732
268	764
268	783
268	792
268	998
269	678
269	833
269	928
269	938
269	1000
270	220
270	492
270	968
270	982
270	984
271	602
271	661
271	800
271	880
271	958
272	79
272	121
272	736
272	862
272	985
273	30
273	47
273	261
273	760
273	828
274	2
274	869
274	896
274	983
274	988
275	454
275	465
275	919
275	940
275	947
276	717
276	982
276	984
276	991
276	1000
277	76
277	610
277	952
277	972
277	992
278	665
278	730
278	864
278	873
278	985
279	611
279	639
279	653
279	835
279	910
280	252
280	520
280	551
280	591
280	924
281	288
281	748
281	838
281	839
281	967
282	732
282	936
282	941
282	971
282	987
283	595
283	741
283	829
283	983
283	988
284	4
284	131
284	812
284	837
284	969
285	593
285	803
285	943
285	965
285	989
286	39
286	208
286	902
286	929
286	930
287	260
287	646
287	836
287	838
287	973
288	281
288	785
288	851
288	943
288	967
289	643
289	686
289	712
289	872
289	966
290	683
290	769
290	876
290	903
290	943
291	585
291	762
291	946
291	959
291	976
292	968
292	977
292	982
292	984
292	1000
293	336
293	908
293	986
293	995
293	997
294	326
294	353
294	496
294	866
294	933
295	174
295	694
295	735
295	841
295	895
296	35
296	406
296	918
296	976
296	978
297	82
297	381
297	590
297	875
297	963
298	161
298	573
298	898
298	965
298	989
299	928
299	977
299	982
299	995
299	1000
300	247
300	313
300	794
300	825
300	866
301	523
301	863
301	897
301	935
301	973
302	257
302	473
302	927
302	974
302	979
303	896
303	904
303	988
303	991
303	999
304	342
304	726
304	841
304	959
304	993
305	736
305	935
305	976
305	985
305	996
306	730
306	970
306	981
306	982
306	985
307	113
307	359
307	813
307	916
307	990
308	6
308	448
308	583
308	638
308	901
309	370
309	875
309	914
309	949
309	963
310	735
310	782
310	918
310	959
310	984
311	318
311	418
311	835
311	888
311	910
312	633
312	764
312	902
312	958
312	963
313	91
313	300
313	791
313	915
313	957
314	199
314	848
314	938
314	977
314	1000
315	131
315	646
315	894
315	960
315	999
316	107
316	686
316	787
316	966
316	989
317	650
317	899
317	971
317	987
317	998
318	311
318	889
318	959
318	976
318	978
319	768
319	825
319	894
319	915
319	923
320	394
320	817
320	959
320	976
320	978
321	636
321	707
321	972
321	992
321	993
322	627
322	671
322	939
322	992
322	993
323	106
323	411
323	727
323	973
323	985
324	646
324	961
324	974
324	975
324	979
325	544
325	600
325	635
325	928
325	940
326	294
326	952
326	972
326	992
326	993
327	353
327	718
327	727
327	935
327	981
328	546
328	596
328	658
328	828
328	940
329	7
329	921
329	941
329	971
329	987
330	450
330	653
330	702
330	842
330	916
331	721
331	898
331	924
331	965
331	992
332	88
332	573
332	818
332	970
332	996
333	851
333	898
333	920
333	965
333	989
334	801
334	950
334	992
334	995
334	997
335	12
335	78
335	616
335	761
335	928
336	293
336	939
336	972
336	992
336	993
337	419
337	466
337	862
337	907
337	935
338	400
338	621
338	797
338	925
338	994
339	367
339	533
339	622
339	975
339	979
340	70
340	223
340	464
340	920
340	949
341	473
341	909
341	927
341	974
341	975
342	304
342	446
342	531
342	536
342	774
343	419
343	420
343	894
343	983
343	991
344	68
344	656
344	820
344	988
344	991
345	383
345	579
345	794
345	894
345	915
346	661
346	800
346	869
346	914
346	958
347	34
347	604
347	785
347	957
347	958
348	52
348	409
348	650
348	980
348	994
349	803
349	850
349	943
349	947
349	989
350	201
350	498
350	601
350	901
350	953
351	155
351	850
351	859
351	973
351	996
352	265
352	814
352	890
352	988
352	991
353	294
353	327
353	791
353	894
353	999
354	199
354	435
354	931
354	960
354	969
355	216
355	392
355	833
355	905
355	993
356	892
356	935
356	980
356	981
356	985
357	54
357	692
357	693
357	888
357	910
358	494
358	544
358	658
358	673
358	947
359	307
359	731
359	849
359	860
359	990
360	251
360	765
360	862
360	935
360	973
361	15
361	443
361	455
361	721
361	990
362	60
362	523
362	706
362	844
362	906
363	531
363	597
363	669
363	719
363	978
364	49
364	421
364	481
364	830
364	994
365	140
365	453
365	753
365	967
365	972
366	242
366	866
366	969
366	991
366	999
367	339
367	412
367	846
367	878
367	975
368	19
368	423
368	817
368	983
368	991
369	614
369	907
369	935
369	970
369	985
370	62
370	309
370	810
370	935
370	970
371	437
371	800
371	902
371	958
371	963
372	448
372	617
372	877
372	964
372	980
373	558
373	917
373	944
373	982
373	1000
374	871
374	885
374	971
374	995
374	998
375	447
375	768
375	796
375	872
375	876
376	864
376	896
376	983
376	988
376	991
377	801
377	937
377	986
377	992
377	995
378	675
378	755
378	773
378	953
378	999
379	231
379	868
379	986
379	995
379	997
380	578
380	768
380	791
380	794
380	969
381	297
381	816
381	952
381	972
381	992
382	62
382	539
382	605
382	981
382	996
383	345
383	704
383	938
383	977
383	984
384	534
384	902
384	949
384	963
384	993
385	237
385	253
385	694
385	740
385	756
386	632
386	714
386	861
386	879
386	906
387	193
387	905
387	992
387	993
387	999
388	868
388	899
388	908
388	950
388	986
389	176
389	466
389	488
389	907
389	973
390	6
390	13
390	104
390	647
390	675
391	90
391	872
391	889
391	976
391	978
392	355
392	793
392	952
392	992
392	993
393	589
393	837
393	915
393	969
393	999
394	320
394	458
394	660
394	795
394	982
395	618
395	682
395	800
395	958
395	986
396	544
396	625
396	673
396	682
396	940
397	755
397	807
397	877
397	953
397	964
398	889
398	939
398	952
398	992
398	993
399	615
399	617
399	986
399	995
399	997
400	338
400	527
400	663
400	731
400	994
401	578
401	865
401	883
401	923
401	933
402	794
402	938
402	944
402	984
402	1000
403	123
403	881
403	941
403	971
403	998
404	449
404	820
404	948
404	983
404	991
405	250
405	766
405	919
405	990
405	994
406	296
406	477
406	817
406	931
406	938
407	220
407	520
407	661
407	735
407	959
407	976
408	24
408	150
408	645
408	796
408	877
408	966
409	348
409	545
409	574
409	842
409	970
409	990
410	110
410	759
410	838
410	970
410	982
410	996
411	323
411	767
411	908
411	937
411	995
411	997
412	367
412	446
412	586
412	929
412	974
412	975
413	685
413	725
413	839
413	873
413	912
413	956
414	839
414	858
414	873
414	911
414	960
414	967
415	554
415	669
415	753
415	816
415	851
415	858
416	18
416	38
416	562
416	878
416	953
416	964
417	548
417	857
417	887
417	914
417	957
417	963
418	254
418	311
418	743
418	806
418	890
418	910
419	337
419	343
419	855
419	948
419	983
419	991
420	343
420	558
420	644
420	983
420	991
420	995
421	364
421	781
421	916
421	919
421	934
421	980
422	722
422	938
422	967
422	982
422	984
422	1000
423	131
423	368
423	725
423	777
423	951
423	988
424	267
424	738
424	834
424	901
424	925
424	953
425	442
425	712
425	787
425	843
425	891
425	922
426	96
426	505
426	754
426	818
426	869
426	880
427	178
427	254
427	514
427	835
427	888
427	913
428	252
428	489
428	737
428	776
428	971
428	998
429	491
429	719
429	758
429	830
429	942
429	978
430	800
430	842
430	865
430	913
430	926
430	958
431	444
431	769
431	787
431	832
431	891
431	966
432	539
432	592
432	773
432	891
432	953
432	964
433	595
433	648
433	666
433	679
433	904
433	988
434	157
434	924
434	943
434	962
434	989
434	996
435	354
435	571
435	837
435	923
435	947
435	999
436	781
436	799
436	855
436	890
436	951
436	991
437	371
437	464
437	874
437	875
437	949
437	962
438	251
438	747
438	888
438	950
438	986
438	997
439	839
439	863
439	911
439	912
439	956
439	967
440	657
440	793
440	883
440	960
440	961
440	999
441	480
441	577
441	733
441	859
441	948
441	981
442	425
442	708
442	818
442	841
442	880
442	918
443	361
443	691
443	842
443	850
443	860
443	990
444	431
444	712
444	845
444	876
444	891
444	906
445	80
445	783
445	827
445	871
445	878
445	987
446	213
446	342
446	412
446	809
446	929
446	974
447	42
447	375
447	491
447	758
447	880
447	931
448	308
448	372
448	478
448	834
448	867
448	953
449	52
449	404
449	599
449	842
449	980
449	994
450	330
450	599
450	629
450	797
450	931
450	994
451	246
451	725
451	752
451	890
451	948
451	983
452	849
452	878
452	919
452	974
452	980
452	994
453	232
453	365
453	533
453	798
453	873
453	911
454	45
454	275
454	508
454	561
454	940
454	947
455	361
455	688
455	701
455	705
455	842
455	919
456	495
456	507
456	565
456	663
456	918
456	978
457	848
457	914
457	928
457	944
457	982
457	1000
458	394
458	460
458	486
458	521
458	698
458	938
459	95
459	160
459	734
459	865
459	954
459	957
460	458
460	630
460	851
460	917
460	977
460	1000
461	802
461	853
461	929
461	950
461	974
461	975
462	738
462	793
462	794
462	933
462	969
462	981
463	785
463	836
463	858
463	873
463	911
463	956
464	40
464	340
464	437
464	484
464	797
464	963
465	58
465	275
465	502
465	600
465	625
465	947
466	79
466	337
466	389
466	955
466	970
466	980
467	85
467	186
467	543
467	728
467	889
467	893
468	728
468	743
468	875
468	926
468	949
468	964
469	567
469	683
469	796
469	845
469	903
469	922
470	578
470	733
470	813
470	838
470	907
470	973
471	613
471	853
471	961
471	974
471	975
471	991
472	1
472	626
472	797
472	919
472	934
472	994
473	302
473	341
473	683
473	789
473	802
473	961
474	866
474	870
474	886
474	927
474	974
474	979
475	664
475	857
475	876
475	884
475	954
475	957
476	528
476	574
476	583
476	770
476	892
476	925
477	53
477	406
477	672
477	889
477	972
477	978
478	448
478	599
478	626
478	771
478	860
478	990
479	202
479	221
479	564
479	904
479	953
479	988
480	441
480	765
480	789
480	836
480	892
480	907
481	364
481	532
481	814
481	980
481	981
481	990
482	144
482	181
482	759
482	935
482	970
482	981
483	644
483	741
483	747
483	752
483	811
483	988
484	39
484	464
484	618
484	661
484	664
484	852
485	687
485	775
485	932
485	972
485	992
485	993
486	458
486	499
486	938
486	968
486	977
486	984
487	515
487	669
487	763
487	858
487	873
487	956
488	389
488	510
488	537
488	605
488	981
488	996
489	428
489	501
489	732
489	863
489	971
489	998
490	197
490	782
490	815
490	853
490	960
490	999
491	429
491	447
491	931
491	934
491	959
491	976
492	270
492	571
492	607
492	722
492	944
492	984
493	38
493	675
493	755
493	867
493	945
493	952
494	204
494	358
494	787
494	843
494	891
494	966
495	185
495	456
495	889
495	941
495	942
495	978
496	294
496	699
496	969
496	986
496	994
496	999
497	661
497	662
497	874
497	875
497	949
497	958
498	98
498	350
498	901
498	917
498	945
498	953
499	486
499	874
499	882
499	914
499	926
499	958
500	881
500	895
500	950
500	986
500	995
500	997
501	10
501	489
501	695
501	756
501	782
501	893
502	103
502	465
502	546
502	828
502	941
502	947
503	118
503	847
503	920
503	924
503	962
503	996
504	130
504	930
504	939
504	952
504	972
504	992
505	139
505	426
505	535
505	976
505	978
505	999
506	539
506	711
506	749
506	822
506	834
506	945
507	96
507	456
507	889
507	942
507	946
507	973
508	454
508	665
508	907
508	970
508	973
508	985
509	61
509	540
509	784
509	795
509	927
509	974
510	488
510	666
510	715
510	847
510	943
510	989
511	539
511	541
511	746
511	755
511	901
511	978
512	609
512	676
512	685
512	902
512	958
512	964
513	208
513	533
513	748
513	763
513	956
513	967
514	427
514	603
514	724
514	730
514	806
514	910
515	183
515	487
515	589
515	885
515	921
515	987
516	197
516	667
516	757
516	956
516	969
516	999
517	28
517	224
517	670
517	897
517	935
517	996
518	600
518	760
518	828
518	844
518	940
518	947
519	666
519	667
519	842
519	850
519	962
519	989
520	29
520	280
520	407
520	531
520	762
520	946
521	458
521	932
521	939
521	952
521	972
521	992
522	936
522	937
522	942
522	986
522	995
522	997
523	301
523	362
523	810
523	836
523	981
523	996
524	246
524	645
524	768
524	770
524	796
524	876
525	890
525	896
525	897
525	948
525	951
525	983
526	538
526	738
526	757
526	866
526	923
526	933
526	999
527	43
527	400
527	575
527	710
527	814
527	821
527	919
528	158
528	476
528	702
528	749
528	770
528	834
528	941
529	764
529	799
529	863
529	921
529	984
529	987
529	998
530	578
530	622
530	699
530	744
530	825
530	960
530	999
531	120
531	342
531	363
531	520
531	695
531	754
531	763
532	196
532	481
532	574
532	688
532	976
532	980
532	990
533	339
533	453
533	513
533	727
533	911
533	912
533	967
534	106
534	384
534	676
534	682
534	700
534	807
534	926
535	505
535	778
535	818
535	881
535	889
535	946
535	976
536	53
536	174
536	342
536	642
536	663
536	695
536	926
537	488
537	705
537	718
537	945
537	970
537	981
537	985
538	19
538	526
538	890
538	951
538	983
538	988
538	991
539	228
539	382
539	432
539	506
539	511
539	647
539	877
540	94
540	509
540	784
540	831
540	918
540	974
540	975
541	6
541	51
541	511
541	696
541	822
541	867
541	877
542	166
542	595
542	752
542	804
542	869
542	870
542	991
543	467
543	688
543	719
543	740
543	756
543	889
543	931
544	325
544	358
544	396
544	600
544	635
544	828
544	947
545	215
545	409
545	797
545	919
545	951
545	980
545	994
546	87
546	328
546	502
546	635
546	940
546	958
546	968
547	726
547	774
547	786
547	889
547	954
547	959
547	978
548	417
548	650
548	878
548	921
548	971
548	987
548	998
549	601
549	672
549	740
549	880
549	893
549	942
549	983
550	805
550	817
550	887
550	895
550	936
550	986
550	995
551	280
551	587
551	847
551	898
551	920
551	943
551	989
552	183
552	555
552	827
552	840
552	863
552	971
552	987
553	711
553	721
553	920
553	924
553	965
553	982
553	989
554	201
554	415
554	785
554	851
554	873
554	911
554	967
555	226
555	552
555	596
555	651
555	861
555	879
555	906
556	569
556	602
556	739
556	887
556	913
556	930
556	957
557	652
557	790
557	905
557	939
557	952
557	972
557	983
558	373
558	420
558	679
558	896
558	983
558	988
558	991
559	737
559	830
559	908
559	937
559	986
559	995
559	997
560	584
560	783
560	799
560	839
560	863
560	941
560	998
561	30
561	454
561	635
561	658
561	938
561	940
561	947
562	148
562	416
562	901
562	925
562	953
562	964
562	982
563	636
563	654
563	826
563	961
563	974
563	975
563	979
564	212
564	479
564	811
564	948
564	951
564	967
564	983
565	253
565	456
565	690
565	955
565	981
565	996
565	999
566	697
566	717
566	944
566	951
566	968
566	984
566	1000
567	223
567	469
567	779
567	812
567	822
567	857
567	884
568	147
568	606
568	632
568	706
568	710
568	714
568	879
569	145
569	556
569	837
569	933
569	960
569	985
569	999
570	610
570	644
570	932
570	939
570	972
570	992
570	993
571	435
571	492
571	837
571	883
571	960
571	969
571	999
572	231
572	596
572	651
572	693
572	844
572	861
572	879
573	20
573	298
573	332
573	700
573	981
573	985
573	996
574	409
574	476
574	532
574	745
574	849
574	865
574	980
575	259
575	527
575	781
575	897
575	907
575	981
575	985
576	600
576	737
576	799
576	878
576	971
576	987
576	998
577	441
577	707
577	759
577	862
577	864
577	968
577	996
578	380
578	401
578	470
578	530
578	744
578	804
578	999
579	345
579	804
579	837
579	923
579	960
579	961
579	999
580	839
580	858
580	859
580	911
580	912
580	956
580	967
581	83
581	670
581	691
581	710
581	933
581	980
581	990
582	99
582	138
582	631
582	716
582	721
582	943
582	989
583	308
583	476
583	675
583	751
583	773
583	945
583	996
584	560
584	589
584	714
584	792
584	840
584	987
584	998
585	291
585	595
585	655
585	811
585	890
585	988
585	991
586	412
586	605
586	759
586	892
586	903
586	981
586	996
587	166
587	222
587	551
587	656
587	869
587	896
587	988
588	126
588	241
588	671
588	701
588	860
588	934
588	990
589	66
589	393
589	515
589	584
589	878
589	971
589	987
590	192
590	297
590	685
590	734
590	779
590	958
590	963
591	188
591	280
591	737
591	898
591	962
591	965
591	989
592	203
592	432
592	746
592	882
592	901
592	930
592	945
593	285
593	666
593	803
593	832
593	920
593	962
593	965
594	624
594	678
594	900
594	920
594	962
594	965
594	989
595	283
595	433
595	542
595	585
595	709
595	741
595	991
596	328
596	555
596	572
596	662
596	706
596	861
596	906
597	35
597	184
597	213
597	363
597	756
597	931
597	976
598	599
598	691
598	907
598	916
598	934
598	980
598	994
599	124
599	215
599	449
599	450
599	478
599	598
599	934
600	103
600	325
600	465
600	518
600	544
600	576
600	608
600	940
601	350
601	549
601	642
601	754
601	817
601	880
601	905
601	942
602	271
602	556
602	926
602	930
602	954
602	957
602	963
602	978
603	514
603	611
603	673
603	693
603	724
603	806
603	888
603	910
604	347
604	788
604	796
604	800
604	812
604	875
604	882
604	887
605	73
605	382
605	488
605	586
605	820
605	869
605	897
605	996
606	226
606	568
606	651
606	706
606	844
606	861
606	879
606	939
607	492
607	701
607	772
607	857
607	944
607	968
607	984
607	1000
608	600
608	820
608	869
608	904
608	948
608	951
608	988
608	991
609	512
609	807
609	865
609	882
609	913
609	956
609	963
609	977
610	218
610	277
610	570
610	878
610	939
610	952
610	972
610	993
611	175
611	279
611	603
611	653
611	736
611	816
611	888
611	910
612	615
612	767
612	809
612	830
612	899
612	950
612	995
612	997
613	52
613	471
613	819
613	870
613	886
613	909
613	975
613	979
614	173
614	369
614	634
614	718
614	763
614	781
614	970
614	973
615	399
615	612
615	827
615	895
615	964
615	986
615	995
615	997
616	335
616	772
616	848
616	917
616	977
616	979
616	982
616	1000
617	372
617	399
617	746
617	834
617	867
617	877
617	945
617	964
618	229
618	395
618	484
618	728
618	779
618	872
618	926
618	954
619	143
619	775
619	816
619	833
619	873
619	939
619	972
619	993
620	49
620	264
620	677
620	702
620	821
620	907
620	919
620	934
621	76
621	338
621	703
621	814
621	821
621	934
621	952
621	994
622	339
622	530
622	846
622	946
622	961
622	974
622	975
622	979
623	748
623	851
623	911
623	912
623	944
623	956
623	967
623	997
624	118
624	188
624	594
624	631
624	659
624	716
624	920
624	989
625	4
625	47
625	261
625	396
625	465
625	828
625	940
625	947
626	135
626	472
626	478
626	729
626	860
626	980
626	990
626	996
627	10
627	322
627	708
627	774
627	946
627	959
627	968
627	976
628	54
628	653
628	693
628	694
628	806
628	835
628	910
628	990
629	450
629	703
629	753
629	821
629	916
629	919
629	931
629	990
630	249
630	460
630	704
630	896
630	968
630	982
630	984
630	1000
631	582
631	624
631	677
631	847
631	962
631	965
631	989
631	998
632	187
632	231
632	386
632	568
632	706
632	714
632	906
632	973
633	39
633	312
633	697
633	779
633	812
633	887
633	930
633	958
634	614
634	840
634	871
634	878
634	881
634	941
634	971
634	998
635	325
635	544
635	546
635	561
635	760
635	828
635	849
635	947
636	68
636	321
636	563
636	674
636	762
636	905
636	932
636	993
637	263
637	723
637	747
637	868
637	899
637	950
637	975
637	997
638	267
638	308
638	773
638	877
638	902
638	945
638	964
638	997
639	263
639	279
639	805
639	895
639	899
639	936
639	995
639	997
640	262
640	730
640	859
640	897
640	935
640	985
640	989
640	996
641	161
641	734
641	812
641	859
641	865
641	913
641	926
641	957
642	536
642	601
642	719
642	740
642	762
642	918
642	946
642	966
643	107
643	289
643	675
643	872
643	903
643	922
643	966
643	976
644	265
644	420
644	483
644	570
644	742
644	948
644	951
644	987
645	408
645	524
645	768
645	876
645	891
645	922
645	966
645	995
646	73
646	287
646	315
646	324
646	733
646	765
646	955
646	981
647	203
647	390
647	539
647	755
647	775
647	834
647	862
647	953
648	240
648	433
648	747
648	836
648	950
648	986
648	995
648	997
649	667
649	803
649	850
649	920
649	924
649	961
649	962
649	965
650	92
650	317
650	348
650	548
650	776
650	921
650	941
650	998
651	555
651	572
651	606
651	714
651	735
651	844
651	861
651	879
652	557
652	790
652	909
652	932
652	952
652	964
652	992
652	993
653	279
653	330
653	611
653	628
653	693
653	724
653	835
653	888
653	910
654	31
654	563
654	789
654	802
654	808
654	929
654	961
654	974
654	994
655	585
655	785
655	810
655	839
655	851
655	858
655	911
655	912
655	956
656	344
656	587
656	813
656	869
656	881
656	948
656	983
656	988
656	991
657	44
657	440
657	744
657	832
657	883
657	915
657	920
657	933
657	969
658	61
658	210
658	328
658	358
658	561
658	760
658	835
658	940
658	947
659	624
659	772
659	854
659	917
659	928
659	968
659	977
659	984
659	1000
660	394
660	709
660	928
660	955
660	977
660	982
660	984
660	999
660	1000
661	271
661	346
661	407
661	484
661	497
661	874
661	875
661	963
661	987
662	77
662	497
662	596
662	706
662	844
662	861
662	879
662	882
662	906
663	83
663	100
663	400
663	456
663	536
663	893
663	931
663	946
663	976
664	475
664	484
664	700
664	807
664	875
664	888
664	902
664	963
664	991
665	102
665	278
665	508
665	780
665	825
665	836
665	892
665	955
665	987
666	433
666	510
666	519
666	593
666	811
666	900
666	924
666	962
666	965
667	516
667	519
667	649
667	821
667	847
667	924
667	943
667	965
667	989
668	66
668	799
668	820
668	827
668	840
668	958
668	971
668	987
668	998
669	194
669	363
669	415
669	487
669	851
669	854
669	911
669	912
669	967
670	517
670	581
670	703
670	821
670	823
670	849
670	907
670	934
670	994
671	57
671	182
671	322
671	588
671	674
671	895
671	952
671	992
671	993
672	220
672	232
672	477
672	549
672	889
672	912
672	918
672	942
672	978
673	210
673	358
673	396
673	603
673	760
673	828
673	886
673	940
673	947
674	258
674	636
674	671
674	686
674	699
674	939
674	952
674	992
674	993
675	65
675	378
675	390
675	493
675	583
675	643
675	755
675	773
675	964
676	34
676	512
676	534
676	812
676	857
676	926
676	949
676	957
676	975
677	159
677	620
677	631
677	729
677	870
677	934
677	980
677	990
677	994
678	69
678	269
678	594
678	698
678	761
678	848
678	917
678	968
678	977
679	266
679	433
679	558
679	777
679	786
679	890
679	948
679	988
679	991
680	163
680	899
680	936
680	937
680	950
680	986
680	988
680	995
680	997
681	64
681	81
681	819
681	856
681	909
681	927
681	961
681	974
681	979
682	395
682	396
682	534
682	689
682	743
682	884
682	930
682	949
682	993
683	191
683	246
683	290
683	469
683	473
683	872
683	903
683	922
683	966
684	262
684	685
684	880
684	918
684	942
684	959
684	969
684	976
684	978
685	413
685	512
685	590
685	684
685	857
685	865
685	902
685	926
685	957
686	55
686	95
686	289
686	316
686	674
686	787
686	845
686	922
686	966
687	485
687	868
687	895
687	908
687	937
687	950
687	986
687	995
687	997
688	455
688	532
688	543
688	814
688	849
688	934
688	980
688	990
688	997
689	682
689	743
689	887
689	913
689	930
689	954
689	957
689	963
689	966
690	565
690	829
690	856
690	885
690	907
690	955
690	978
690	985
690	996
691	236
691	443
691	581
691	598
691	729
691	761
691	916
691	990
691	994
692	92
692	357
692	749
692	751
692	826
692	867
692	901
692	903
692	964
693	357
693	572
693	603
693	628
693	653
693	731
693	806
693	888
693	910
694	237
694	295
694	385
694	628
694	740
694	853
694	942
694	946
694	959
694	978
695	501
695	531
695	536
695	723
695	726
695	735
695	762
695	841
695	880
695	959
696	541
696	733
696	770
696	811
696	822
696	867
696	901
696	945
696	953
696	964
697	566
697	633
697	791
697	854
697	938
697	968
697	977
697	982
697	984
697	1000
698	50
698	458
698	678
698	942
698	968
698	977
698	982
698	984
698	988
698	1000
699	168
699	218
699	496
699	530
699	674
699	791
699	825
699	866
699	944
699	969
700	70
700	534
700	573
700	664
700	739
700	790
700	807
700	865
700	884
700	926
701	49
701	83
701	266
701	455
701	588
701	607
701	731
701	980
701	990
701	997
702	266
702	330
702	528
702	620
702	823
702	849
702	860
702	980
702	985
702	990
703	148
703	621
703	629
703	670
703	771
703	797
703	842
703	916
703	982
703	994
704	383
704	630
704	848
704	858
704	917
704	928
704	944
704	968
704	982
704	1000
705	455
705	537
705	730
705	838
705	856
705	970
705	973
705	981
705	996
705	1000
706	13
706	42
706	362
706	568
706	596
706	606
706	632
706	662
706	879
706	906
707	28
707	321
707	577
707	780
707	829
707	856
707	864
707	892
707	977
707	981
708	10
708	442
708	627
708	758
708	769
708	931
708	942
708	961
708	976
708	978
709	595
709	660
709	825
709	917
709	938
709	968
709	977
709	982
709	984
709	1000
710	264
710	527
710	568
710	581
710	731
710	857
710	860
710	919
710	990
710	994
711	506
711	553
711	715
711	803
711	898
711	900
711	920
711	962
711	965
711	989
712	255
712	289
712	425
712	444
712	796
712	798
712	872
712	876
712	903
712	966
713	67
713	170
713	832
713	837
713	883
713	923
713	937
713	960
713	969
713	999
714	147
714	386
714	568
714	584
714	632
714	651
714	844
714	861
714	879
714	906
715	214
715	510
715	711
715	803
715	837
715	896
715	900
715	943
715	962
715	989
716	582
716	624
716	803
716	913
716	924
716	942
716	943
716	962
716	965
716	989
717	276
717	566
717	722
717	762
717	795
717	917
717	968
717	984
717	985
717	1000
718	327
718	537
718	614
718	736
718	810
718	858
718	862
718	868
718	981
718	996
719	125
719	146
719	363
719	429
719	543
719	642
719	818
719	901
719	946
719	976
720	805
720	813
720	830
720	908
720	937
720	970
720	977
720	986
720	995
720	997
721	122
721	331
721	361
721	553
721	582
721	847
721	850
721	943
721	981
721	989
722	132
722	422
722	492
722	717
722	788
722	854
722	968
722	974
722	984
722	1000
723	637
723	695
723	767
723	835
723	895
723	899
723	936
723	937
723	995
723	997
724	127
724	142
724	175
724	514
724	603
724	653
724	806
724	888
724	910
724	934
725	265
725	413
725	423
725	451
725	766
725	777
725	787
725	896
725	904
725	948
726	37
726	139
726	304
726	547
726	695
726	841
726	883
726	893
726	942
726	978
727	84
727	137
727	224
727	323
727	327
727	533
727	730
727	856
727	889
727	981
728	467
728	468
728	618
728	857
728	874
728	882
728	914
728	926
728	957
728	980
729	236
729	626
729	677
729	691
729	821
729	823
729	849
729	875
729	980
729	990
729	994
730	157
730	278
730	306
730	514
730	640
730	705
730	727
730	810
730	892
730	970
730	973
731	359
731	400
731	693
731	701
731	710
731	745
731	814
731	819
731	916
731	990
731	994
732	268
732	282
732	489
732	764
732	885
732	941
732	958
732	971
732	985
732	987
732	998
733	260
733	441
733	470
733	646
733	696
733	859
733	864
733	981
733	985
733	987
733	996
734	139
734	164
734	459
734	590
734	641
734	788
734	884
734	887
734	930
734	954
734	963
735	126
735	295
735	310
735	407
735	651
735	695
735	774
735	778
735	786
735	976
735	978
736	144
736	260
736	272
736	305
736	611
736	718
736	864
736	955
736	973
736	985
736	997
737	428
737	559
737	576
737	591
737	827
737	871
737	881
737	921
737	971
737	987
737	998
738	170
738	219
738	424
738	462
738	526
738	794
738	883
738	894
738	915
738	922
738	999
739	93
739	177
739	556
739	700
739	788
739	812
739	843
739	875
739	882
739	926
739	958
740	79
740	120
740	185
740	194
740	385
740	543
740	549
740	642
740	694
740	817
740	959
741	283
741	483
741	595
741	766
741	890
741	902
741	904
741	983
741	988
741	989
741	991
742	180
742	644
742	811
742	816
742	869
742	890
742	891
742	948
742	983
742	988
742	991
743	191
743	418
743	468
743	682
743	689
743	874
743	882
743	887
743	913
743	949
743	957
744	91
744	530
744	578
744	657
744	804
744	866
744	923
744	960
744	969
744	992
744	999
745	113
745	574
745	731
745	771
745	806
745	814
745	874
745	934
745	980
745	990
745	994
746	124
746	219
746	511
746	592
746	617
746	751
746	834
746	840
746	925
746	953
746	964
747	86
747	438
747	483
747	637
747	648
747	813
747	845
747	895
747	936
747	950
747	997
748	36
748	281
748	513
748	623
748	763
748	798
748	839
748	851
748	866
748	873
748	967
749	2
749	148
749	506
749	528
749	692
749	773
749	903
749	925
749	945
749	964
749	976
750	146
750	794
750	815
750	837
750	855
750	866
750	883
750	933
750	955
750	969
750	999
751	26
751	104
751	109
751	148
751	201
751	583
751	692
751	746
751	826
751	917
751	988
752	222
752	451
752	483
752	542
752	787
752	855
752	896
752	948
752	951
752	953
752	988
753	212
753	244
753	365
753	415
753	629
753	785
753	798
753	851
753	912
753	956
753	967
754	37
754	84
754	207
754	426
754	531
754	601
754	762
754	823
754	918
754	959
754	976
755	125
755	267
755	378
755	397
755	493
755	511
755	647
755	675
755	867
755	963
755	964
756	35
756	96
756	112
756	385
756	501
756	543
756	597
756	786
756	794
756	923
756	931
757	43
757	516
757	526
757	793
757	915
757	923
757	933
757	960
757	969
757	970
757	999
758	220
758	429
758	447
758	708
758	876
758	918
758	931
758	942
758	946
758	959
758	970
758	978
759	184
759	410
759	482
759	577
759	586
759	765
759	808
759	862
759	955
759	970
759	973
759	997
760	31
760	45
760	261
760	273
760	518
760	635
760	658
760	673
760	940
760	947
760	982
760	991
761	335
761	678
761	691
761	801
761	928
761	938
761	944
761	968
761	977
761	982
761	984
761	1000
762	29
762	120
762	138
762	185
762	291
762	520
762	636
762	642
762	695
762	717
762	754
762	918
763	23
763	487
763	513
763	531
763	614
763	748
763	798
763	858
763	911
763	912
763	956
763	967
764	156
764	167
764	268
764	312
764	529
764	732
764	776
764	792
764	871
764	971
764	987
764	998
765	79
765	265
765	360
765	480
765	646
765	759
765	790
765	836
765	897
765	939
765	970
765	981
766	238
766	405
766	725
766	741
766	811
766	855
766	896
766	904
766	950
766	954
766	988
766	991
767	411
767	612
767	723
767	813
767	899
767	908
767	936
767	973
767	984
767	986
767	995
767	997
768	217
768	319
768	375
768	380
768	524
768	645
768	787
768	796
768	843
768	872
768	903
768	922
769	16
769	63
769	290
769	431
769	708
769	872
769	876
769	891
769	903
769	922
769	932
769	966
770	476
770	524
770	528
770	696
770	801
770	822
770	826
770	877
770	901
770	925
770	960
770	964
771	478
771	703
771	745
771	814
771	823
771	842
771	914
771	916
771	980
771	990
771	992
771	994
772	12
772	267
772	607
772	616
772	659
772	944
772	968
772	977
772	982
772	984
772	991
772	1000
773	167
773	378
773	432
773	583
773	638
773	675
773	749
773	867
773	918
773	945
773	964
773	973
774	85
774	152
774	342
774	547
774	627
774	735
774	818
774	893
774	942
774	967
774	971
774	976
775	94
775	133
775	143
775	485
775	619
775	647
775	905
775	932
775	949
775	952
775	992
775	993
776	428
776	650
776	764
776	782
776	792
776	799
776	885
776	921
776	941
776	946
776	987
776	998
777	141
777	423
777	679
777	725
777	855
777	904
777	937
777	948
777	975
777	983
777	988
777	991
778	174
778	535
778	735
778	782
778	817
778	841
778	931
778	940
778	942
778	959
778	972
778	976
779	567
779	590
779	618
779	633
779	812
779	865
779	913
779	919
779	927
779	949
779	954
779	958
780	665
780	707
780	796
780	856
780	859
780	864
780	897
780	935
780	937
780	970
780	973
780	996
781	421
781	436
781	575
781	614
781	829
781	856
781	907
781	955
781	970
781	973
781	985
781	996
782	42
782	100
782	179
782	310
782	490
782	501
782	776
782	778
782	817
782	841
782	880
782	931
783	216
783	268
783	445
783	560
783	836
783	840
783	846
783	881
783	921
783	941
783	971
783	998
784	89
784	164
784	169
784	509
784	540
784	824
784	909
784	961
784	974
784	975
784	979
784	998
785	108
785	151
785	288
785	347
785	463
785	554
785	655
785	753
785	851
785	873
785	956
785	967
786	17
786	42
786	85
786	262
786	547
786	679
786	735
786	756
786	889
786	918
786	978
786	988
787	24
787	316
787	425
787	431
787	494
787	686
787	725
787	752
787	768
787	845
787	903
787	966
788	82
788	164
788	604
788	722
788	734
788	739
788	812
788	913
788	914
788	954
788	958
788	990
789	181
789	473
789	480
789	654
789	792
789	809
789	819
789	852
789	909
789	974
789	975
789	979
790	211
790	557
790	652
790	700
790	765
790	833
790	905
790	932
790	939
790	952
790	972
790	992
791	313
791	353
791	380
791	697
791	699
791	793
791	825
791	832
791	883
791	894
791	915
791	998
791	999
792	233
792	256
792	268
792	584
792	764
792	776
792	789
792	829
792	871
792	921
792	971
792	987
792	998
793	392
793	440
793	462
793	757
793	791
793	815
793	837
793	883
793	923
793	926
793	940
793	960
793	999
794	218
794	300
794	345
794	380
794	402
794	462
794	738
794	750
794	756
794	804
794	923
794	960
794	999
795	59
795	394
795	509
795	717
795	844
795	909
795	928
795	938
795	944
795	977
795	982
795	984
795	1000
796	149
796	375
796	408
796	469
796	524
796	604
796	712
796	768
796	780
796	843
796	876
796	891
796	966
797	338
797	450
797	464
797	472
797	545
797	703
797	860
797	916
797	919
797	934
797	974
797	977
797	990
798	119
798	151
798	172
798	453
798	712
798	748
798	753
798	763
798	858
798	873
798	912
798	956
798	967
799	211
799	436
799	529
799	560
799	576
799	668
799	776
799	840
799	881
799	921
799	971
799	987
799	998
800	271
800	346
800	371
800	395
800	430
800	604
800	857
800	907
800	930
800	935
800	957
800	963
800	990
801	334
801	377
801	761
801	770
801	805
801	830
801	895
801	899
801	918
801	937
801	986
801	995
801	997
802	264
802	461
802	473
802	654
802	808
802	809
802	819
802	831
802	852
802	867
802	909
802	974
802	979
803	62
803	285
803	349
803	593
803	649
803	711
803	715
803	716
803	900
803	962
803	965
803	972
803	989
804	4
804	101
804	542
804	578
804	579
804	744
804	794
804	834
804	889
804	933
804	960
804	969
804	999
805	174
805	263
805	550
805	639
805	720
805	801
805	895
805	927
805	936
805	937
805	950
805	986
805	995
806	178
806	254
806	418
806	514
806	603
806	628
806	693
806	724
806	745
806	835
806	855
806	888
806	910
807	73
807	223
807	397
807	534
807	609
807	664
807	700
807	875
807	884
807	913
807	949
807	954
807	958
808	654
808	759
808	802
808	819
808	852
808	870
808	884
808	886
808	929
808	956
808	961
808	975
808	979
809	446
809	612
809	789
809	802
809	831
809	852
809	853
809	909
809	929
809	961
809	975
809	979
809	996
810	11
810	184
810	370
810	523
810	655
810	718
810	730
810	836
810	843
810	859
810	973
810	981
810	985
811	483
811	564
811	585
811	666
811	696
811	742
811	766
811	855
811	869
811	951
811	983
811	988
811	991
812	284
812	567
812	604
812	633
812	641
812	676
812	739
812	779
812	788
812	865
812	900
812	954
812	958
813	307
813	470
813	656
813	720
813	747
813	767
813	868
813	895
813	899
813	908
813	950
813	986
813	997
814	159
814	206
814	352
814	481
814	527
814	621
814	688
814	731
814	745
814	771
814	821
814	829
814	994
815	44
815	490
815	750
815	793
815	832
815	871
815	883
815	894
815	900
815	915
815	933
815	969
815	999
816	51
816	143
816	182
816	193
816	381
816	415
816	611
816	619
816	742
816	833
816	932
816	952
816	972
816	993
817	29
817	53
817	120
817	138
817	249
817	320
817	368
817	406
817	550
817	601
817	740
817	778
817	782
817	978
818	179
818	207
818	232
818	332
818	426
818	442
818	535
818	719
818	774
818	848
818	918
818	931
818	959
818	976
819	205
819	613
819	681
819	731
819	789
819	802
819	808
819	824
819	846
819	955
819	961
819	974
819	975
819	979
820	144
820	189
820	344
820	404
820	605
820	608
820	668
820	896
820	904
820	948
820	951
820	983
820	988
820	991
821	72
821	74
821	527
821	620
821	621
821	629
821	667
821	670
821	729
821	814
821	823
821	860
821	921
821	980
822	46
822	506
822	541
822	567
822	696
822	770
822	877
822	888
822	901
822	915
822	925
822	945
822	953
822	964
823	1
823	266
823	670
823	702
823	729
823	754
823	771
823	821
823	842
823	849
823	880
823	892
823	916
823	990
824	784
824	819
824	853
824	870
824	886
824	909
824	927
824	929
824	943
824	961
824	974
824	975
824	979
824	990
825	242
825	300
825	319
825	530
825	665
825	699
825	709
825	791
825	894
825	923
825	960
825	969
825	999
825	1000
826	109
826	158
826	563
826	692
826	751
826	770
826	867
826	901
826	925
826	927
826	945
826	953
826	964
826	998
827	21
827	445
827	552
827	615
827	668
827	737
827	840
827	871
827	881
827	941
827	946
827	984
827	987
827	998
828	45
828	47
828	233
828	273
828	328
828	502
828	518
828	544
828	625
828	635
828	673
828	865
828	947
828	982
829	27
829	283
829	690
829	707
829	781
829	792
829	814
829	836
829	892
829	907
829	955
829	970
829	973
829	985
830	33
830	97
830	209
830	364
830	429
830	559
830	612
830	720
830	801
830	868
830	908
830	936
830	950
830	995
831	61
831	234
831	235
831	540
831	802
831	809
831	852
831	873
831	886
831	909
831	927
831	961
831	975
831	979
832	165
832	218
832	219
832	431
832	593
832	657
832	713
832	791
832	815
832	837
832	866
832	915
832	933
832	999
833	258
833	269
833	355
833	619
833	790
833	816
833	905
833	932
833	939
833	952
833	972
833	983
833	992
833	993
834	18
834	109
834	201
834	424
834	448
834	506
834	528
834	617
834	647
834	746
834	804
834	847
834	945
834	964
835	54
835	136
835	142
835	210
835	279
835	311
835	427
835	628
835	653
835	658
835	723
835	806
835	888
835	910
836	287
836	463
836	480
836	523
836	648
836	665
836	765
836	783
836	810
836	829
836	897
836	955
836	973
836	996
837	168
837	284
837	393
837	435
837	569
837	571
837	579
837	713
837	715
837	750
837	793
837	832
837	847
837	858
837	933
838	168
838	281
838	287
838	410
838	470
838	705
838	856
838	859
838	862
838	864
838	907
838	973
838	981
838	985
838	987
839	116
839	281
839	413
839	414
839	439
839	560
839	580
839	655
839	748
839	841
839	858
839	909
839	911
839	912
839	967
840	552
840	584
840	634
840	668
840	746
840	783
840	799
840	827
840	871
840	878
840	885
840	921
840	926
840	987
840	998
841	115
841	295
841	304
841	442
841	695
841	726
841	778
841	782
841	839
841	893
841	931
841	946
841	974
841	976
841	978
842	43
842	83
842	135
842	260
842	330
842	409
842	430
842	443
842	449
842	455
842	519
842	703
842	771
842	823
842	994
843	16
843	24
843	25
843	55
843	425
843	494
843	739
843	768
843	796
843	810
843	845
843	872
843	891
843	922
843	966
844	13
844	56
844	60
844	77
844	362
844	518
844	572
844	606
844	651
844	662
844	714
844	795
844	861
844	879
844	906
845	107
845	217
845	246
845	255
845	444
845	469
845	686
845	747
845	787
845	843
845	872
845	902
845	922
845	923
845	966
846	22
846	205
846	367
846	622
846	783
846	819
846	852
846	886
846	909
846	929
846	961
846	974
846	975
846	979
846	984
847	503
847	510
847	551
847	631
847	667
847	721
847	834
847	837
847	898
847	900
847	920
847	943
847	962
847	965
847	989
848	132
848	154
848	314
848	457
848	616
848	678
848	704
848	818
848	928
848	938
848	944
848	971
848	977
848	982
848	1000
849	359
849	452
849	574
849	635
849	670
849	688
849	702
849	729
849	823
849	919
849	934
849	980
849	990
849	994
849	998
850	8
850	234
850	349
850	351
850	443
850	519
850	649
850	721
850	863
850	898
850	900
850	924
850	962
850	965
850	989
851	288
851	333
851	415
851	460
851	554
851	623
851	655
851	669
851	748
851	753
851	785
851	905
851	911
851	956
851	967
852	214
852	484
852	789
852	802
852	808
852	809
852	831
852	846
852	870
852	909
852	927
852	929
852	961
852	975
852	979
853	169
853	213
853	461
853	471
853	490
853	694
853	809
853	824
853	870
853	909
853	927
853	929
853	961
853	974
853	975
854	154
854	659
854	669
854	697
854	722
854	856
854	917
854	921
854	928
854	944
854	968
854	977
854	982
854	984
854	1000
855	25
855	209
855	212
855	419
855	436
855	750
855	752
855	766
855	777
855	806
855	811
855	869
855	951
855	983
855	988
855	991
856	32
856	681
856	690
856	705
856	707
856	727
856	780
856	781
856	838
856	854
856	864
856	892
856	897
856	955
856	970
856	986
857	417
857	475
857	567
857	607
857	676
857	685
857	710
857	728
857	800
857	874
857	884
857	902
857	930
857	949
857	954
857	957
858	190
858	414
858	415
858	463
858	487
858	580
858	655
858	704
858	718
858	763
858	798
858	837
858	839
858	912
858	956
858	967
859	155
859	351
859	441
859	580
859	640
859	641
859	733
859	780
859	810
859	838
859	862
859	864
859	921
859	973
859	985
859	996
860	113
860	359
860	443
860	478
860	588
860	626
860	702
860	710
860	797
860	821
860	971
860	977
860	980
860	984
860	990
860	994
861	147
861	187
861	226
861	386
861	555
861	572
861	596
861	606
861	651
861	662
861	714
861	844
861	879
861	906
861	969
861	986
862	12
862	102
862	229
862	272
862	337
862	360
862	577
862	647
862	718
862	759
862	838
862	859
862	955
862	981
862	985
862	994
863	7
863	9
863	156
863	162
863	301
863	439
863	489
863	529
863	552
863	560
863	850
863	881
863	885
863	921
863	941
863	971
864	259
864	278
864	376
864	577
864	707
864	733
864	736
864	780
864	838
864	856
864	859
864	915
864	926
864	970
864	985
864	996
865	401
865	430
865	459
865	574
865	609
865	641
865	685
865	700
865	779
865	812
865	828
865	875
865	913
865	914
865	949
865	963
866	239
866	294
866	300
866	366
866	474
866	526
866	699
866	744
866	748
866	750
866	832
866	923
866	933
866	969
866	994
866	999
867	267
867	448
867	493
867	541
867	617
867	692
867	696
867	755
867	773
867	802
867	826
867	901
867	925
867	945
867	961
867	996
868	379
868	388
868	637
868	687
868	718
868	813
868	830
868	890
868	899
868	908
868	933
868	936
868	937
868	950
868	986
868	995
868	997
869	189
869	221
869	274
869	346
869	426
869	542
869	587
869	605
869	608
869	656
869	742
869	811
869	855
869	948
869	983
869	988
869	991
870	89
870	215
870	474
870	542
870	613
870	677
870	808
870	824
870	852
870	853
870	886
870	909
870	927
870	929
870	961
870	974
870	979
871	227
871	256
871	374
871	445
871	634
871	737
871	764
871	792
871	815
871	827
871	840
871	881
871	885
871	940
871	941
871	971
871	998
872	177
872	192
872	289
872	375
872	391
872	618
872	643
872	683
872	712
872	768
872	769
872	843
872	845
872	903
872	922
872	966
872	972
873	140
873	278
873	413
873	414
873	453
873	463
873	487
873	554
873	619
873	748
873	785
873	798
873	831
873	911
873	912
873	956
873	967
874	60
874	70
874	164
874	437
874	497
874	499
874	661
874	728
874	743
874	745
874	857
874	914
874	926
874	928
874	949
874	954
874	957
875	62
875	297
875	309
875	437
875	468
875	497
875	604
875	661
875	664
875	729
875	739
875	807
875	865
875	887
875	949
875	963
875	1000
876	24
876	63
876	149
876	150
876	290
876	375
876	444
876	475
876	524
876	645
876	712
876	758
876	769
876	796
876	891
876	922
876	966
877	6
877	18
877	46
877	372
877	397
877	408
877	539
877	541
877	617
877	638
877	770
877	822
877	901
877	925
877	953
877	963
877	979
878	14
878	171
878	216
878	367
878	416
878	445
878	452
878	548
878	576
878	589
878	610
878	634
878	840
878	881
878	941
878	971
878	987
879	56
879	60
879	77
879	228
879	386
879	555
879	568
879	572
879	606
879	651
879	662
879	706
879	714
879	844
879	861
879	906
879	962
879	989
880	5
880	35
880	262
880	271
880	426
880	442
880	447
880	549
880	601
880	684
880	695
880	782
880	823
880	893
880	918
880	931
880	976
880	978
881	403
881	500
881	535
881	634
881	656
881	737
881	783
881	799
881	827
881	863
881	871
881	878
881	885
881	941
881	962
881	971
881	987
881	998
882	499
882	592
882	604
882	609
882	662
882	728
882	739
882	743
882	884
882	902
882	913
882	926
882	930
882	936
882	949
882	954
882	957
882	958
883	401
883	440
883	571
883	657
883	713
883	726
883	738
883	750
883	791
883	793
883	815
883	893
883	894
883	899
883	915
883	960
883	991
883	999
884	217
884	475
884	567
884	682
884	700
884	734
884	807
884	808
884	857
884	882
884	914
884	930
884	938
884	954
884	957
884	958
884	963
884	986
885	9
885	162
885	171
885	374
885	515
885	690
885	732
885	776
885	840
885	863
885	871
885	881
885	911
885	921
885	968
885	971
885	987
885	998
886	61
886	169
886	474
886	613
886	673
886	808
886	824
886	831
886	846
886	870
886	909
886	912
886	929
886	961
886	974
886	975
886	979
886	1000
887	93
887	101
887	417
887	550
887	556
887	604
887	633
887	689
887	734
887	743
887	875
887	914
887	928
887	930
887	954
887	958
887	959
887	963
888	136
888	142
888	175
888	254
888	311
888	357
888	427
888	438
888	603
888	611
888	653
888	664
888	693
888	724
888	806
888	822
888	835
888	910
889	179
889	318
889	391
889	398
889	467
889	477
889	495
889	507
889	535
889	543
889	547
889	672
889	727
889	786
889	804
889	946
889	959
889	962
889	978
890	166
890	352
890	418
890	436
890	451
890	525
890	538
890	585
890	679
890	741
890	742
890	868
890	904
890	948
890	950
890	951
890	983
890	988
890	991
891	16
891	54
891	55
891	105
891	425
891	431
891	432
891	444
891	494
891	645
891	742
891	769
891	796
891	843
891	876
891	903
891	910
891	922
891	966
892	28
892	137
892	160
892	356
892	476
892	480
892	586
892	665
892	707
892	730
892	823
892	829
892	856
892	935
892	955
892	973
892	981
892	985
892	992
893	37
893	90
893	115
893	236
893	467
893	501
893	549
893	663
893	726
893	774
893	841
893	880
893	883
893	899
893	942
893	946
893	947
893	959
893	978
894	48
894	165
894	219
894	315
894	319
894	343
894	345
894	353
894	738
894	791
894	815
894	825
894	883
894	915
894	923
894	960
894	969
894	975
894	999
895	295
895	500
895	550
895	615
895	639
895	671
895	687
895	723
895	747
895	801
895	805
895	813
895	899
895	936
895	937
895	950
895	985
895	986
895	995
896	19
896	122
896	202
896	274
896	303
896	376
896	525
896	558
896	587
896	630
896	715
896	725
896	752
896	766
896	820
896	951
896	952
896	983
896	991
897	128
897	173
897	241
897	301
897	517
897	525
897	575
897	605
897	640
897	765
897	780
897	836
897	856
897	935
897	962
897	970
897	973
897	981
897	996
898	99
898	188
898	207
898	252
898	298
898	331
898	333
898	551
898	591
898	711
898	847
898	850
898	900
898	920
898	943
898	965
898	983
898	989
898	995
899	317
899	388
899	612
899	637
899	639
899	680
899	723
899	767
899	801
899	813
899	868
899	883
899	893
899	895
899	908
899	936
899	937
899	986
899	995
899	997
900	122
900	204
900	594
900	666
900	711
900	715
900	803
900	812
900	815
900	847
900	850
900	898
900	920
900	924
900	943
900	951
900	962
900	965
900	989
900	999
901	107
901	124
901	308
901	350
901	424
901	498
901	511
901	562
901	592
901	692
901	696
901	719
901	770
901	822
901	826
901	867
901	877
901	945
901	953
901	965
902	88
902	286
902	312
902	371
902	384
902	512
902	638
902	664
902	685
902	741
902	845
902	857
902	882
902	913
902	914
902	926
902	930
902	949
902	954
902	957
903	95
903	105
903	149
903	177
903	290
903	469
903	586
903	643
903	683
903	692
903	712
903	749
903	768
903	769
903	787
903	872
903	891
903	922
903	947
903	966
904	141
904	189
904	303
904	433
904	479
904	608
904	725
904	741
904	766
904	777
904	820
904	890
904	937
904	944
904	948
904	951
904	956
904	983
904	988
904	991
905	3
905	48
905	81
905	133
905	240
905	355
905	387
905	557
905	601
905	636
905	775
905	790
905	833
905	851
905	932
905	939
905	952
905	987
905	992
905	993
906	13
906	56
906	77
906	114
906	187
906	231
906	362
906	386
906	444
906	555
906	596
906	632
906	662
906	706
906	714
906	844
906	861
906	879
906	925
906	959
907	114
907	200
907	337
907	369
907	389
907	470
907	480
907	508
907	575
907	598
907	620
907	670
907	690
907	781
907	800
907	829
907	838
907	970
907	973
907	985
908	222
908	225
908	257
908	293
908	388
908	411
908	559
908	687
908	720
908	767
908	813
908	830
908	868
908	899
908	936
908	938
908	973
908	986
908	995
908	997
909	341
909	613
909	652
909	681
909	784
909	789
909	795
909	802
909	809
909	824
909	831
909	839
909	846
909	852
909	853
909	870
909	886
909	961
909	974
909	975
909	979
910	136
910	175
910	178
910	259
910	279
910	311
910	357
910	418
910	514
910	603
910	611
910	628
910	653
910	693
910	724
910	806
910	835
910	888
910	891
910	914
910	954
911	23
911	239
911	414
911	439
911	453
911	463
911	533
911	554
911	580
911	623
911	655
911	669
911	763
911	839
911	851
911	873
911	885
911	912
911	956
911	958
911	967
912	23
912	244
912	413
912	439
912	533
912	580
912	623
912	655
912	669
912	672
912	753
912	763
912	798
912	839
912	858
912	873
912	886
912	911
912	924
912	956
912	967
913	256
913	427
913	430
913	556
913	609
913	641
913	689
913	716
913	743
913	779
913	788
913	807
913	865
913	882
913	902
913	926
913	930
913	940
913	949
913	954
913	957
914	129
914	208
914	309
914	346
914	417
914	457
914	499
914	728
914	771
914	788
914	865
914	874
914	884
914	887
914	902
914	910
914	926
914	930
914	949
914	954
914	963
915	108
915	131
915	165
915	197
915	239
915	313
915	319
915	345
915	393
915	657
915	738
915	757
915	791
915	815
915	822
915	832
915	864
915	883
915	894
915	929
915	960
916	52
916	72
916	76
916	196
916	307
916	330
916	421
916	598
916	629
916	691
916	703
916	731
916	771
916	797
916	823
916	933
916	969
916	980
916	990
916	991
916	994
917	186
917	249
917	373
917	460
917	498
917	616
917	659
917	678
917	704
917	709
917	717
917	751
917	854
917	928
917	938
917	944
917	968
917	982
917	984
917	998
917	1000
918	10
918	237
918	296
918	310
918	442
918	456
918	540
918	642
918	672
918	684
918	754
918	758
918	762
918	773
918	786
918	801
918	818
918	880
918	931
918	974
918	976
918	978
919	15
919	126
919	206
919	275
919	405
919	421
919	452
919	455
919	472
919	527
919	545
919	620
919	629
919	710
919	779
919	797
919	849
919	955
919	980
919	988
919	990
919	994
920	157
920	333
920	340
920	503
920	551
920	553
920	593
920	594
920	624
920	649
920	657
920	711
920	847
920	898
920	900
920	924
920	938
920	943
920	962
920	965
920	979
920	989
921	156
921	162
921	329
921	515
921	529
921	548
921	650
921	737
921	776
921	783
921	792
921	799
921	821
921	840
921	854
921	859
921	863
921	885
921	941
921	971
921	978
921	998
922	173
922	192
922	204
922	217
922	425
922	469
922	643
922	645
922	683
922	686
922	738
922	768
922	769
922	843
922	845
922	872
922	876
922	891
922	903
922	955
922	966
922	995
923	152
923	178
923	242
923	319
923	401
923	435
923	526
923	579
923	713
923	744
923	756
923	757
923	793
923	794
923	825
923	845
923	866
923	894
923	960
923	969
923	973
923	999
924	53
924	134
924	214
924	226
924	252
924	280
924	331
924	434
924	503
924	553
924	649
924	666
924	667
924	716
924	850
924	900
924	912
924	920
924	962
924	965
924	981
924	989
925	2
925	26
925	92
925	167
925	203
925	244
925	245
925	338
925	424
925	476
925	562
925	746
925	749
925	770
925	822
925	826
925	867
925	877
925	906
925	945
925	953
925	964
926	430
926	468
926	499
926	534
926	536
926	602
926	618
926	641
926	676
926	685
926	700
926	728
926	739
926	793
926	840
926	864
926	874
926	882
926	902
926	913
926	914
926	957
927	64
927	89
927	163
927	169
927	302
927	341
927	474
927	509
927	681
927	779
927	805
927	824
927	826
927	831
927	852
927	853
927	870
927	929
927	934
927	961
927	975
927	979
928	44
928	269
928	299
928	325
928	335
928	457
928	659
928	660
928	704
928	761
928	795
928	848
928	854
928	874
928	887
928	917
928	944
928	968
928	977
928	982
928	984
928	1000
929	64
929	80
929	90
929	163
929	286
929	412
929	446
929	461
929	654
929	808
929	809
929	824
929	846
929	852
929	853
929	870
929	886
929	915
929	927
929	961
929	974
929	979
929	981
930	113
930	129
930	286
930	504
930	556
930	592
930	602
930	633
930	682
930	689
930	734
930	800
930	857
930	882
930	884
930	887
930	902
930	913
930	914
930	954
930	963
930	978
930	990
931	262
931	354
931	406
931	447
931	450
931	491
931	543
931	597
931	629
931	663
931	708
931	756
931	758
931	778
931	782
931	818
931	841
931	880
931	918
931	942
931	946
931	975
931	976
932	3
932	127
932	133
932	180
932	182
932	245
932	485
932	521
932	570
932	636
932	652
932	769
932	775
932	790
932	816
932	833
932	905
932	935
932	939
932	945
932	952
932	972
932	992
932	993
933	26
933	67
933	101
933	168
933	170
933	294
933	401
933	462
933	526
933	569
933	581
933	657
933	750
933	757
933	804
933	815
933	832
933	837
933	866
933	868
933	916
933	960
933	969
933	999
934	36
934	74
934	76
934	250
934	421
934	472
934	491
934	588
934	598
934	599
934	620
934	621
934	670
934	677
934	688
934	724
934	745
934	797
934	849
934	927
934	939
934	951
934	980
934	990
935	110
935	200
935	253
935	301
935	305
935	327
935	337
935	356
935	360
935	369
935	370
935	482
935	517
935	640
935	780
935	800
935	892
935	897
935	932
935	955
935	966
935	970
935	977
935	985
936	86
936	230
936	240
936	282
936	522
936	550
936	639
936	680
936	723
936	747
936	767
936	805
936	830
936	868
936	882
936	895
936	899
936	908
936	950
936	962
936	986
936	995
936	997
936	1000
937	41
937	111
937	230
937	235
937	377
937	411
937	522
937	559
937	680
937	687
937	713
937	720
937	723
937	777
937	780
937	801
937	805
937	868
937	895
937	899
937	904
937	950
937	986
937	997
938	59
938	269
938	314
938	383
938	402
938	406
938	422
938	458
938	486
938	561
938	697
938	709
938	761
938	795
938	848
938	884
938	908
938	917
938	920
938	944
938	968
938	977
938	982
938	984
938	1000
939	46
939	94
939	211
939	322
939	336
939	398
939	504
939	521
939	557
939	570
939	606
939	610
939	619
939	674
939	765
939	790
939	833
939	905
939	932
939	934
939	952
939	969
939	972
939	992
939	993
940	45
940	78
940	87
940	103
940	210
940	233
940	261
940	275
940	325
940	328
940	396
940	454
940	518
940	546
940	561
940	600
940	625
940	658
940	673
940	760
940	778
940	793
940	871
940	913
940	947
941	14
941	21
941	153
941	171
941	282
941	329
941	403
941	495
941	502
941	528
941	560
941	634
941	650
941	732
941	776
941	783
941	827
941	863
941	871
941	878
941	881
941	921
941	954
941	987
941	998
942	100
942	139
942	140
942	141
942	237
942	429
942	495
942	507
942	522
942	549
942	601
942	672
942	684
942	694
942	698
942	708
942	716
942	726
942	758
942	774
942	778
942	893
942	931
942	959
942	976
943	67
943	134
943	161
943	234
943	285
943	288
943	290
943	349
943	434
943	510
943	551
943	582
943	667
943	715
943	716
943	721
943	824
943	847
943	898
943	900
943	920
943	959
943	962
943	965
943	989
944	225
944	373
944	402
944	457
944	492
944	566
944	607
944	623
944	699
944	704
944	761
944	772
944	795
944	848
944	854
944	904
944	917
944	928
944	938
944	968
944	977
944	982
944	984
944	989
944	1000
945	18
945	26
945	65
945	145
945	195
945	228
945	493
945	498
945	506
945	537
945	583
945	592
945	617
945	638
945	696
945	749
945	773
945	822
945	826
945	834
945	867
945	901
945	925
945	932
945	953
945	1000
946	90
946	96
946	100
946	112
946	115
946	118
946	125
946	291
946	507
946	520
946	535
946	622
946	627
946	642
946	663
946	694
946	719
946	758
946	776
946	827
946	841
946	889
946	893
946	931
946	959
946	978
947	30
947	31
947	78
947	87
947	103
947	233
947	275
947	349
947	358
947	435
947	454
947	465
947	502
947	518
947	544
947	561
947	625
947	635
947	658
947	673
947	760
947	828
947	893
947	903
947	940
947	976
948	47
948	158
948	248
948	404
948	419
948	441
948	451
948	525
948	564
948	608
948	644
948	656
948	679
948	725
948	742
948	752
948	777
948	820
948	869
948	890
948	904
948	951
948	960
948	983
948	988
948	991
948	992
949	1
949	40
949	129
949	156
949	309
949	340
949	384
949	437
949	468
949	497
949	676
949	682
949	743
949	775
949	779
949	807
949	857
949	865
949	874
949	875
949	882
949	902
949	913
949	914
949	957
949	990
949	999
950	33
950	251
950	334
950	388
950	438
950	461
950	500
950	612
950	637
950	648
950	680
950	687
950	747
950	766
950	805
950	813
950	830
950	868
950	890
950	895
950	936
950	937
950	953
950	986
950	989
950	995
950	997
951	20
951	141
951	189
951	209
951	238
951	423
951	436
951	525
951	538
951	545
951	564
951	566
951	608
951	644
951	752
951	811
951	820
951	855
951	890
951	896
951	900
951	904
951	934
951	948
951	983
951	988
951	991
952	119
952	277
952	326
952	381
952	392
952	398
952	493
952	504
952	521
952	557
952	610
952	621
952	652
952	671
952	674
952	775
952	790
952	816
952	833
952	896
952	905
952	932
952	939
952	972
952	973
952	977
952	992
952	993
953	65
953	75
953	109
953	195
953	228
953	350
953	378
953	397
953	416
953	424
953	432
953	448
953	479
953	498
953	562
953	647
953	696
953	746
953	752
953	822
953	826
953	877
953	901
953	925
953	945
953	950
953	964
953	986
954	34
954	82
954	459
954	475
954	547
954	602
954	618
954	689
954	734
954	766
954	779
954	788
954	807
954	812
954	857
954	874
954	882
954	884
954	887
954	902
954	910
954	913
954	914
954	930
954	941
954	957
954	958
954	992
955	11
955	27
955	102
955	200
955	229
955	466
955	565
955	646
955	660
955	665
955	690
955	736
955	750
955	759
955	781
955	819
955	829
955	836
955	856
955	862
955	892
955	919
955	922
955	935
955	970
955	973
955	981
955	996
956	22
956	116
956	140
956	151
956	190
956	194
956	413
956	439
956	463
956	487
956	513
956	516
956	580
956	609
956	623
956	655
956	753
956	763
956	785
956	798
956	808
956	851
956	858
956	873
956	904
956	911
956	912
956	959
956	967
957	221
957	313
957	347
957	417
957	459
957	475
957	556
957	602
957	641
957	676
957	685
957	689
957	728
957	743
957	800
957	857
957	874
957	882
957	884
957	902
957	913
957	926
957	949
957	954
957	958
957	963
957	970
957	980
957	995
958	40
958	93
958	271
958	312
958	346
958	347
958	371
958	395
958	430
958	497
958	499
958	512
958	546
958	590
958	633
958	668
958	732
958	739
958	779
958	788
958	807
958	812
958	882
958	884
958	887
958	911
958	954
958	957
958	963
958	985
958	994
959	37
959	112
959	291
959	304
959	310
959	318
959	320
959	407
959	491
959	547
959	627
959	684
959	694
959	695
959	740
959	754
959	758
959	778
959	818
959	887
959	889
959	893
959	906
959	942
959	943
959	946
959	956
959	965
959	976
959	978
959	979
960	67
960	91
960	108
960	145
960	199
960	315
960	354
960	414
960	440
960	490
960	530
960	569
960	571
960	579
960	713
960	744
960	757
960	770
960	793
960	794
960	804
960	825
960	883
960	894
960	915
960	923
960	933
960	948
960	969
960	979
960	981
960	999
961	89
961	235
961	324
961	440
961	471
961	473
961	563
961	579
961	622
961	649
961	654
961	681
961	708
961	784
961	808
961	809
961	819
961	824
961	831
961	846
961	852
961	853
961	867
961	870
961	886
961	909
961	927
961	929
961	968
961	974
961	975
961	979
962	8
962	99
962	122
962	157
962	234
962	434
962	437
962	503
962	519
962	591
962	593
962	594
962	631
962	649
962	666
962	711
962	715
962	716
962	803
962	847
962	850
962	879
962	881
962	889
962	897
962	900
962	920
962	924
962	936
962	943
962	965
962	989
963	70
963	160
963	190
963	208
963	297
963	309
963	312
963	371
963	384
963	417
963	464
963	590
963	602
963	609
963	661
963	664
963	689
963	734
963	755
963	800
963	865
963	875
963	877
963	884
963	887
963	914
963	930
963	957
963	958
963	981
963	983
963	996
964	2
964	38
964	92
964	124
964	158
964	167
964	203
964	372
964	397
964	416
964	432
964	468
964	512
964	562
964	615
964	617
964	638
964	652
964	675
964	692
964	696
964	746
964	749
964	755
964	770
964	773
964	822
964	826
964	834
964	925
964	953
964	993
965	8
965	57
965	118
965	134
965	285
965	298
965	331
965	333
965	553
965	591
965	593
965	594
965	631
965	649
965	666
965	667
965	711
965	716
965	803
965	847
965	850
965	898
965	900
965	901
965	920
965	924
965	943
965	959
965	962
965	969
965	970
965	974
965	989
966	9
966	16
966	63
966	85
966	95
966	105
966	177
966	243
966	255
966	289
966	316
966	408
966	431
966	494
966	642
966	643
966	645
966	683
966	686
966	689
966	712
966	769
966	787
966	796
966	843
966	845
966	872
966	876
966	891
966	903
966	922
966	935
966	991
967	19
967	23
967	116
967	190
967	194
967	244
967	281
967	288
967	365
967	414
967	422
967	439
967	513
967	533
967	554
967	564
967	580
967	623
967	669
967	748
967	753
967	763
967	774
967	785
967	798
967	839
967	851
967	858
967	873
967	911
967	912
967	956
967	983
967	993
968	117
968	198
968	255
968	270
968	292
968	486
968	546
968	566
968	577
968	607
968	627
968	630
968	659
968	678
968	697
968	698
968	704
968	709
968	717
968	722
968	761
968	772
968	854
968	885
968	917
968	928
968	938
968	944
968	961
968	977
968	982
968	984
968	997
968	1000
969	101
969	108
969	145
969	146
969	199
969	284
969	354
969	366
969	380
969	393
969	462
969	496
969	516
969	571
969	657
969	684
969	699
969	713
969	744
969	750
969	757
969	804
969	815
969	825
969	861
969	866
969	894
969	916
969	923
969	933
969	939
969	960
969	965
969	976
969	999
970	27
970	59
970	155
970	224
970	306
970	332
970	369
970	370
970	409
970	410
970	466
970	482
970	508
970	537
970	614
970	705
970	720
970	730
970	757
970	758
970	759
970	765
970	780
970	781
970	829
970	856
970	864
970	897
970	907
970	935
970	955
970	957
970	965
970	981
970	996
971	7
971	58
971	123
971	183
971	282
971	317
971	329
971	374
971	403
971	428
971	489
971	548
971	552
971	576
971	589
971	634
971	668
971	732
971	737
971	764
971	774
971	783
971	792
971	799
971	848
971	860
971	863
971	871
971	878
971	881
971	885
971	921
971	985
971	987
971	993
971	998
971	1000
972	3
972	5
972	68
972	74
972	81
972	119
972	130
972	179
972	193
972	211
972	245
972	258
972	277
972	321
972	326
972	336
972	365
972	381
972	477
972	485
972	504
972	521
972	557
972	570
972	610
972	619
972	778
972	790
972	803
972	816
972	833
972	872
972	932
972	939
972	952
972	992
972	993
973	11
973	28
973	102
973	110
973	253
973	287
973	301
973	323
973	351
973	360
973	389
973	470
973	507
973	508
973	614
973	632
973	705
973	730
973	736
973	759
973	767
973	773
973	780
973	781
973	810
973	829
973	836
973	838
973	859
973	892
973	897
973	907
973	908
973	923
973	952
973	955
973	985
973	996
974	22
974	41
974	80
974	227
974	302
974	324
974	341
974	412
974	446
974	452
974	461
974	471
974	474
974	509
974	540
974	563
974	622
974	654
974	681
974	722
974	784
974	789
974	797
974	802
974	819
974	824
974	841
974	846
974	853
974	870
974	886
974	909
974	918
974	929
974	961
974	965
974	975
974	979
975	64
975	154
975	165
975	181
975	227
975	235
975	324
975	339
975	341
975	367
975	412
975	461
975	471
975	540
975	563
975	613
975	622
975	637
975	676
975	777
975	784
975	789
975	808
975	809
975	819
975	824
975	831
975	846
975	852
975	853
975	886
975	894
975	909
975	927
975	931
975	961
975	974
975	979
976	17
976	186
976	207
976	232
976	291
976	296
976	305
976	318
976	320
976	391
976	407
976	491
976	505
976	532
976	535
976	597
976	627
976	643
976	663
976	684
976	708
976	719
976	735
976	749
976	754
976	774
976	778
976	818
976	841
976	880
976	918
976	931
976	942
976	947
976	959
976	969
976	978
976	989
977	50
977	69
977	117
977	132
977	225
977	249
977	292
977	299
977	314
977	383
977	460
977	486
977	609
977	616
977	659
977	660
977	678
977	697
977	698
977	707
977	709
977	720
977	761
977	772
977	795
977	797
977	848
977	854
977	860
977	928
977	935
977	938
977	944
977	952
977	968
977	982
977	984
977	1000
978	17
978	39
978	138
978	155
978	185
978	186
978	296
978	318
978	320
978	363
978	391
978	429
978	456
978	477
978	495
978	505
978	511
978	547
978	602
978	672
978	684
978	690
978	694
978	708
978	726
978	735
978	758
978	786
978	817
978	841
978	880
978	889
978	893
978	918
978	921
978	930
978	946
978	959
978	976
979	22
979	32
979	66
979	80
979	163
979	181
979	205
979	227
979	302
979	324
979	339
979	474
979	563
979	613
979	616
979	622
979	681
979	784
979	789
979	802
979	808
979	809
979	819
979	824
979	831
979	846
979	852
979	870
979	877
979	886
979	909
979	920
979	927
979	929
979	959
979	960
979	961
979	974
979	975
980	34
980	72
980	135
980	147
980	159
980	196
980	206
980	236
980	247
980	250
980	348
980	356
980	372
980	421
980	449
980	452
980	466
980	481
980	532
980	545
980	574
980	581
980	598
980	626
980	677
980	688
980	701
980	702
980	728
980	729
980	745
980	771
980	821
980	849
980	860
980	916
980	919
980	934
980	957
980	994
981	11
981	84
981	106
981	137
981	241
981	306
981	327
981	356
981	382
981	441
981	462
981	481
981	482
981	488
981	523
981	537
981	565
981	573
981	575
981	586
981	646
981	705
981	707
981	718
981	721
981	727
981	733
981	765
981	810
981	838
981	862
981	892
981	897
981	924
981	929
981	955
981	960
981	963
981	970
981	1000
982	50
982	69
982	117
982	198
982	225
982	270
982	276
982	292
982	299
982	306
982	373
982	394
982	410
982	422
982	457
982	553
982	562
982	616
982	630
982	660
982	697
982	698
982	703
982	704
982	709
982	760
982	761
982	772
982	795
982	828
982	848
982	854
982	917
982	928
982	938
982	944
982	968
982	977
982	984
982	1000
983	180
983	202
983	222
983	238
983	248
983	274
983	283
983	343
983	368
983	376
983	404
983	419
983	420
983	451
983	525
983	538
983	549
983	557
983	558
983	564
983	656
983	741
983	742
983	777
983	811
983	820
983	833
983	855
983	869
983	890
983	896
983	898
983	904
983	948
983	951
983	963
983	967
983	984
983	988
983	991
984	69
984	104
984	198
984	270
984	276
984	292
984	310
984	383
984	402
984	422
984	486
984	492
984	529
984	566
984	607
984	630
984	659
984	660
984	697
984	698
984	709
984	717
984	722
984	761
984	767
984	772
984	795
984	827
984	846
984	854
984	860
984	917
984	928
984	938
984	944
984	968
984	977
984	982
984	983
984	1000
985	73
985	84
985	106
985	137
985	173
985	176
985	187
985	272
985	278
985	305
985	306
985	323
985	356
985	369
985	508
985	537
985	569
985	573
985	575
985	640
985	690
985	702
985	717
985	732
985	733
985	736
985	781
985	810
985	829
985	838
985	859
985	862
985	864
985	892
985	895
985	907
985	935
985	958
985	971
985	973
985	996
986	41
986	97
986	98
986	111
986	230
986	251
986	257
986	293
986	377
986	379
986	388
986	395
986	399
986	438
986	496
986	500
986	522
986	550
986	559
986	615
986	648
986	680
986	687
986	720
986	767
986	801
986	805
986	813
986	856
986	861
986	868
986	884
986	895
986	899
986	908
986	936
986	937
986	950
986	953
986	987
986	995
986	997
987	7
987	9
987	14
987	21
987	58
987	71
987	123
987	172
987	256
987	282
987	317
987	329
987	445
987	515
987	529
987	548
987	552
987	576
987	584
987	589
987	644
987	661
987	665
987	668
987	732
987	733
987	737
987	764
987	776
987	792
987	799
987	827
987	838
987	840
987	878
987	881
987	885
987	905
987	941
987	971
987	986
987	988
987	998
988	112
988	166
988	238
988	265
988	274
988	283
988	303
988	344
988	352
988	376
988	423
988	433
988	479
988	483
988	538
988	558
988	585
988	587
988	608
988	656
988	679
988	680
988	698
988	741
988	742
988	751
988	752
988	766
988	777
988	786
988	811
988	820
988	855
988	869
988	890
988	904
988	919
988	948
988	951
988	983
988	987
988	991
988	1000
989	8
989	99
989	116
989	134
989	161
989	188
989	214
989	252
989	285
989	298
989	316
989	333
989	349
989	434
989	510
989	519
989	551
989	553
989	582
989	591
989	594
989	624
989	631
989	640
989	667
989	711
989	715
989	716
989	721
989	741
989	803
989	847
989	850
989	879
989	898
989	900
989	920
989	924
989	943
989	944
989	950
989	962
989	965
989	976
990	33
990	36
990	43
990	115
990	121
990	247
990	250
990	307
990	359
990	361
990	405
990	409
990	443
990	478
990	481
990	532
990	581
990	588
990	626
990	628
990	629
990	677
990	688
990	691
990	701
990	702
990	710
990	729
990	731
990	745
990	771
990	788
990	797
990	800
990	823
990	824
990	849
990	860
990	916
990	919
990	930
990	934
990	949
990	994
991	209
991	212
991	248
991	276
991	303
991	343
991	344
991	352
991	366
991	368
991	376
991	404
991	419
991	420
991	436
991	471
991	538
991	542
991	558
991	585
991	595
991	608
991	656
991	664
991	679
991	741
991	742
991	760
991	766
991	772
991	777
991	811
991	820
991	855
991	869
991	883
991	890
991	896
991	904
991	916
991	948
991	951
991	966
991	983
991	988
992	5
992	48
992	51
992	57
992	68
992	75
992	81
992	119
992	127
992	128
992	130
992	245
992	277
992	321
992	322
992	326
992	331
992	334
992	336
992	377
992	381
992	387
992	392
992	398
992	485
992	504
992	521
992	570
992	652
992	671
992	674
992	744
992	771
992	775
992	790
992	833
992	892
992	905
992	932
992	939
992	948
992	952
992	954
992	972
992	993
993	3
993	5
993	48
993	51
993	57
993	75
993	93
993	94
993	127
993	130
993	143
993	193
993	258
993	304
993	321
993	322
993	326
993	336
993	355
993	384
993	387
993	392
993	398
993	485
993	570
993	610
993	619
993	636
993	652
993	671
993	674
993	682
993	775
993	816
993	833
993	905
993	932
993	939
993	952
993	964
993	967
993	971
993	972
993	992
993	996
994	1
994	14
994	15
994	36
994	56
994	74
994	126
994	136
994	206
994	247
994	264
994	338
994	348
994	364
994	400
994	405
994	449
994	450
994	452
994	472
994	496
994	545
994	598
994	621
994	654
994	670
994	677
994	691
994	703
994	710
994	729
994	731
994	745
994	771
994	814
994	842
994	849
994	860
994	862
994	866
994	916
994	919
994	958
994	980
994	990
995	33
995	86
995	97
995	98
995	111
995	240
995	254
995	257
995	263
995	293
995	299
995	334
995	374
995	377
995	379
995	399
995	411
995	420
995	500
995	522
995	550
995	559
995	612
995	615
995	639
995	645
995	648
995	680
995	687
995	720
995	723
995	767
995	801
995	805
995	830
995	868
995	895
995	898
995	899
995	908
995	922
995	936
995	950
995	957
995	986
995	997
996	27
996	32
996	88
996	151
996	176
996	184
996	200
996	229
996	241
996	259
996	260
996	305
996	332
996	351
996	382
996	410
996	434
996	488
996	503
996	517
996	523
996	565
996	573
996	577
996	583
996	586
996	605
996	626
996	640
996	690
996	705
996	718
996	733
996	780
996	781
996	809
996	836
996	859
996	864
996	867
996	897
996	955
996	963
996	970
996	973
996	985
996	993
997	15
997	41
997	86
997	97
997	98
997	111
997	135
997	230
997	251
997	257
997	293
997	334
997	379
997	399
997	411
997	438
997	500
997	522
997	559
997	612
997	615
997	623
997	637
997	638
997	639
997	648
997	680
997	687
997	688
997	701
997	720
997	723
997	736
997	747
997	759
997	767
997	801
997	813
997	868
997	899
997	908
997	936
997	937
997	950
997	968
997	986
997	995
998	21
998	58
998	66
998	71
998	133
998	153
998	172
998	183
998	250
998	256
998	268
998	317
998	374
998	403
998	428
998	489
998	529
998	548
998	560
998	576
998	584
998	631
998	634
998	650
998	668
998	732
998	737
998	764
998	776
998	783
998	784
998	791
998	792
998	799
998	826
998	827
998	840
998	849
998	871
998	881
998	885
998	917
998	921
998	941
998	971
998	987
998	999
999	91
999	146
999	152
999	197
999	239
999	242
999	303
999	315
999	353
999	366
999	378
999	387
999	393
999	435
999	440
999	490
999	496
999	505
999	516
999	526
999	530
999	565
999	569
999	571
999	578
999	579
999	660
999	713
999	738
999	744
999	750
999	757
999	791
999	793
999	794
999	804
999	815
999	825
999	832
999	866
999	883
999	894
999	900
999	923
999	933
999	949
999	960
999	969
999	998
1000	12
1000	50
1000	59
1000	132
1000	154
1000	249
1000	269
1000	276
1000	292
1000	299
1000	314
1000	373
1000	402
1000	422
1000	457
1000	460
1000	566
1000	607
1000	616
1000	630
1000	659
1000	660
1000	697
1000	698
1000	704
1000	705
1000	709
1000	717
1000	722
1000	761
1000	772
1000	795
1000	825
1000	848
1000	854
1000	875
1000	886
1000	917
1000	928
1000	936
1000	938
1000	944
1000	945
1000	968
1000	971
1000	977
1000	981
1000	982
1000	984
1000	988
