1	304
1	319
1	821
1	992
2	639
2	728
2	936
2	973
3	769
3	855
3	904
3	964
4	874
4	942
4	966
4	969
5	428
5	456
5	938
5	987
6	416
6	517
6	910
6	955
7	552
7	677
7	757
7	939
8	799
8	840
8	894
8	901
9	136
9	230
9	450
9	928
10	369
10	414
10	818
10	889
11	227
11	403
11	415
11	967
12	21
12	403
12	543
12	917
13	124
13	466
13	811
13	970
14	283
14	577
14	654
14	927
15	170
15	467
15	656
15	676
16	526
16	819
16	906
16	925
17	754
17	905
17	908
17	937
18	434
18	575
18	603
18	953
19	95
19	221
19	971
19	995
20	416
20	949
20	981
20	999
21	12
21	437
21	967
21	990
22	548
22	730
22	905
22	938
23	70
23	323
23	739
23	900
24	504
24	758
24	920
24	975
25	282
25	521
25	781
25	817
26	636
26	876
26	967
26	974
27	337
27	801
27	889
27	965
28	540
28	663
28	874
28	993
29	668
29	695
29	932
29	992
30	663
30	875
30	953
30	991
31	415
31	641
31	948
31	991
32	343
32	672
32	940
32	989
33	680
33	844
33	862
33	914
34	382
34	913
34	952
34	985
35	420
35	897
35	929
35	953
36	233
36	544
36	703
36	983
37	695
37	950
37	969
37	997
38	240
38	288
38	319
38	497
39	636
39	757
39	801
39	899
40	142
40	958
40	986
40	992
41	581
41	720
41	821
41	840
42	447
42	496
42	591
42	593
43	498
43	702
43	935
43	980
44	396
44	797
44	937
44	954
45	676
45	815
45	844
45	975
46	74
46	557
46	613
46	668
47	805
47	971
47	972
47	999
48	678
48	763
48	982
48	983
49	797
49	841
49	937
49	943
50	177
50	715
50	864
50	983
51	916
51	981
51	985
51	998
52	823
52	952
52	961
52	968
53	539
53	819
53	846
53	946
54	368
54	606
54	828
54	1000
55	926
55	955
55	971
55	973
56	845
56	920
56	932
56	955
57	913
57	952
57	967
57	981
58	441
58	627
58	759
58	841
59	71
59	399
59	971
59	999
60	364
60	941
60	967
60	983
61	601
61	680
61	921
61	991
62	732
62	846
62	969
62	977
63	812
63	908
63	916
63	987
64	249
64	703
64	972
64	999
65	631
65	665
65	954
65	993
66	880
66	926
66	969
66	974
67	280
67	700
67	941
67	998
68	632
68	735
68	911
68	971
69	600
69	793
69	875
69	987
70	23
70	549
70	580
70	822
71	59
71	158
71	926
71	999
72	98
72	723
72	848
72	968
73	841
73	905
73	934
73	987
74	46
74	936
74	995
74	1000
75	433
75	800
75	864
75	907
76	580
76	870
76	907
76	982
77	710
77	791
77	850
77	936
78	894
78	904
78	955
78	971
79	398
79	929
79	965
79	987
80	689
80	744
80	986
80	998
81	655
81	859
81	926
81	958
82	753
82	812
82	994
82	1000
83	681
83	960
83	980
83	990
84	901
84	930
84	962
84	980
85	921
85	931
85	968
85	991
86	226
86	429
86	927
86	991
87	776
87	890
87	978
87	998
88	900
88	963
88	974
88	998
89	600
89	678
89	905
89	957
90	493
90	587
90	807
90	997
91	505
91	699
91	768
91	925
92	854
92	899
92	936
92	939
93	228
93	935
93	961
93	962
94	453
94	678
94	924
94	987
95	19
95	673
95	674
95	838
96	660
96	919
96	948
96	997
97	492
97	584
97	676
97	821
98	72
98	192
98	478
98	912
99	716
99	867
99	971
99	982
100	574
100	690
100	740
100	791
101	711
101	797
101	866
101	954
102	698
102	903
102	943
102	954
103	276
103	604
103	707
103	972
104	338
104	370
104	828
104	893
105	692
105	740
105	755
105	825
106	469
106	815
106	945
106	988
107	130
107	639
107	830
107	979
108	569
108	910
108	976
108	988
109	688
109	709
109	932
109	972
110	709
110	734
110	918
110	972
111	305
111	637
111	962
111	990
112	487
112	919
112	953
112	988
113	439
113	849
113	953
113	993
114	719
114	836
114	866
114	954
115	425
115	593
115	621
115	738
116	943
116	944
116	962
116	990
117	350
117	667
117	866
117	937
118	824
118	897
118	985
118	1000
119	459
119	593
119	872
119	992
120	304
120	664
120	705
120	986
121	803
121	931
121	936
121	973
122	348
122	424
122	864
122	940
123	669
123	723
123	883
123	991
124	13
124	702
124	969
124	997
125	841
125	896
125	940
125	969
126	431
126	501
126	863
126	940
127	468
127	757
127	891
127	985
128	441
128	820
128	862
128	904
129	845
129	878
129	879
129	978
130	107
130	268
130	946
130	1000
131	368
131	909
131	916
131	976
132	523
132	785
132	923
132	945
133	206
133	879
133	930
133	944
134	161
134	886
134	933
134	965
135	145
135	290
135	644
135	866
136	9
136	657
136	910
136	955
137	638
137	868
137	980
137	985
138	193
138	371
138	614
138	970
139	640
139	707
139	866
139	875
140	601
140	886
140	933
140	934
141	235
141	349
141	513
141	806
142	40
142	958
142	970
142	992
143	704
143	768
143	970
143	993
144	488
144	915
144	925
144	957
145	135
145	842
145	877
145	947
146	649
146	852
146	949
146	992
147	721
147	762
147	857
147	988
148	646
148	785
148	872
148	984
149	463
149	686
149	892
149	989
150	316
150	851
150	912
150	991
151	457
151	911
151	920
151	959
152	661
152	889
152	957
152	979
153	573
153	579
153	849
153	994
154	556
154	960
154	977
154	996
155	580
155	665
155	836
155	954
156	620
156	786
156	806
156	982
157	827
157	847
157	928
157	999
158	71
158	428
158	934
158	987
159	737
159	829
159	864
159	946
160	476
160	765
160	788
160	988
161	134
161	752
161	903
161	954
162	849
162	858
162	933
162	987
163	795
163	802
163	881
163	915
164	462
164	578
164	648
164	856
165	463
165	475
165	975
165	979
166	462
166	871
166	978
166	997
167	629
167	727
167	820
167	941
168	362
168	974
168	996
168	997
169	270
169	539
169	661
169	687
170	15
170	869
170	897
170	1000
171	258
171	891
171	916
171	968
172	591
172	672
172	802
172	998
173	785
173	945
173	967
173	995
174	608
174	712
174	796
174	815
175	866
175	903
175	947
175	965
176	412
176	578
176	980
176	990
177	50
177	981
177	985
177	986
178	766
178	801
178	914
178	931
179	774
179	921
179	975
179	986
180	390
180	905
180	965
180	998
181	755
181	779
181	936
181	964
182	442
182	659
182	853
182	999
183	351
183	741
183	882
183	944
184	573
184	743
184	795
184	976
185	861
185	888
185	914
185	945
186	287
186	438
186	955
186	999
187	288
187	851
187	895
187	969
188	199
188	724
188	905
188	970
189	736
189	886
189	947
189	974
190	797
190	817
190	869
190	886
191	899
191	973
191	978
191	980
192	98
192	872
192	896
192	992
193	138
193	416
193	831
193	928
194	550
194	890
194	923
194	982
195	892
195	952
195	968
195	981
196	270
196	961
196	980
196	990
197	761
197	767
197	826
197	917
198	377
198	713
198	872
198	958
199	188
199	615
199	747
199	968
200	326
200	342
200	948
200	991
201	792
201	899
201	939
201	978
202	239
202	757
202	936
202	985
203	359
203	365
203	530
203	919
204	425
204	713
204	935
204	946
205	445
205	840
205	887
205	960
206	133
206	296
206	736
206	937
207	958
207	963
207	984
207	992
208	566
208	807
208	915
208	969
209	565
209	670
209	881
209	896
210	733
210	823
210	897
210	994
211	474
211	558
211	684
211	806
212	586
212	871
212	926
212	979
213	747
213	884
213	911
213	920
214	372
214	428
214	504
214	977
215	259
215	523
215	825
215	988
216	273
216	586
216	889
216	976
217	716
217	890
217	946
217	989
218	354
218	477
218	873
218	993
219	474
219	804
219	809
219	881
220	279
220	539
220	957
220	972
221	19
221	899
221	988
221	995
222	258
222	815
222	843
222	967
223	598
223	653
223	880
223	963
224	467
224	720
224	765
224	923
224	986
225	330
225	583
225	722
225	884
225	925
226	86
226	416
226	879
226	994
226	1000
227	11
227	604
227	607
227	640
227	784
228	93
228	489
228	978
228	996
228	998
229	706
229	719
229	913
229	982
229	986
230	9
230	650
230	939
230	964
230	973
231	436
231	789
231	943
231	947
231	954
232	235
232	851
232	883
232	927
232	948
233	36
233	381
233	766
233	883
233	983
234	394
234	906
234	960
234	965
234	983
235	141
235	232
235	730
235	761
235	896
236	481
236	490
236	724
236	938
236	952
237	542
237	661
237	676
237	793
237	894
238	419
238	601
238	684
238	965
238	987
239	202
239	715
239	843
239	922
239	988
240	38
240	465
240	870
240	967
240	972
241	487
241	636
241	767
241	814
241	936
242	585
242	870
242	919
242	981
242	986
243	295
243	710
243	736
243	817
243	937
244	287
244	356
244	712
244	805
244	838
245	265
245	408
245	463
245	543
245	875
246	879
246	907
246	918
246	923
246	982
247	409
247	610
247	709
247	989
247	1000
248	666
248	720
248	919
248	925
248	968
249	64
249	695
249	912
249	958
249	984
250	560
250	605
250	757
250	855
250	973
251	489
251	789
251	930
251	980
251	990
252	306
252	350
252	621
252	684
252	954
253	746
253	789
253	855
253	937
253	964
254	722
254	798
254	848
254	889
254	902
255	486
255	571
255	923
255	960
255	982
256	358
256	745
256	847
256	875
256	1000
257	647
257	662
257	933
257	934
257	967
258	171
258	222
258	958
258	988
258	995
259	215
259	518
259	652
259	975
259	991
260	767
260	787
260	802
260	838
260	967
261	293
261	519
261	672
261	834
261	843
262	487
262	857
262	894
262	975
262	979
263	367
263	537
263	880
263	942
263	970
264	679
264	773
264	956
264	968
264	985
265	245
265	405
265	423
265	607
265	875
266	302
266	639
266	758
266	824
266	950
267	284
267	832
267	963
267	970
267	976
268	130
268	409
268	686
268	945
268	947
269	755
269	906
269	915
269	979
269	988
270	169
270	196
270	748
270	957
270	976
271	285
271	290
271	796
271	937
271	941
272	794
272	863
272	896
272	899
272	967
273	216
273	432
273	722
273	847
273	909
274	720
274	890
274	919
274	924
274	986
275	502
275	854
275	906
275	911
275	983
276	103
276	325
276	463
276	705
276	916
277	977
277	978
277	988
277	996
277	998
278	697
278	734
278	841
278	876
278	966
279	220
279	479
279	768
279	885
279	992
280	67
280	723
280	851
280	862
280	996
281	733
281	737
281	815
281	829
281	902
282	25
282	842
282	947
282	967
282	1000
283	14
283	632
283	892
283	991
283	993
284	267
284	407
284	477
284	759
284	787
285	271
285	842
285	913
285	943
285	988
286	702
286	802
286	839
286	983
286	985
287	186
287	244
287	546
287	780
287	897
288	38
288	187
288	312
288	904
288	977
289	343
289	616
289	682
289	940
289	955
290	135
290	271
290	350
290	937
290	951
291	935
291	941
291	961
291	962
291	990
292	773
292	880
292	897
292	963
292	970
293	261
293	460
293	511
293	703
293	834
294	296
294	407
294	409
294	493
294	970
295	243
295	302
295	345
295	966
295	996
296	206
296	294
296	886
296	937
296	947
297	638
297	648
297	966
297	974
297	997
298	706
298	894
298	921
298	931
298	953
299	333
299	606
299	756
299	914
299	931
300	820
300	830
300	922
300	964
300	988
301	621
301	630
301	707
301	766
301	947
302	266
302	295
302	617
302	824
302	853
303	319
303	591
303	671
303	674
303	906
304	1
304	120
304	326
304	645
304	974
305	111
305	871
305	974
305	978
305	998
306	252
306	514
306	549
306	908
306	938
307	867
307	918
307	949
307	972
307	984
308	508
308	755
308	853
308	901
308	964
309	440
309	763
309	854
309	934
309	983
310	421
310	515
310	837
310	971
310	993
311	603
311	656
311	821
311	912
311	958
312	288
312	607
312	878
312	907
312	960
313	314
313	687
313	711
313	852
313	930
314	313
314	328
314	518
314	750
314	927
315	730
315	871
315	933
315	959
315	979
316	150
316	527
316	793
316	914
316	931
317	833
317	944
317	958
317	984
317	992
318	474
318	942
318	972
318	998
318	999
319	1
319	38
319	303
319	605
319	863
320	813
320	825
320	917
320	981
320	986
321	413
321	459
321	603
321	996
321	1000
322	413
322	587
322	911
322	920
322	932
323	23
323	740
323	794
323	803
323	939
324	572
324	578
324	878
324	903
324	960
325	276
325	607
325	680
325	845
325	875
326	200
326	304
326	396
326	879
326	959
327	341
327	890
327	908
327	974
327	977
328	314
328	421
328	749
328	869
328	959
329	520
329	536
329	567
329	576
329	784
330	225
330	902
330	925
330	935
330	970
331	429
331	508
331	632
331	892
331	994
332	486
332	728
332	807
332	870
332	992
333	299
333	570
333	766
333	953
333	993
334	653
334	743
334	927
334	942
334	953
335	428
335	481
335	548
335	795
335	859
336	496
336	655
336	978
336	996
336	997
337	27
337	888
337	898
337	934
337	972
338	104
338	574
338	575
338	829
338	984
339	392
339	823
339	838
339	924
339	986
340	714
340	728
340	883
340	921
340	991
341	327
341	562
341	761
341	838
341	917
342	200
342	723
342	991
342	993
342	995
343	32
343	289
343	670
343	843
343	903
344	405
344	700
344	704
344	928
344	963
345	295
345	627
345	753
345	874
345	966
346	543
346	796
346	811
346	877
346	970
347	711
347	883
347	913
347	919
347	981
348	122
348	378
348	487
348	884
348	995
349	141
349	836
349	941
349	977
349	998
350	117
350	252
350	290
350	751
350	886
351	183
351	925
351	957
351	976
351	984
352	735
352	815
352	922
352	994
352	995
353	372
353	574
353	805
353	901
353	933
354	218
354	495
354	529
354	816
354	958
355	465
355	855
355	936
355	973
355	976
356	244
356	575
356	846
356	858
356	1000
357	393
357	968
357	978
357	996
357	997
358	256
358	410
358	651
358	869
358	994
359	203
359	533
359	535
359	708
359	850
360	879
360	892
360	957
360	989
360	994
361	448
361	451
361	904
361	934
361	996
362	168
362	685
362	711
362	851
362	953
363	549
363	840
363	916
363	984
363	992
364	60
364	439
364	884
364	904
364	913
365	203
365	628
365	704
365	755
365	973
366	451
366	970
366	988
366	996
366	998
367	263
367	650
367	703
367	831
367	885
368	54
368	131
368	640
368	879
368	989
369	10
369	498
369	848
369	957
369	976
370	104
370	429
370	675
370	975
370	994
371	138
371	804
371	814
371	864
371	967
372	214
372	353
372	502
372	690
372	692
373	497
373	556
373	616
373	734
373	881
374	865
374	916
374	937
374	968
374	981
375	859
375	890
375	918
375	928
375	971
376	598
376	877
376	935
376	962
376	980
376	995
377	198
377	502
377	681
377	930
377	962
377	980
378	348
378	438
378	628
378	652
378	979
378	982
379	735
379	747
379	754
379	911
379	932
379	973
380	600
380	693
380	750
380	933
380	987
380	993
381	233
381	500
381	845
381	898
381	948
381	983
382	34
382	807
382	870
382	923
382	956
382	960
383	491
383	588
383	619
383	678
383	960
383	982
384	463
384	534
384	582
384	867
384	875
384	910
385	503
385	632
385	827
385	838
385	920
385	932
386	468
386	815
386	876
386	915
386	975
386	979
387	626
387	914
387	941
387	978
387	997
387	998
388	514
388	770
388	849
388	892
388	938
388	965
389	528
389	618
389	796
389	832
389	963
389	986
390	180
390	509
390	516
390	757
390	834
390	929
391	494
391	755
391	791
391	914
391	964
391	973
392	339
392	405
392	608
392	828
392	865
392	963
393	357
393	427
393	886
393	939
393	947
393	954
394	234
394	545
394	663
394	837
394	948
394	953
395	411
395	431
395	517
395	921
395	958
395	984
396	44
396	326
396	625
396	959
396	975
396	994
397	672
397	682
397	726
397	734
397	829
397	864
398	79
398	529
398	796
398	813
398	893
398	985
399	59
399	434
399	519
399	526
399	948
399	976
400	458
400	493
400	776
400	849
400	860
400	970
401	415
401	627
401	701
401	702
401	895
401	948
402	443
402	727
402	763
402	812
402	965
402	983
403	11
403	12
403	544
403	551
403	761
403	917
404	594
404	673
404	686
404	776
404	945
404	981
405	265
405	344
405	392
405	614
405	745
405	865
406	431
406	581
406	656
406	784
406	812
406	821
407	284
407	294
407	430
407	503
407	630
407	963
408	245
408	767
408	858
408	890
408	966
408	996
409	247
409	268
409	294
409	413
409	751
409	892
410	358
410	620
410	867
410	917
410	960
410	982
411	395
411	666
411	727
411	919
411	971
411	985
412	176
412	803
412	882
412	958
412	961
412	962
413	321
413	322
413	409
413	694
413	957
413	994
414	10
414	416
414	584
414	934
414	965
414	983
415	11
415	31
415	401
415	714
415	883
415	951
416	6
416	20
416	193
416	226
416	414
416	971
417	478
417	566
417	765
417	858
417	977
417	997
418	533
418	574
418	647
418	650
418	945
418	987
419	238
419	498
419	678
419	751
419	862
419	906
420	35
420	710
420	846
420	959
420	989
420	999
421	310
421	328
421	620
421	989
421	994
421	1000
422	578
422	642
422	942
422	949
422	955
422	999
423	265
423	582
423	778
423	784
423	875
423	903
424	122
424	605
424	754
424	917
424	940
424	1000
425	115
425	204
425	584
425	897
425	994
425	999
426	526
426	665
426	923
426	937
426	943
426	954
427	393
427	827
427	863
427	886
427	903
427	943
428	5
428	158
428	214
428	335
428	627
428	637
429	86
429	331
429	370
429	619
429	691
429	803
430	407
430	435
430	466
430	716
430	970
430	998
431	126
431	395
431	406
431	473
431	816
431	987
432	273
432	434
432	567
432	743
432	929
432	994
433	75
433	474
433	682
433	802
433	818
433	997
434	18
434	399
434	432
434	822
434	879
434	885
435	430
435	585
435	841
435	865
435	880
435	970
436	231
436	760
436	835
436	839
436	985
436	986
437	21
437	719
437	721
437	802
437	838
437	896
438	186
438	378
438	788
438	850
438	945
438	979
439	113
439	364
439	873
439	904
439	941
439	950
440	309
440	453
440	564
440	710
440	939
440	973
441	58
441	128
441	631
441	657
441	701
441	904
442	182
442	800
442	802
442	814
442	882
442	967
443	402
443	580
443	784
443	793
443	910
443	971
444	708
444	723
444	977
444	978
444	996
444	998
445	205
445	588
445	592
445	907
445	966
445	982
446	621
446	866
446	890
446	895
446	977
446	978
447	42
447	717
447	830
447	843
447	979
447	988
448	361
448	588
448	648
448	683
448	878
448	994
449	571
449	950
449	969
449	996
449	997
449	999
450	9
450	717
450	822
450	949
450	971
450	999
451	361
451	366
451	868
451	940
451	966
451	998
452	759
452	890
452	959
452	989
452	994
452	1000
453	94
453	440
453	615
453	652
453	934
453	965
454	494
454	802
454	879
454	892
454	958
454	994
455	785
455	787
455	826
455	857
455	986
455	995
456	5
456	615
456	847
456	926
456	972
456	999
457	151
457	565
457	791
457	805
457	911
457	932
458	400
458	773
458	796
458	965
458	970
458	991
459	119
459	321
459	478
459	799
459	983
459	984
460	293
460	909
460	925
460	947
460	965
460	976
461	625
461	753
461	946
461	959
461	969
461	981
462	164
462	166
462	804
462	867
462	960
462	982
463	149
463	165
463	245
463	276
463	384
463	640
464	594
464	602
464	608
464	609
464	975
464	988
465	240
465	355
465	636
465	693
465	697
465	838
466	13
466	430
466	782
466	811
466	966
466	983
467	15
467	224
467	539
467	816
467	852
467	958
468	127
468	386
468	568
468	952
468	968
468	986
469	106
469	764
469	824
469	950
469	997
469	998
470	506
470	656
470	840
470	934
470	938
470	984
471	588
471	705
471	712
471	892
471	917
471	989
472	731
472	764
472	906
472	911
472	934
472	987
473	431
473	482
473	495
473	977
473	984
473	1000
474	211
474	219
474	318
474	433
474	553
474	814
475	165
475	646
475	771
475	857
475	871
475	880
476	160
476	722
476	798
476	801
476	889
476	969
477	218
477	284
477	782
477	787
477	963
477	964
478	98
478	417
478	459
478	790
478	958
478	984
479	279
479	737
479	745
479	897
479	948
479	989
480	566
480	697
480	941
480	947
480	977
480	997
481	236
481	335
481	890
481	905
481	987
481	998
482	473
482	684
482	816
482	936
482	964
482	984
483	636
483	769
483	824
483	936
483	939
483	979
484	557
484	746
484	949
484	960
484	964
484	973
485	645
485	829
485	846
485	875
485	879
485	957
486	255
486	332
486	564
486	808
486	926
486	982
487	112
487	241
487	262
487	348
487	969
487	995
488	144
488	626
488	699
488	737
488	822
488	898
489	228
489	251
489	776
489	785
489	915
489	945
490	236
490	516
490	626
490	764
490	885
490	957
491	383
491	578
491	695
491	869
491	870
491	960
492	97
492	582
492	640
492	707
492	875
492	944
493	90
493	294
493	400
493	635
493	963
493	987
494	391
494	454
494	539
494	545
494	603
494	992
494	1000
495	354
495	473
495	695
495	797
495	823
495	971
495	984
496	42
496	336
496	712
496	739
496	855
496	918
496	994
497	38
497	373
497	736
497	863
497	881
497	928
497	944
498	43
498	369
498	419
498	898
498	908
498	958
498	983
499	509
499	589
499	882
499	930
499	961
499	990
499	995
500	381
500	638
500	693
500	718
500	787
500	898
500	938
501	126
501	896
501	919
501	940
501	944
501	967
501	981
502	275
502	372
502	377
502	544
502	584
502	863
502	905
503	385
503	407
503	712
503	738
503	989
503	994
503	1000
504	24
504	214
504	572
504	920
504	932
504	937
504	992
505	91
505	913
505	935
505	944
505	980
505	987
505	990
506	470
506	542
506	763
506	765
506	840
506	894
506	992
507	669
507	786
507	881
507	910
507	925
507	960
507	982
508	308
508	331
508	593
508	694
508	892
508	956
508	958
509	390
509	499
509	659
509	818
509	840
509	902
509	995
510	696
510	809
510	856
510	902
510	950
510	996
510	997
511	293
511	622
511	770
511	935
511	961
511	980
511	990
512	760
512	857
512	921
512	922
512	948
512	978
512	993
513	141
513	776
513	855
513	861
513	871
513	884
513	995
514	306
514	388
514	573
514	741
514	854
514	891
514	989
515	310
515	649
515	781
515	898
515	948
515	972
515	991
516	390
516	490
516	587
516	612
516	818
516	929
516	965
517	6
517	395
517	649
517	656
517	963
517	984
517	992
518	259
518	314
518	606
518	643
518	781
518	927
518	993
519	261
519	399
519	819
519	844
519	936
519	962
519	998
520	329
520	597
520	780
520	813
520	826
520	945
520	956
521	25
521	750
521	792
521	937
521	943
521	947
521	977
522	641
522	859
522	864
522	910
522	918
522	962
522	972
523	132
523	215
523	612
523	826
523	839
523	861
523	975
524	606
524	627
524	637
524	921
524	928
524	951
524	953
525	770
525	824
525	942
525	951
525	972
525	987
525	999
526	16
526	399
526	426
526	563
526	798
526	885
526	957
527	316
527	675
527	694
527	809
527	846
527	897
527	954
528	389
528	760
528	873
528	883
528	884
528	914
528	991
529	354
529	398
529	727
529	810
529	931
529	968
529	986
530	203
530	694
530	752
530	839
530	891
530	982
530	986
531	702
531	779
531	807
531	842
531	869
531	946
531	1000
532	541
532	634
532	801
532	845
532	867
532	870
532	923
533	359
533	418
533	891
533	916
533	950
533	952
533	981
534	384
534	623
534	707
534	784
534	820
534	875
534	947
535	359
535	836
535	942
535	951
535	971
535	972
535	999
536	329
536	626
536	661
536	902
536	929
536	930
536	957
537	263
537	555
537	558
537	832
537	860
537	946
537	963
538	598
538	639
538	653
538	789
538	829
538	939
538	964
539	53
539	169
539	220
539	467
539	494
539	728
539	818
540	28
540	768
540	795
540	889
540	902
540	910
540	925
541	532
541	740
541	843
541	922
541	931
541	979
541	995
542	237
542	506
542	554
542	669
542	697
542	894
542	958
543	12
543	245
543	346
543	722
543	773
543	782
543	832
544	36
544	403
544	502
544	651
544	906
544	908
544	959
545	394
545	494
545	726
545	790
545	879
545	990
545	994
546	287
546	641
546	705
546	790
546	828
546	929
546	946
547	579
547	724
547	814
547	841
547	864
547	881
547	940
548	22
548	335
548	563
548	644
548	854
548	917
548	933
549	70
549	306
549	363
549	828
549	943
549	946
549	989
550	194
550	645
550	686
550	892
550	989
550	996
550	1000
551	403
551	624
551	816
551	821
551	848
551	960
551	984
552	7
552	564
552	588
552	633
552	713
552	803
552	936
553	474
553	808
553	891
553	907
553	960
553	982
553	989
554	542
554	658
554	721
554	830
554	848
554	853
554	984
555	537
555	765
555	913
555	919
555	933
555	939
555	986
556	154
556	373
556	816
556	833
556	883
556	894
556	992
557	46
557	484
557	628
557	686
557	789
557	798
557	901
558	211
558	537
558	618
558	700
558	833
558	901
558	970
559	805
559	827
559	901
559	911
559	932
559	943
559	984
560	250
560	685
560	759
560	805
560	827
560	911
560	932
561	812
561	908
561	934
561	938
561	952
561	987
561	996
562	341
562	898
562	906
562	908
562	933
562	934
562	956
563	526
563	548
563	654
563	731
563	898
563	983
563	990
564	440
564	486
564	552
564	939
564	964
564	973
564	974
565	209
565	457
565	716
565	753
565	779
565	795
565	879
566	208
566	417
566	480
566	676
566	850
566	874
566	980
567	329
567	432
567	729
567	810
567	872
567	879
567	956
568	468
568	677
568	764
568	767
568	966
568	978
568	997
569	108
569	626
569	650
569	682
569	957
569	964
569	976
570	333
570	641
570	831
570	843
570	942
570	951
570	999
571	255
571	449
571	665
571	736
571	937
571	940
571	954
572	324
572	504
572	805
572	911
572	920
572	932
572	977
573	153
573	184
573	514
573	774
573	849
573	965
573	988
574	100
574	338
574	353
574	418
574	715
574	811
574	906
574	983
575	18
575	338
575	356
575	691
575	869
575	927
575	978
575	993
576	329
576	712
576	729
576	765
576	919
576	951
576	952
576	985
577	14
577	748
577	788
577	857
577	889
577	945
577	975
577	988
578	164
578	176
578	324
578	422
578	491
578	648
578	807
578	995
579	153
579	547
579	724
579	754
579	906
579	972
579	983
579	987
580	70
580	76
580	155
580	443
580	949
580	951
580	955
580	972
581	41
581	406
581	642
581	695
581	721
581	812
581	921
581	967
582	384
582	423
582	492
582	707
582	763
582	784
582	875
582	993
583	225
583	770
583	868
583	944
583	961
583	962
583	990
583	1000
584	97
584	414
584	425
584	502
584	601
584	647
584	726
584	815
585	242
585	435
585	706
585	862
585	921
585	938
585	991
585	993
586	212
586	216
586	720
586	900
586	950
586	969
586	996
586	997
587	90
587	322
587	516
587	670
587	786
587	845
587	960
587	982
588	383
588	445
588	448
588	471
588	552
588	907
588	923
588	990
589	499
589	717
589	837
589	877
589	944
589	952
589	980
589	990
590	706
590	730
590	862
590	920
590	927
590	948
590	953
590	991
591	42
591	172
591	303
591	674
591	789
591	841
591	863
591	874
592	445
592	821
592	833
592	840
592	852
592	981
592	992
592	993
593	42
593	115
593	119
593	508
593	753
593	822
593	829
593	962
594	404
594	464
594	649
594	829
594	861
594	979
594	988
594	995
595	611
595	776
595	884
595	922
595	939
595	943
595	979
595	995
596	726
596	741
596	812
596	820
596	823
596	898
596	938
596	987
597	520
597	708
597	827
597	836
597	968
597	981
597	985
597	991
598	223
598	376
598	538
598	660
598	873
598	921
598	991
598	993
599	660
599	708
599	808
599	827
599	887
599	916
599	956
599	986
600	69
600	89
600	380
600	645
600	754
600	763
600	840
600	997
601	61
601	140
601	238
601	584
601	754
601	895
601	907
601	965
602	464
602	662
602	714
602	857
602	911
602	975
602	988
602	995
603	18
603	311
603	321
603	494
603	738
603	911
603	962
603	1000
604	103
604	227
604	607
604	615
604	623
604	825
604	875
604	888
605	250
605	319
605	424
605	672
605	674
605	876
605	982
605	997
606	54
606	299
606	518
606	524
606	760
606	953
606	973
606	993
607	227
607	265
607	312
607	325
607	604
607	623
607	772
607	784
608	174
608	392
608	464
608	618
608	764
608	782
608	970
608	986
609	464
609	765
609	783
609	893
609	916
609	952
609	956
609	998
610	247
610	739
610	828
610	859
610	879
610	975
610	982
610	989
611	595
611	647
611	830
611	945
611	975
611	985
611	988
611	995
612	516
612	523
612	658
612	743
612	818
612	835
612	889
612	909
613	46
613	713
613	764
613	792
613	855
613	905
613	971
613	973
614	138
614	405
614	773
614	823
614	832
614	938
614	970
614	996
615	199
615	453
615	456
615	604
615	651
615	921
615	983
615	987
616	289
616	373
616	635
616	674
616	682
616	739
616	863
616	981
617	302
617	689
617	710
617	791
617	899
617	901
617	973
617	993
618	389
618	558
618	608
618	787
618	860
618	924
618	963
618	990
619	383
619	429
619	694
619	742
619	846
619	869
619	972
619	1000
620	156
620	410
620	421
620	634
620	794
620	808
620	878
620	888
621	115
621	252
621	301
621	446
621	836
621	943
621	954
621	979
622	511
622	670
622	696
622	744
622	804
622	806
622	814
622	896
623	534
623	604
623	607
623	640
623	784
623	918
623	986
623	998
624	551
624	688
624	725
624	852
624	872
624	958
624	979
624	992
625	396
625	461
625	738
625	746
625	900
625	984
625	989
625	994
626	387
626	488
626	490
626	536
626	569
626	728
626	954
626	972
627	58
627	345
627	401
627	428
627	524
627	650
627	883
627	993
628	365
628	378
628	557
628	789
628	846
628	939
628	964
628	973
629	167
629	690
629	877
629	944
629	961
629	962
629	980
629	990
630	301
630	407
630	842
630	876
630	903
630	943
630	947
630	961
631	65
631	441
631	635
631	663
631	873
631	897
631	912
631	953
632	68
632	283
632	331
632	385
632	735
632	804
632	911
632	932
633	552
633	783
633	864
633	895
633	950
633	969
633	974
633	978
634	532
634	620
634	648
634	688
634	779
634	786
634	893
634	923
634	982
635	493
635	616
635	631
635	704
635	762
635	811
635	856
635	880
635	963
636	26
636	39
636	241
636	465
636	483
636	724
636	838
636	863
636	876
637	111
637	428
637	524
637	680
637	766
637	830
637	883
637	914
637	948
638	137
638	297
638	500
638	832
638	930
638	944
638	961
638	980
638	990
639	2
639	107
639	266
639	538
639	690
639	770
639	824
639	973
639	998
640	139
640	227
640	368
640	463
640	492
640	623
640	738
640	784
640	830
641	31
641	522
641	546
641	570
641	853
641	910
641	942
641	949
641	957
642	422
642	581
642	693
642	773
642	799
642	850
642	852
642	912
642	992
643	518
643	747
643	758
643	827
643	911
643	920
643	932
643	951
643	972
644	135
644	548
644	680
644	711
644	766
644	851
644	932
644	991
644	993
645	304
645	485
645	550
645	600
645	686
645	761
645	986
645	994
645	1000
646	148
646	475
646	786
646	799
646	833
646	852
646	984
646	992
646	995
647	257
647	418
647	584
647	611
647	726
647	749
647	930
647	933
647	938
648	164
648	297
648	448
648	578
648	634
648	844
648	878
648	982
648	993
649	146
649	515
649	517
649	594
649	837
649	912
649	958
649	984
649	992
650	230
650	367
650	418
650	569
650	627
650	798
650	882
650	929
650	976
651	358
651	544
651	615
651	726
651	849
651	892
651	934
651	965
651	976
652	259
652	378
652	453
652	861
652	915
652	917
652	922
652	977
652	995
653	223
653	334
653	538
653	657
653	663
653	758
653	781
653	851
653	914
654	14
654	563
654	693
654	726
654	731
654	854
654	860
654	902
654	987
655	81
655	336
655	749
655	756
655	808
655	921
655	949
655	951
655	971
656	15
656	311
656	406
656	470
656	517
656	721
656	916
656	924
656	930
657	136
657	441
657	653
657	735
657	837
657	927
657	931
657	934
657	991
658	554
658	612
658	668
658	848
658	871
658	912
658	958
658	988
658	992
659	182
659	509
659	703
659	728
659	734
659	819
659	822
659	911
659	929
660	96
660	598
660	599
660	710
660	774
660	781
660	851
660	931
660	948
661	152
661	169
661	237
661	536
661	708
661	795
661	860
661	869
661	902
662	257
662	602
662	723
662	877
662	930
662	944
662	961
662	962
662	990
663	28
663	30
663	394
663	631
663	653
663	904
663	963
663	974
663	993
664	120
664	667
664	868
664	930
664	933
664	935
664	962
664	980
664	990
665	65
665	155
665	426
665	571
665	743
665	842
665	937
665	943
665	997
666	248
666	411
666	768
666	780
666	877
666	916
666	956
666	985
666	989
667	117
667	664
667	698
667	729
667	782
667	787
667	796
667	860
667	880
668	29
668	46
668	658
668	695
668	715
668	799
668	859
668	912
668	992
669	123
669	507
669	542
669	807
669	870
669	923
669	935
669	960
669	982
670	209
670	343
670	587
670	622
670	784
670	896
670	913
670	917
670	940
671	303
671	713
671	802
671	804
671	810
671	841
671	881
671	967
671	970
672	32
672	172
672	261
672	397
672	605
672	771
672	806
672	914
672	917
673	95
673	404
673	793
673	922
673	945
673	950
673	954
673	975
673	995
674	95
674	303
674	591
674	605
674	616
674	782
674	841
674	876
674	996
675	370
675	527
675	699
675	753
675	789
675	790
675	809
675	913
675	1000
676	15
676	45
676	97
676	237
676	566
676	684
676	912
676	962
676	984
677	7
677	568
677	820
677	844
677	978
677	991
677	996
677	997
677	998
678	48
678	89
678	94
678	383
678	419
678	961
678	983
678	987
678	1000
679	264
679	725
679	810
679	813
679	896
679	934
679	956
679	968
679	999
680	33
680	61
680	325
680	637
680	644
680	873
680	900
680	948
680	967
681	83
681	377
681	818
681	839
681	855
681	930
681	935
681	962
681	990
682	289
682	397
682	433
682	569
682	616
682	734
682	896
682	913
682	952
683	448
683	794
683	845
683	855
683	923
683	960
683	966
683	982
683	987
684	211
684	238
684	252
684	482
684	676
684	816
684	852
684	984
684	992
685	362
685	560
685	717
685	727
685	737
685	823
685	887
685	891
685	913
686	149
686	268
686	404
686	550
686	557
686	645
686	742
686	834
686	989
687	169
687	313
687	842
687	862
687	873
687	886
687	921
687	991
687	993
688	109
688	624
688	634
688	746
688	793
688	910
688	918
688	951
688	972
689	80
689	617
689	816
689	858
689	887
689	950
689	978
689	997
689	998
690	100
690	372
690	629
690	639
690	740
690	855
690	901
690	939
690	961
691	429
691	575
691	727
691	745
691	829
691	869
691	878
691	950
691	994
692	105
692	372
692	790
692	877
692	930
692	935
692	961
692	980
692	990
693	380
693	465
693	500
693	642
693	654
693	731
693	849
693	884
693	932
693	965
694	413
694	508
694	527
694	530
694	619
694	959
694	970
694	979
694	989
694	1000
695	29
695	37
695	249
695	491
695	495
695	581
695	668
695	807
695	954
695	992
696	510
696	622
696	732
696	965
696	966
696	974
696	977
696	978
696	992
696	998
697	278
697	465
697	480
697	542
697	800
697	804
697	838
697	864
697	895
697	914
698	102
698	667
698	811
698	860
698	865
698	880
698	943
698	961
698	970
698	983
699	91
699	488
699	675
699	740
699	834
699	844
699	885
699	893
699	905
699	925
700	67
700	344
700	558
700	860
700	865
700	880
700	938
700	963
700	970
700	973
701	401
701	441
701	759
701	760
701	771
701	798
701	819
701	898
701	953
701	993
702	43
702	124
702	286
702	401
702	531
702	893
702	924
702	952
702	968
702	986
703	36
703	64
703	293
703	367
703	659
703	816
703	818
703	957
703	976
703	977
704	143
704	344
704	365
704	635
704	762
704	832
704	841
704	860
704	963
704	991
705	120
705	276
705	471
705	546
705	738
705	892
705	938
705	946
705	959
705	975
706	229
706	298
706	585
706	590
706	723
706	759
706	821
706	837
706	945
706	1000
707	103
707	139
707	301
707	492
707	534
707	582
707	784
707	875
707	949
707	986
708	359
708	444
708	597
708	599
708	661
708	725
708	774
708	924
708	974
708	996
709	109
709	110
709	247
709	793
709	853
709	928
709	931
709	944
709	971
709	999
710	77
710	243
710	420
710	440
710	617
710	660
710	899
710	954
710	964
710	973
711	101
711	313
711	347
711	362
711	644
711	837
711	851
711	925
711	936
711	953
712	174
712	244
712	471
712	496
712	503
712	576
712	737
712	745
712	946
712	986
713	198
713	204
713	552
713	613
713	671
713	746
713	899
713	936
713	939
713	962
714	340
714	415
714	602
714	852
714	860
714	873
714	914
714	985
714	991
714	993
715	50
715	239
715	574
715	668
715	718
715	762
715	772
715	854
715	905
715	965
716	99
716	217
716	430
716	565
716	739
716	790
716	959
716	972
716	989
716	994
717	447
717	450
717	589
717	685
717	810
717	813
717	839
717	956
717	981
717	985
718	500
718	715
718	812
718	898
718	908
718	914
718	933
718	934
718	962
718	989
719	114
719	229
719	437
719	725
719	774
719	780
719	783
719	839
719	873
719	968
720	41
720	224
720	248
720	274
720	586
720	891
720	893
720	916
720	985
720	999
721	147
721	437
721	554
721	581
721	656
721	817
721	833
721	894
721	912
721	992
722	225
722	254
722	273
722	476
722	543
722	768
722	819
722	976
722	980
722	988
723	72
723	123
723	280
723	342
723	444
723	662
723	706
723	837
723	927
723	991
724	188
724	236
724	547
724	579
724	636
724	726
724	844
724	908
724	934
724	983
725	624
725	679
725	708
725	719
725	811
725	956
725	968
725	981
725	985
725	987
726	397
726	545
726	584
726	596
726	647
726	651
726	654
726	724
726	741
726	977
727	167
727	402
727	411
727	529
727	685
727	691
727	780
727	956
727	981
727	985
728	2
728	332
728	340
728	539
728	626
728	659
728	795
728	928
728	929
728	976
729	567
729	576
729	667
729	738
729	810
729	893
729	919
729	960
729	961
729	986
730	22
730	235
730	315
730	590
730	857
730	884
730	888
730	915
730	979
730	995
731	472
731	563
731	654
731	693
731	849
731	864
731	906
731	938
731	939
731	981
731	987
732	62
732	696
732	746
732	764
732	782
732	811
732	900
732	904
732	969
732	977
732	997
733	210
733	281
733	742
733	745
733	809
733	919
733	943
733	959
733	985
733	994
733	1000
734	110
734	278
734	373
734	397
734	659
734	682
734	838
734	882
734	917
734	967
734	1000
735	68
735	352
735	379
735	632
735	657
735	758
735	805
735	920
735	927
735	932
735	984
736	189
736	206
736	243
736	497
736	571
736	742
736	903
736	947
736	954
736	964
736	982
737	159
737	281
737	479
737	488
737	685
737	712
737	897
737	946
737	989
737	990
737	999
738	115
738	503
738	603
738	625
738	640
738	705
738	729
738	808
738	940
738	959
738	1000
739	23
739	496
739	610
739	616
739	716
739	790
739	959
739	960
739	986
739	989
739	995
740	100
740	105
740	323
740	541
740	690
740	699
740	825
740	946
740	964
740	973
740	999
741	183
741	514
741	596
741	726
741	777
741	877
741	898
741	908
741	933
741	946
741	983
742	619
742	686
742	733
742	736
742	750
742	809
742	874
742	892
742	964
742	989
742	1000
743	184
743	334
743	432
743	612
743	665
743	889
743	897
743	909
743	929
743	957
743	987
744	80
744	622
744	775
744	836
744	858
744	911
744	941
744	966
744	969
744	974
744	989
745	256
745	405
745	479
745	691
745	712
745	733
745	861
745	879
745	976
745	989
745	1000
746	253
746	484
746	625
746	688
746	713
746	732
746	791
746	899
746	939
746	941
746	964
747	199
747	213
747	379
747	643
747	758
747	827
747	911
747	920
747	932
747	936
747	940
748	270
748	577
748	795
748	798
748	801
748	818
748	819
748	852
748	929
748	966
748	996
749	328
749	647
749	655
749	839
749	926
749	949
749	951
749	955
749	971
749	972
749	973
750	314
750	380
750	521
750	742
750	759
750	814
750	883
750	927
750	931
750	948
750	991
751	350
751	409
751	419
751	831
751	918
751	926
751	928
751	949
751	951
751	971
751	999
752	161
752	530
752	937
752	950
752	965
752	969
752	974
752	977
752	996
752	997
752	998
753	82
753	345
753	461
753	565
753	593
753	675
753	809
753	934
753	946
753	957
753	992
754	17
754	379
754	424
754	579
754	600
754	601
754	763
754	793
754	868
754	933
754	983
754	987
755	105
755	181
755	269
755	308
755	365
755	391
755	769
755	824
755	851
755	901
755	952
755	981
756	299
756	655
756	778
756	853
756	889
756	926
756	940
756	951
756	971
756	972
756	991
756	999
757	7
757	39
757	127
757	202
757	250
757	390
757	792
757	800
757	858
757	936
757	939
757	964
758	24
758	266
758	643
758	653
758	735
758	747
758	827
758	911
758	920
758	932
758	949
758	966
759	58
759	284
759	452
759	560
759	701
759	706
759	750
759	837
759	873
759	921
759	948
759	999
760	436
760	512
760	528
760	606
760	701
760	837
760	873
760	909
760	920
760	931
760	947
760	993
761	197
761	235
761	341
761	403
761	645
761	854
761	864
761	876
761	881
761	909
761	955
761	967
762	147
762	635
762	704
762	715
762	772
762	773
762	832
762	860
762	865
762	963
762	970
762	971
763	48
763	309
763	402
763	506
763	582
763	600
763	754
763	849
763	887
763	908
763	920
763	965
764	469
764	472
764	490
764	568
764	608
764	613
764	732
764	858
764	941
764	966
764	969
764	977
765	160
765	224
765	417
765	506
765	555
765	576
765	609
765	783
765	823
765	924
765	948
765	986
766	178
766	233
766	301
766	333
766	637
766	644
766	857
766	921
766	927
766	931
766	993
766	994
767	197
767	241
767	260
767	408
767	568
767	800
767	881
767	896
767	902
767	917
767	967
767	998
768	91
768	143
768	279
768	540
768	666
768	722
768	829
768	848
768	909
768	925
768	929
768	988
769	3
769	483
769	755
769	811
769	843
769	855
769	878
769	885
769	899
769	901
769	936
769	964
770	388
770	511
770	525
770	583
770	639
770	777
770	882
770	961
770	962
770	973
770	980
770	990
771	475
771	672
771	701
771	843
771	861
771	884
771	888
771	947
771	952
771	975
771	979
771	995
772	607
772	715
772	762
772	786
772	794
772	808
772	828
772	867
772	878
772	907
772	960
772	982
773	264
773	292
773	458
773	543
773	614
773	642
773	762
773	781
773	782
773	880
773	886
773	970
774	179
774	573
774	660
774	708
774	719
774	828
774	851
774	887
774	924
774	952
774	981
774	985
775	744
775	779
775	842
775	850
775	874
775	895
775	915
775	966
775	977
775	988
775	996
775	998
776	87
776	400
776	404
776	489
776	513
776	595
776	821
776	830
776	843
776	975
776	988
776	997
777	741
777	770
777	813
777	828
777	850
777	856
777	935
777	944
777	961
777	962
777	980
777	990
778	423
778	756
778	853
778	859
778	899
778	922
778	928
778	949
778	955
778	972
778	997
778	999
779	181
779	531
779	565
779	634
779	775
779	828
779	829
779	834
779	869
779	892
779	959
779	994
780	287
780	520
780	666
780	719
780	727
780	839
780	949
780	952
780	953
780	956
780	962
780	985
781	25
781	515
781	518
781	653
781	660
781	773
781	851
781	894
781	927
781	953
781	987
781	991
782	466
782	477
782	543
782	608
782	667
782	674
782	732
782	773
782	865
782	915
782	943
782	963
783	609
783	633
783	719
783	765
783	792
783	835
783	856
783	891
783	919
783	968
783	981
783	983
784	227
784	329
784	406
784	423
784	443
784	534
784	582
784	607
784	623
784	640
784	670
784	707
784	875
785	132
785	148
785	173
785	455
785	489
785	790
785	826
785	860
785	890
785	915
785	945
785	975
785	995
786	156
786	507
786	587
786	634
786	646
786	772
786	866
786	867
786	907
786	942
786	956
786	960
786	982
787	260
787	284
787	455
787	477
787	500
787	618
787	667
787	811
787	832
787	865
787	866
787	963
787	995
788	160
788	438
788	577
788	820
788	857
788	861
788	915
788	946
788	955
788	971
788	975
788	979
788	988
789	231
789	251
789	253
789	538
789	557
789	591
789	628
789	675
789	791
789	825
789	870
789	899
789	973
790	478
790	545
790	546
790	675
790	692
790	716
790	739
790	785
790	809
790	835
790	869
790	881
790	994
791	77
791	100
791	391
791	457
791	617
791	746
791	789
791	818
791	824
791	925
791	969
791	973
791	987
792	201
792	521
792	613
792	757
792	783
792	803
792	824
792	901
792	936
792	939
792	968
792	982
792	993
793	69
793	237
793	316
793	443
793	673
793	688
793	709
793	754
793	918
793	926
793	928
793	971
793	999
794	272
794	323
794	620
794	683
794	772
794	845
794	867
794	870
794	907
794	951
794	960
794	966
794	982
795	163
795	184
795	335
795	540
795	565
795	661
795	728
795	748
795	798
795	818
795	885
795	942
795	957
796	174
796	271
796	346
796	389
796	398
796	458
796	667
796	811
796	895
796	955
796	963
796	970
796	978
797	44
797	49
797	101
797	190
797	495
797	816
797	817
797	866
797	903
797	934
797	943
797	947
797	968
798	254
798	476
798	526
798	557
798	650
798	701
798	748
798	795
798	819
798	882
798	925
798	957
798	973
799	8
799	459
799	642
799	646
799	668
799	820
799	833
799	848
799	872
799	873
799	963
799	984
799	993
800	75
800	442
800	697
800	757
800	767
800	806
800	841
800	902
800	917
800	930
800	940
800	954
800	967
801	27
801	39
801	178
801	476
801	532
801	748
801	819
801	834
801	902
801	909
801	957
801	976
801	991
802	163
802	172
802	260
802	286
802	433
802	437
802	442
802	454
802	671
802	896
802	954
802	962
802	993
803	121
803	323
803	412
803	429
803	552
803	792
803	806
803	824
803	831
803	936
803	964
803	967
803	973
804	219
804	371
804	462
804	622
804	632
804	671
804	697
804	838
804	849
804	863
804	917
804	967
804	979
805	47
805	244
805	353
805	457
805	559
805	560
805	572
805	735
805	827
805	856
805	911
805	920
805	932
805	934
806	141
806	156
806	211
806	622
806	672
806	800
806	803
806	814
806	881
806	917
806	918
806	967
806	969
806	983
807	90
807	208
807	332
807	382
807	531
807	578
807	669
807	695
807	808
807	845
807	870
807	923
807	930
807	955
808	486
808	553
808	599
808	620
808	655
808	738
808	772
808	807
808	867
808	870
808	907
808	922
808	982
808	992
809	219
809	510
809	527
809	675
809	733
809	742
809	753
809	790
809	867
809	920
809	924
809	946
809	989
809	994
810	529
810	567
810	671
810	679
810	717
810	729
810	812
810	872
810	887
810	893
810	924
810	938
810	976
810	986
811	13
811	346
811	466
811	574
811	635
811	698
811	725
811	732
811	769
811	787
811	796
811	860
811	881
811	970
812	63
812	82
812	402
812	406
812	561
812	581
812	596
812	718
812	810
812	849
812	898
812	982
812	983
812	987
813	320
813	398
813	520
813	679
813	717
813	777
813	823
813	893
813	916
813	926
813	949
813	952
813	985
813	993
814	241
814	371
814	442
814	474
814	547
814	622
814	750
814	806
814	883
814	908
814	917
814	940
814	964
814	976
815	45
815	106
815	174
815	222
815	281
815	352
815	386
815	584
815	888
815	915
815	961
815	965
815	988
815	995
816	354
816	431
816	467
816	482
816	551
816	556
816	684
816	689
816	703
816	797
816	885
816	894
816	908
816	992
817	25
817	190
817	243
817	721
817	797
817	866
817	886
817	894
817	909
817	924
817	937
817	947
817	954
817	995
818	10
818	433
818	509
818	516
818	539
818	612
818	681
818	703
818	748
818	791
818	795
818	909
818	976
818	992
819	16
819	53
819	519
819	659
819	701
819	722
819	748
819	798
819	801
819	844
819	909
819	951
819	952
819	969
820	128
820	167
820	300
820	534
820	596
820	677
820	788
820	799
820	900
820	941
820	969
820	974
820	996
820	997
821	1
821	41
821	97
821	311
821	406
821	551
821	592
821	706
821	776
821	872
821	912
821	928
821	986
821	999
822	70
822	434
822	450
822	488
822	593
822	659
822	844
822	885
822	902
822	909
822	957
822	960
822	975
822	976
823	52
823	210
823	339
823	495
823	596
823	614
823	685
823	765
823	813
823	913
823	924
823	956
823	977
823	981
824	118
824	266
824	302
824	469
824	483
824	525
824	639
824	755
824	791
824	792
824	803
824	901
824	973
824	991
825	105
825	215
825	320
825	604
825	740
825	789
825	855
825	899
825	909
825	925
825	936
825	939
825	964
825	973
826	197
826	455
826	520
826	523
826	785
826	878
826	906
826	915
826	922
826	945
826	975
826	979
826	988
826	999
827	157
827	385
827	427
827	559
827	560
827	597
827	599
827	643
827	747
827	758
827	805
827	861
827	920
827	932
827	942
828	54
828	104
828	392
828	546
828	549
828	610
828	772
828	774
828	777
828	779
828	869
828	940
828	959
828	994
828	1000
829	159
829	281
829	338
829	397
829	485
829	538
829	593
829	594
829	691
829	768
829	779
829	959
829	989
829	997
829	1000
830	107
830	300
830	447
830	554
830	611
830	637
830	640
830	776
830	871
830	888
830	915
830	975
830	980
830	990
830	995
831	193
831	367
831	570
831	751
831	803
831	853
831	898
831	907
831	910
831	942
831	949
831	955
831	971
831	994
831	999
832	267
832	389
832	537
832	543
832	614
832	638
832	704
832	762
832	787
832	865
832	964
832	970
832	978
832	981
832	990
833	317
833	556
833	558
833	592
833	646
833	721
833	799
833	837
833	840
833	847
833	872
833	933
833	984
833	992
833	995
834	261
834	293
834	390
834	686
834	699
834	779
834	801
834	844
834	889
834	902
834	909
834	929
834	952
834	981
834	983
835	436
835	612
835	783
835	790
835	847
835	887
835	891
835	899
835	919
835	924
835	968
835	981
835	985
835	986
835	994
836	114
836	155
836	349
836	535
836	597
836	621
836	744
836	866
836	886
836	903
836	937
836	943
836	947
836	954
836	992
837	310
837	394
837	589
837	649
837	657
837	706
837	711
837	723
837	759
837	760
837	833
837	918
837	959
837	991
837	1000
838	95
838	244
838	260
838	339
838	341
838	385
838	437
838	465
838	636
838	697
838	734
838	804
838	939
838	959
838	967
839	286
839	436
839	523
839	530
839	681
839	717
839	719
839	749
839	780
839	913
839	949
839	952
839	956
839	986
839	988
840	8
840	41
840	205
840	363
840	470
840	506
840	509
840	592
840	600
840	833
840	848
840	919
840	954
840	958
840	984
840	992
841	49
841	58
841	73
841	125
841	278
841	435
841	547
841	591
841	671
841	674
841	704
841	800
841	876
841	917
841	940
841	967
842	145
842	282
842	285
842	531
842	630
842	665
842	687
842	775
842	845
842	866
842	903
842	923
842	937
842	943
842	947
842	954
843	222
843	239
843	261
843	343
843	447
843	541
843	570
843	769
843	771
843	776
843	873
843	884
843	945
843	979
843	988
843	998
844	33
844	45
844	519
844	648
844	677
844	699
844	724
844	819
844	822
844	834
844	902
844	909
844	925
844	929
844	976
844	984
845	56
845	129
845	325
845	381
845	532
845	587
845	683
845	794
845	807
845	842
845	862
845	870
845	900
845	907
845	923
845	982
846	53
846	62
846	356
846	420
846	485
846	527
846	619
846	628
846	897
846	930
846	943
846	946
846	959
846	989
846	994
846	1000
847	157
847	256
847	273
847	456
847	833
847	835
847	910
847	913
847	918
847	928
847	929
847	942
847	949
847	951
847	971
847	999
848	72
848	254
848	369
848	551
848	554
848	658
848	768
848	799
848	840
848	852
848	912
848	942
848	958
848	960
848	991
848	992
849	113
849	153
849	162
849	388
849	400
849	573
849	651
849	693
849	731
849	763
849	804
849	812
849	896
849	905
849	965
849	992
850	77
850	359
850	438
850	566
850	642
850	775
850	777
850	895
850	950
850	966
850	969
850	974
850	978
850	996
850	997
850	998
851	150
851	187
851	232
851	280
851	362
851	644
851	653
851	660
851	711
851	755
851	774
851	781
851	862
851	924
851	931
851	935
852	146
852	313
852	467
852	592
852	624
852	642
852	646
852	684
852	714
852	748
852	848
852	883
852	894
852	912
852	932
852	984
853	182
853	302
853	308
853	554
853	641
853	709
853	756
853	778
853	831
853	924
853	935
853	942
853	951
853	969
853	971
853	999
854	92
854	275
854	309
854	514
854	548
854	654
854	715
854	761
854	898
854	906
854	910
854	933
854	938
854	942
854	986
854	987
855	3
855	250
855	253
855	355
855	496
855	513
855	613
855	681
855	683
855	690
855	769
855	825
855	901
855	964
855	990
855	1000
856	164
856	510
856	635
856	777
856	783
856	805
856	868
856	877
856	879
856	882
856	898
856	930
856	944
856	961
856	980
856	990
857	147
857	262
857	455
857	475
857	512
857	577
857	602
857	730
857	766
857	788
857	873
857	922
857	936
857	975
857	995
857	996
857	998
858	162
858	356
858	408
858	417
858	689
858	744
858	757
858	764
858	900
858	907
858	927
858	943
858	966
858	977
858	996
858	997
858	998
859	81
859	335
859	375
859	522
859	610
859	668
859	778
859	862
859	887
859	918
859	926
859	949
859	951
859	955
859	956
859	972
859	999
860	400
860	537
860	618
860	654
860	661
860	667
860	698
860	700
860	704
860	714
860	762
860	785
860	811
860	880
860	888
860	963
860	970
861	185
861	513
861	523
861	594
861	652
861	745
861	771
861	788
861	827
861	884
861	888
861	889
861	929
861	959
861	975
861	979
861	995
862	33
862	128
862	280
862	419
862	585
862	590
862	687
862	845
862	851
862	859
862	873
862	914
862	927
862	931
862	957
862	964
862	993
863	126
863	272
863	319
863	427
863	497
863	502
863	591
863	616
863	636
863	804
863	864
863	876
863	940
863	967
863	969
863	976
863	983
864	50
864	75
864	122
864	159
864	371
864	397
864	522
864	547
864	633
864	697
864	731
864	761
864	863
864	876
864	940
864	941
864	967
865	374
865	392
865	405
865	435
865	698
865	700
865	762
865	782
865	787
865	832
865	880
865	895
865	912
865	914
865	931
865	932
865	963
866	101
866	114
866	117
866	135
866	139
866	175
866	446
866	786
866	787
866	797
866	817
866	836
866	842
866	883
866	903
866	943
866	948
867	99
867	307
867	384
867	410
867	462
867	532
867	772
867	786
867	794
867	808
867	809
867	878
867	923
867	924
867	979
867	982
867	991
868	137
868	451
868	583
868	664
868	754
868	856
868	877
868	881
868	882
868	898
868	930
868	935
868	944
868	962
868	980
868	989
868	990
868	994
869	170
869	190
869	328
869	358
869	491
869	531
869	575
869	619
869	661
869	691
869	779
869	790
869	828
869	950
869	959
869	963
869	966
869	994
870	76
870	240
870	242
870	332
870	382
870	491
870	532
870	669
870	789
870	794
870	807
870	808
870	845
870	878
870	906
870	958
870	960
870	990
871	166
871	212
871	305
871	315
871	475
871	513
871	658
871	830
871	888
871	889
871	922
871	926
871	936
871	945
871	975
871	979
871	988
871	995
872	119
872	148
872	192
872	198
872	567
872	624
872	799
872	810
872	821
872	833
872	894
872	903
872	912
872	916
872	933
872	958
872	964
872	984
873	218
873	439
873	528
873	598
873	631
873	680
873	687
873	714
873	719
873	759
873	760
873	799
873	843
873	857
873	862
873	883
873	952
873	991
874	4
874	28
874	345
874	566
874	591
874	742
874	775
874	890
874	895
874	944
874	969
874	971
874	974
874	978
874	990
874	992
874	996
874	998
875	30
875	69
875	139
875	245
875	256
875	265
875	325
875	384
875	423
875	485
875	492
875	534
875	582
875	604
875	707
875	784
875	950
875	983
876	26
876	278
876	386
876	605
876	630
876	636
876	674
876	761
876	841
876	863
876	864
876	881
876	923
876	940
876	948
876	952
876	967
876	988
877	145
877	346
877	376
877	589
877	629
877	662
877	666
877	692
877	741
877	856
877	868
877	882
877	935
877	944
877	958
877	961
877	977
877	980
878	129
878	312
878	324
878	448
878	620
878	648
878	691
878	769
878	772
878	826
878	867
878	870
878	888
878	923
878	936
878	960
878	982
878	985
879	129
879	133
879	226
879	246
879	326
879	360
879	368
879	434
879	454
879	485
879	545
879	565
879	567
879	610
879	745
879	856
879	946
879	959
879	1000
880	66
880	223
880	263
880	292
880	435
880	475
880	635
880	667
880	698
880	700
880	773
880	860
880	865
880	912
880	929
880	958
880	963
880	996
880	1000
881	163
881	209
881	219
881	373
881	497
881	507
881	547
881	671
881	761
881	767
881	790
881	806
881	811
881	868
881	876
881	937
881	940
881	966
881	978
882	183
882	412
882	442
882	499
882	650
882	734
882	770
882	798
882	856
882	868
882	877
882	907
882	935
882	944
882	961
882	962
882	980
882	990
882	992
883	123
883	232
883	233
883	340
883	347
883	415
883	528
883	556
883	627
883	637
883	750
883	814
883	852
883	866
883	873
883	896
883	914
883	931
883	948
884	213
884	225
884	348
884	364
884	513
884	528
884	595
884	693
884	730
884	771
884	843
884	861
884	897
884	908
884	915
884	922
884	979
884	988
884	995
885	279
885	367
885	434
885	490
885	526
885	699
885	769
885	795
885	816
885	822
885	887
885	908
885	916
885	925
885	928
885	929
885	957
885	976
885	980
886	134
886	140
886	189
886	190
886	296
886	350
886	393
886	427
886	687
886	773
886	817
886	836
886	887
886	903
886	905
886	923
886	943
886	947
886	954
887	205
887	599
887	685
887	689
887	763
887	774
887	810
887	835
887	859
887	885
887	886
887	891
887	916
887	924
887	949
887	952
887	956
887	968
887	985
888	185
888	337
888	604
888	620
888	730
888	771
888	815
888	830
888	860
888	861
888	871
888	878
888	922
888	945
888	956
888	974
888	975
888	979
888	988
888	995
889	10
889	27
889	152
889	216
889	254
889	476
889	540
889	577
889	612
889	743
889	756
889	834
889	861
889	871
889	902
889	909
889	912
889	923
889	929
889	976
890	87
890	194
890	217
890	274
890	327
890	375
890	408
890	446
890	452
890	481
890	785
890	874
890	895
890	941
890	966
890	969
890	974
890	977
890	996
890	997
891	127
891	171
891	514
891	530
891	533
891	553
891	685
891	720
891	783
891	835
891	887
891	895
891	919
891	930
891	955
891	956
891	980
891	981
891	985
891	995
892	149
892	195
892	283
892	331
892	360
892	388
892	409
892	454
892	471
892	508
892	550
892	651
892	705
892	742
892	779
892	927
892	946
892	961
892	982
892	994
893	104
893	398
893	609
893	634
893	699
893	702
893	720
893	729
893	810
893	813
893	916
893	919
893	945
893	956
893	968
893	981
893	986
893	987
893	991
893	998
894	8
894	78
894	237
894	262
894	298
894	506
894	542
894	556
894	721
894	781
894	816
894	817
894	852
894	872
894	912
894	938
894	958
894	970
894	984
894	992
895	187
895	401
895	446
895	601
895	633
895	697
895	775
895	796
895	850
895	865
895	874
895	890
895	891
895	904
895	938
895	966
895	977
895	978
895	997
895	998
896	125
896	192
896	209
896	235
896	272
896	437
896	501
896	622
896	670
896	679
896	682
896	767
896	802
896	849
896	883
896	917
896	940
896	959
896	967
896	968
896	992
897	35
897	118
897	170
897	210
897	287
897	292
897	425
897	479
897	527
897	631
897	737
897	743
897	846
897	884
897	946
897	948
897	959
897	966
897	985
897	989
897	1000
898	337
898	381
898	488
898	498
898	500
898	515
898	562
898	563
898	596
898	701
898	718
898	741
898	812
898	831
898	854
898	856
898	868
898	938
898	948
898	983
898	987
899	39
899	92
899	191
899	201
899	221
899	272
899	617
899	710
899	713
899	746
899	769
899	778
899	789
899	825
899	835
899	901
899	911
899	939
899	964
899	978
899	998
900	23
900	88
900	586
900	625
900	680
900	732
900	820
900	845
900	858
900	904
900	941
900	950
900	955
900	966
900	974
900	976
900	978
900	996
900	997
900	998
900	999
901	8
901	84
901	308
901	353
901	557
901	558
901	559
901	617
901	690
901	755
901	769
901	792
901	824
901	855
901	899
901	939
901	957
901	964
901	966
901	973
901	979
902	254
902	281
902	330
902	509
902	510
902	536
902	540
902	654
902	661
902	767
902	800
902	801
902	822
902	834
902	844
902	889
902	929
902	957
902	976
902	980
902	988
903	102
903	161
903	175
903	324
903	343
903	423
903	427
903	630
903	736
903	797
903	836
903	842
903	866
903	872
903	886
903	933
903	941
903	943
903	947
903	954
903	980
904	3
904	78
904	128
904	288
904	361
904	364
904	439
904	441
904	663
904	732
904	895
904	900
904	920
904	950
904	960
904	969
904	974
904	977
904	978
904	979
904	998
905	17
905	22
905	73
905	89
905	180
905	188
905	481
905	502
905	613
905	699
905	715
905	849
905	886
905	907
905	938
905	965
905	983
905	984
905	985
905	987
905	999
906	16
906	234
906	269
906	275
906	303
906	419
906	472
906	544
906	562
906	574
906	579
906	731
906	826
906	854
906	870
906	933
906	934
906	938
906	965
906	981
906	987
906	997
907	75
907	76
907	246
907	312
907	445
907	553
907	588
907	601
907	772
907	786
907	794
907	808
907	831
907	845
907	858
907	882
907	905
907	923
907	953
907	960
907	982
907	987
908	17
908	63
908	306
908	327
908	498
908	544
908	561
908	562
908	718
908	724
908	741
908	763
908	814
908	816
908	884
908	885
908	933
908	934
908	965
908	979
908	983
908	986
909	131
909	273
909	460
909	612
909	743
909	760
909	761
909	768
909	801
909	817
909	818
909	819
909	822
909	825
909	834
909	844
909	889
909	921
909	925
909	951
909	957
909	976
909	981
910	6
910	108
910	136
910	384
910	443
910	507
910	522
910	540
910	641
910	688
910	831
910	847
910	854
910	918
910	927
910	928
910	942
910	949
910	955
910	971
910	972
910	991
910	999
911	68
911	151
911	213
911	275
911	322
911	379
911	457
911	472
911	559
911	560
911	572
911	602
911	603
911	632
911	643
911	659
911	744
911	747
911	758
911	805
911	899
911	920
911	932
912	98
912	150
912	249
912	311
912	631
912	642
912	649
912	658
912	668
912	676
912	721
912	821
912	848
912	852
912	865
912	872
912	880
912	889
912	894
912	956
912	984
912	985
912	997
913	34
913	57
913	229
913	285
913	347
913	364
913	505
913	555
913	670
913	675
913	682
913	685
913	823
913	839
913	847
913	916
913	919
913	947
913	952
913	968
913	981
913	985
913	986
914	33
914	178
914	185
914	299
914	316
914	387
914	391
914	528
914	637
914	653
914	672
914	697
914	714
914	718
914	862
914	865
914	883
914	927
914	931
914	948
914	953
914	957
914	993
915	144
915	163
915	208
915	269
915	386
915	489
915	652
915	730
915	775
915	782
915	785
915	788
915	815
915	826
915	830
915	884
915	922
915	945
915	972
915	979
915	984
915	987
915	988
915	995
916	51
916	63
916	131
916	171
916	276
916	363
916	374
916	533
916	599
916	609
916	656
916	666
916	720
916	813
916	872
916	885
916	887
916	893
916	913
916	924
916	926
916	952
916	956
916	981
917	12
917	197
917	320
917	341
917	403
917	410
917	424
917	471
917	548
917	652
917	670
917	672
917	734
917	767
917	800
917	804
917	806
917	814
917	841
917	896
917	953
917	959
917	973
917	993
918	110
918	246
918	307
918	375
918	496
918	522
918	623
918	688
918	751
918	793
918	806
918	837
918	847
918	859
918	910
918	922
918	925
918	926
918	942
918	949
918	955
918	971
918	972
918	974
919	96
919	112
919	203
919	242
919	248
919	274
919	347
919	411
919	501
919	555
919	576
919	729
919	733
919	783
919	835
919	840
919	891
919	893
919	913
919	928
919	956
919	986
919	989
919	991
920	24
920	56
920	151
920	213
920	322
920	385
920	504
920	572
920	590
920	643
920	735
920	747
920	758
920	760
920	763
920	805
920	809
920	827
920	904
920	911
920	932
920	949
920	976
920	996
920	1000
921	61
921	85
921	179
921	298
921	340
921	395
921	512
921	524
921	581
921	585
921	598
921	615
921	655
921	687
921	759
921	766
921	909
921	927
921	931
921	946
921	953
921	955
921	977
921	991
921	993
922	239
922	300
922	352
922	512
922	541
922	595
922	652
922	673
922	778
922	808
922	826
922	857
922	871
922	884
922	888
922	915
922	918
922	941
922	965
922	973
922	975
922	976
922	988
922	990
922	995
923	132
923	194
923	224
923	246
923	255
923	382
923	426
923	532
923	588
923	634
923	669
923	683
923	807
923	842
923	845
923	867
923	876
923	878
923	886
923	889
923	907
923	944
923	960
923	970
923	982
924	94
924	274
924	339
924	618
924	656
924	702
924	708
924	765
924	774
924	809
924	810
924	817
924	823
924	835
924	851
924	853
924	867
924	887
924	916
924	956
924	968
924	974
924	981
924	985
924	986
925	16
925	91
925	144
925	225
925	248
925	330
925	351
925	460
925	507
925	540
925	699
925	711
925	768
925	791
925	798
925	825
925	844
925	885
925	909
925	918
925	929
925	949
925	957
925	976
925	996
926	55
926	66
926	71
926	81
926	212
926	456
926	486
926	749
926	751
926	756
926	793
926	813
926	859
926	871
926	916
926	918
926	928
926	942
926	949
926	951
926	953
926	955
926	972
926	982
926	999
927	14
927	86
927	232
927	314
927	334
927	518
927	575
927	590
927	657
927	723
927	735
927	750
927	766
927	781
927	858
927	862
927	892
927	910
927	914
927	921
927	948
927	950
927	953
927	976
927	989
927	993
928	9
928	157
928	193
928	344
928	375
928	497
928	524
928	709
928	728
928	751
928	778
928	793
928	821
928	847
928	885
928	910
928	919
928	926
928	930
928	942
928	949
928	951
928	955
928	971
928	972
928	978
929	35
929	79
929	390
929	432
929	516
929	536
929	546
929	650
929	659
929	728
929	743
929	748
929	768
929	834
929	844
929	847
929	861
929	880
929	885
929	889
929	902
929	925
929	932
929	935
929	976
929	978
930	84
930	133
930	251
930	313
930	377
930	499
930	536
930	638
930	647
930	656
930	662
930	664
930	681
930	692
930	800
930	807
930	846
930	856
930	868
930	891
930	928
930	935
930	944
930	961
930	962
930	990
931	85
931	121
931	178
931	298
931	299
931	316
931	529
931	541
931	657
931	660
931	709
931	750
931	760
931	766
931	851
931	862
931	865
931	883
931	914
931	921
931	933
931	953
931	984
931	991
931	993
931	997
932	29
932	56
932	109
932	322
932	379
932	385
932	457
932	504
932	559
932	560
932	572
932	632
932	643
932	644
932	693
932	735
932	747
932	758
932	805
932	827
932	852
932	865
932	911
932	920
932	929
932	980
933	134
933	140
933	162
933	257
933	315
933	353
933	380
933	548
933	555
933	562
933	647
933	664
933	718
933	741
933	754
933	833
933	854
933	872
933	903
933	906
933	908
933	931
933	938
933	965
933	975
933	983
933	994
934	73
934	140
934	158
934	257
934	309
934	337
934	361
934	414
934	453
934	470
934	472
934	561
934	562
934	651
934	657
934	679
934	718
934	724
934	753
934	797
934	805
934	906
934	908
934	940
934	965
934	968
934	983
935	43
935	93
935	204
935	291
935	330
935	376
935	505
935	511
935	664
935	669
935	681
935	692
935	777
935	851
935	853
935	868
935	877
935	882
935	929
935	930
935	944
935	961
935	980
935	984
935	990
935	992
935	997
936	2
936	74
936	77
936	92
936	121
936	181
936	202
936	241
936	355
936	482
936	483
936	519
936	552
936	711
936	713
936	747
936	757
936	769
936	792
936	803
936	825
936	857
936	871
936	878
936	964
936	973
936	984
937	17
937	44
937	49
937	117
937	206
937	243
937	253
937	271
937	290
937	296
937	374
937	426
937	504
937	521
937	571
937	665
937	752
937	817
937	836
937	842
937	881
937	943
937	947
937	954
937	964
937	985
937	997
938	5
938	22
938	236
938	306
938	388
938	470
938	500
938	561
938	585
938	596
938	614
938	647
938	700
938	705
938	731
938	810
938	854
938	894
938	895
938	898
938	905
938	906
938	933
938	950
938	983
938	985
938	987
939	7
939	92
939	201
939	230
939	323
939	393
939	440
939	483
939	538
939	555
939	564
939	595
939	628
939	690
939	713
939	731
939	746
939	757
939	792
939	825
939	838
939	899
939	901
939	956
939	967
939	975
939	999
940	32
940	122
940	125
940	126
940	289
940	424
940	451
940	501
940	547
940	571
940	670
940	738
940	747
940	756
940	800
940	814
940	828
940	841
940	863
940	864
940	876
940	881
940	896
940	934
940	967
940	970
940	972
940	977
941	60
941	67
941	167
941	271
941	291
941	349
941	387
941	439
941	480
941	744
941	746
941	764
941	820
941	864
941	890
941	900
941	903
941	922
941	945
941	950
941	965
941	968
941	974
941	977
941	989
941	996
941	997
941	998
942	4
942	263
942	318
942	334
942	422
942	525
942	535
942	570
942	641
942	786
942	795
942	827
942	831
942	847
942	848
942	853
942	854
942	910
942	918
942	926
942	928
942	951
942	953
942	955
942	971
942	972
942	984
942	999
943	49
943	102
943	116
943	231
943	285
943	426
943	427
943	521
943	549
943	559
943	595
943	621
943	630
943	665
943	698
943	733
943	782
943	797
943	836
943	842
943	846
943	858
943	866
943	886
943	903
943	937
943	947
943	954
943	994
944	116
944	133
944	183
944	317
944	492
944	497
944	501
944	505
944	583
944	589
944	629
944	638
944	662
944	709
944	777
944	856
944	868
944	874
944	877
944	882
944	923
944	930
944	935
944	961
944	962
944	970
944	980
944	990
944	997
945	106
945	132
945	173
945	185
945	268
945	404
945	418
945	438
945	489
945	520
945	577
945	611
945	673
945	706
945	785
945	826
945	843
945	871
945	888
945	893
945	915
945	941
945	961
945	963
945	968
945	969
945	975
945	979
945	988
946	53
946	130
946	159
946	204
946	217
946	461
946	531
946	537
946	546
946	549
946	705
946	712
946	737
946	740
946	741
946	753
946	788
946	809
946	846
946	879
946	892
946	897
946	921
946	959
946	961
946	963
946	965
946	983
946	989
946	994
947	145
947	175
947	189
947	231
947	268
947	282
947	296
947	301
947	393
947	460
947	480
947	521
947	534
947	630
947	736
947	760
947	771
947	797
947	817
947	836
947	842
947	886
947	903
947	913
947	937
947	943
947	954
947	974
947	975
947	982
948	31
948	96
948	200
948	232
948	381
948	394
948	399
948	401
948	479
948	512
948	515
948	590
948	637
948	660
948	680
948	750
948	759
948	765
948	866
948	876
948	883
948	897
948	898
948	914
948	927
948	953
948	962
948	966
948	991
948	993
949	20
949	146
949	307
949	422
949	450
949	484
949	580
949	641
949	655
949	707
949	749
949	751
949	758
949	778
949	780
949	813
949	831
949	839
949	847
949	859
949	887
949	910
949	918
949	920
949	925
949	926
949	928
949	951
949	955
949	999
950	37
950	266
950	439
950	449
950	469
950	510
950	533
950	586
950	633
950	673
950	689
950	691
950	752
950	850
950	869
950	875
950	900
950	904
950	927
950	938
950	941
950	966
950	969
950	974
950	975
950	978
950	984
950	989
950	996
950	998
951	290
951	415
951	524
951	525
951	535
951	570
951	576
951	580
951	643
951	655
951	688
951	749
951	751
951	756
951	794
951	819
951	847
951	853
951	859
951	909
951	926
951	928
951	942
951	949
951	955
951	970
951	972
951	974
951	981
951	999
952	34
952	52
952	57
952	195
952	236
952	468
952	533
952	561
952	576
952	589
952	609
952	682
952	702
952	755
952	771
952	774
952	780
952	813
952	819
952	834
952	839
952	873
952	876
952	887
952	913
952	916
952	963
952	968
952	981
952	985
952	986
953	18
953	30
953	35
953	112
953	113
953	298
953	333
953	334
953	362
953	394
953	524
953	590
953	606
953	631
953	701
953	711
953	780
953	781
953	907
953	914
953	917
953	921
953	926
953	927
953	931
953	942
953	948
953	955
953	958
953	993
953	996
954	44
954	65
954	101
954	102
954	114
954	155
954	161
954	231
954	252
954	393
954	426
954	527
954	571
954	621
954	626
954	673
954	695
954	710
954	736
954	800
954	802
954	817
954	836
954	840
954	842
954	886
954	903
954	937
954	943
954	947
954	977
955	6
955	55
955	56
955	78
955	136
955	186
955	289
955	422
955	580
955	749
955	761
955	778
955	788
955	796
955	807
955	831
955	859
955	891
955	900
955	910
955	918
955	921
955	926
955	928
955	942
955	949
955	951
955	953
955	971
955	989
955	999
956	264
956	382
956	508
956	520
956	562
956	567
956	599
956	609
956	666
956	679
956	717
956	725
956	727
956	780
956	786
956	823
956	839
956	859
956	887
956	888
956	891
956	893
956	912
956	916
956	919
956	924
956	939
956	968
956	981
956	989
956	992
957	89
957	144
957	152
957	220
957	270
957	351
957	360
957	369
957	413
957	485
957	490
957	526
957	536
957	569
957	641
957	703
957	743
957	753
957	795
957	798
957	801
957	822
957	862
957	885
957	901
957	902
957	909
957	914
957	925
957	968
957	976
957	993
958	40
958	81
958	142
958	198
958	207
958	249
958	258
958	311
958	317
958	354
958	395
958	412
958	454
958	467
958	478
958	498
958	508
958	542
958	624
958	649
958	658
958	840
958	848
958	870
958	872
958	877
958	880
958	894
958	953
958	971
958	984
958	992
959	151
959	315
959	326
959	328
959	396
959	420
959	452
959	461
959	544
959	694
959	705
959	716
959	733
959	738
959	739
959	779
959	828
959	829
959	837
959	838
959	846
959	861
959	869
959	879
959	896
959	897
959	917
959	946
959	965
959	980
959	987
959	1000
960	83
960	154
960	205
960	234
960	255
960	312
960	324
960	382
960	383
960	410
960	462
960	484
960	491
960	507
960	551
960	553
960	587
960	669
960	683
960	729
960	739
960	772
960	786
960	794
960	822
960	848
960	870
960	878
960	904
960	907
960	923
960	982
961	52
961	93
961	196
961	291
961	412
961	499
961	511
961	583
961	629
961	630
961	638
961	662
961	678
961	690
961	692
961	698
961	729
961	770
961	777
961	815
961	856
961	877
961	882
961	892
961	930
961	935
961	944
961	945
961	946
961	962
961	974
961	980
961	990
962	84
962	93
962	111
962	116
962	291
962	376
962	377
962	412
962	519
962	522
962	583
962	593
962	603
962	629
962	662
962	664
962	676
962	681
962	713
962	718
962	770
962	777
962	780
962	802
962	868
962	882
962	930
962	944
962	948
962	961
962	980
962	987
962	990
963	88
963	207
963	223
963	267
963	292
963	344
963	389
963	392
963	407
963	477
963	493
963	517
963	537
963	618
963	635
963	663
963	700
963	704
963	762
963	782
963	787
963	796
963	799
963	860
963	865
963	869
963	880
963	945
963	946
963	952
963	967
963	970
963	975
963	988
964	3
964	181
964	230
964	253
964	300
964	308
964	391
964	477
964	482
964	484
964	538
964	564
964	569
964	628
964	710
964	736
964	740
964	742
964	746
964	757
964	769
964	803
964	814
964	825
964	832
964	855
964	862
964	872
964	899
964	901
964	936
964	937
964	973
964	991
965	27
965	79
965	134
965	175
965	180
965	234
965	238
965	388
965	402
965	414
965	453
965	458
965	460
965	516
965	573
965	601
965	651
965	693
965	696
965	715
965	752
965	763
965	815
965	849
965	905
965	906
965	908
965	922
965	933
965	934
965	941
965	946
965	959
965	987
965	999
966	4
966	278
966	295
966	297
966	345
966	408
966	445
966	451
966	466
966	568
966	683
966	696
966	744
966	748
966	758
966	764
966	775
966	794
966	850
966	858
966	869
966	881
966	890
966	895
966	897
966	900
966	901
966	948
966	950
966	969
966	974
966	977
966	978
966	996
966	998
967	11
967	21
967	26
967	57
967	60
967	173
967	222
967	240
967	257
967	260
967	272
967	282
967	371
967	442
967	501
967	581
967	671
967	680
967	734
967	761
967	767
967	800
967	803
967	804
967	806
967	838
967	841
967	863
967	864
967	876
967	896
967	939
967	940
967	963
967	989
967	991
968	52
968	72
968	85
968	171
968	195
968	199
968	248
968	264
968	357
968	374
968	468
968	529
968	597
968	679
968	702
968	719
968	725
968	783
968	792
968	797
968	835
968	887
968	893
968	896
968	913
968	924
968	934
968	941
968	945
968	952
968	956
968	957
968	981
968	985
968	986
968	990
969	4
969	37
969	62
969	66
969	124
969	125
969	187
969	208
969	449
969	461
969	476
969	487
969	586
969	633
969	732
969	744
969	752
969	764
969	791
969	806
969	819
969	820
969	850
969	853
969	863
969	874
969	890
969	904
969	945
969	950
969	966
969	973
969	974
969	996
969	997
969	1000
970	13
970	138
970	142
970	143
970	188
970	263
970	267
970	292
970	294
970	330
970	346
970	366
970	400
970	430
970	435
970	458
970	558
970	608
970	614
970	671
970	694
970	698
970	700
970	762
970	773
970	796
970	811
970	832
970	860
970	894
970	923
970	940
970	944
970	951
970	963
970	996
970	998
971	19
971	47
971	55
971	59
971	68
971	78
971	99
971	310
971	375
971	411
971	416
971	443
971	450
971	495
971	535
971	613
971	655
971	709
971	749
971	751
971	756
971	762
971	788
971	793
971	831
971	847
971	853
971	874
971	910
971	918
971	928
971	942
971	955
971	958
971	972
971	980
971	999
972	47
972	64
972	103
972	109
972	110
972	220
972	240
972	307
972	318
972	337
972	456
972	515
972	522
972	525
972	535
972	579
972	580
972	619
972	626
972	643
972	688
972	716
972	749
972	756
972	778
972	859
972	910
972	915
972	918
972	926
972	928
972	940
972	942
972	951
972	971
972	995
972	999
973	2
973	55
973	121
973	191
973	230
973	250
973	355
973	365
973	379
973	391
973	440
973	484
973	564
973	606
973	613
973	617
973	628
973	639
973	700
973	710
973	740
973	749
973	770
973	789
973	791
973	798
973	803
973	824
973	825
973	901
973	917
973	922
973	936
973	964
973	969
973	979
973	999
973	1000
974	26
974	66
974	88
974	168
974	189
974	297
974	304
974	305
974	327
974	564
974	633
974	663
974	696
974	708
974	744
974	752
974	820
974	850
974	874
974	888
974	890
974	900
974	904
974	918
974	924
974	941
974	947
974	950
974	951
974	961
974	966
974	969
974	977
974	978
974	996
974	997
974	998
974	1000
975	24
975	45
975	165
975	179
975	259
975	262
975	370
975	386
975	396
975	464
975	523
975	577
975	602
975	610
975	611
975	673
975	705
975	771
975	776
975	785
975	788
975	822
975	826
975	830
975	857
975	861
975	871
975	888
975	922
975	933
975	939
975	945
975	947
975	950
975	963
975	979
975	980
975	995
976	108
976	131
976	184
976	216
976	267
976	270
976	351
976	355
976	369
976	399
976	460
976	569
976	650
976	651
976	703
976	722
976	728
976	745
976	801
976	810
976	814
976	818
976	822
976	844
976	863
976	885
976	889
976	900
976	902
976	909
976	920
976	922
976	925
976	927
976	929
976	957
976	990
976	992
977	62
977	154
977	214
977	277
977	288
977	327
977	349
977	417
977	444
977	446
977	473
977	480
977	521
977	572
977	652
977	696
977	703
977	726
977	732
977	752
977	764
977	775
977	823
977	858
977	877
977	890
977	895
977	904
977	921
977	940
977	941
977	954
977	966
977	974
977	993
977	996
977	997
977	998
977	999
978	87
978	129
978	166
978	191
978	201
978	228
978	277
978	305
978	336
978	357
978	387
978	444
978	446
978	512
978	568
978	575
978	633
978	677
978	689
978	696
978	796
978	832
978	850
978	874
978	881
978	895
978	899
978	900
978	904
978	928
978	929
978	950
978	966
978	974
978	980
978	983
978	996
978	997
978	998
979	107
979	152
979	165
979	212
979	262
979	269
979	315
979	378
979	386
979	438
979	447
979	483
979	541
979	594
979	595
979	621
979	624
979	694
979	730
979	771
979	788
979	804
979	826
979	843
979	861
979	867
979	871
979	884
979	888
979	901
979	904
979	908
979	915
979	945
979	973
979	975
979	982
979	985
979	988
979	995
980	43
980	83
980	84
980	137
980	176
980	191
980	196
980	251
980	376
980	377
980	505
980	511
980	566
980	589
980	629
980	638
980	664
980	692
980	722
980	770
980	777
980	830
980	856
980	868
980	877
980	882
980	885
980	891
980	902
980	903
980	932
980	935
980	944
980	959
980	961
980	962
980	971
980	975
980	978
980	990
981	20
981	51
981	57
981	177
981	195
981	242
981	320
981	347
981	374
981	404
981	461
981	501
981	533
981	592
981	597
981	616
981	717
981	725
981	727
981	731
981	755
981	774
981	783
981	823
981	832
981	834
981	835
981	891
981	893
981	906
981	909
981	913
981	916
981	924
981	951
981	952
981	956
981	968
981	983
981	985
981	986
982	48
982	76
982	99
982	156
982	194
982	229
982	246
982	255
982	378
982	383
982	410
982	445
982	462
982	486
982	507
982	530
982	553
982	587
982	605
982	610
982	634
982	648
982	669
982	683
982	736
982	772
982	786
982	792
982	794
982	808
982	812
982	845
982	867
982	878
982	892
982	907
982	923
982	926
982	947
982	960
982	979
983	36
983	48
983	50
983	60
983	233
983	234
983	275
983	286
983	309
983	381
983	402
983	414
983	459
983	466
983	498
983	563
983	574
983	579
983	615
983	678
983	698
983	724
983	741
983	754
983	783
983	806
983	812
983	834
983	863
983	875
983	898
983	905
983	908
983	933
983	934
983	938
983	946
983	978
983	981
983	987
983	989
984	148
984	207
984	249
984	307
984	317
984	338
984	351
984	363
984	395
984	459
984	470
984	473
984	478
984	482
984	495
984	517
984	551
984	554
984	559
984	625
984	646
984	649
984	676
984	684
984	735
984	799
984	833
984	840
984	844
984	852
984	872
984	894
984	905
984	912
984	915
984	931
984	935
984	936
984	942
984	950
984	958
985	34
985	51
985	118
985	127
985	137
985	177
985	202
985	264
985	286
985	398
985	411
985	436
985	576
985	597
985	611
985	666
985	714
985	717
985	720
985	725
985	727
985	733
985	774
985	780
985	813
985	835
985	878
985	887
985	891
985	897
985	905
985	912
985	913
985	924
985	937
985	938
985	952
985	968
985	979
985	981
985	986
985	988
986	40
986	80
986	120
986	177
986	179
986	224
986	229
986	242
986	274
986	320
986	339
986	389
986	436
986	455
986	468
986	529
986	530
986	555
986	599
986	608
986	623
986	645
986	702
986	707
986	712
986	729
986	739
986	765
986	810
986	821
986	835
986	839
986	854
986	893
986	908
986	913
986	919
986	924
986	952
986	968
986	981
986	985
986	999
987	5
987	63
987	69
987	73
987	79
987	94
987	158
987	162
987	238
987	380
987	418
987	431
987	472
987	481
987	493
987	505
987	525
987	561
987	579
987	596
987	615
987	654
987	678
987	683
987	725
987	731
987	743
987	754
987	781
987	791
987	812
987	854
987	893
987	898
987	905
987	906
987	907
987	915
987	938
987	959
987	962
987	965
987	983
988	106
988	108
988	112
988	147
988	160
988	215
988	221
988	239
988	258
988	269
988	277
988	285
988	300
988	366
988	447
988	464
988	573
988	577
988	594
988	602
988	611
988	658
988	722
988	768
988	775
988	776
988	788
988	815
988	826
988	839
988	843
988	871
988	876
988	884
988	888
988	902
988	915
988	922
988	945
988	963
988	979
988	985
988	994
988	995
989	32
989	149
989	217
989	247
989	360
989	368
989	420
989	421
989	452
989	471
989	479
989	503
989	514
989	549
989	550
989	553
989	610
989	625
989	666
989	686
989	694
989	716
989	718
989	737
989	739
989	742
989	744
989	745
989	809
989	829
989	846
989	868
989	897
989	919
989	927
989	941
989	946
989	950
989	955
989	956
989	967
989	983
989	994
989	1000
990	21
990	83
990	111
990	116
990	176
990	196
990	251
990	291
990	499
990	505
990	511
990	545
990	563
990	583
990	588
990	589
990	618
990	629
990	638
990	662
990	664
990	681
990	692
990	737
990	770
990	777
990	830
990	832
990	855
990	856
990	868
990	870
990	874
990	882
990	922
990	930
990	935
990	944
990	961
990	962
990	968
990	976
990	980
990	994
991	30
991	31
991	61
991	85
991	86
991	123
991	150
991	200
991	259
991	283
991	340
991	342
991	458
991	515
991	528
991	585
991	590
991	597
991	598
991	644
991	657
991	677
991	687
991	704
991	714
991	723
991	750
991	756
991	781
991	801
991	824
991	837
991	848
991	867
991	873
991	893
991	910
991	919
991	921
991	931
991	948
991	964
991	967
991	993
992	1
992	29
992	40
992	119
992	142
992	146
992	192
992	207
992	279
992	317
992	332
992	363
992	494
992	504
992	506
992	517
992	556
992	592
992	624
992	642
992	646
992	649
992	658
992	668
992	684
992	695
992	696
992	721
992	753
992	808
992	816
992	818
992	833
992	836
992	840
992	848
992	849
992	874
992	882
992	894
992	896
992	935
992	956
992	958
992	976
993	28
993	65
993	113
993	143
993	218
993	283
993	310
993	333
993	342
993	380
993	512
993	518
993	575
993	582
993	585
993	592
993	598
993	606
993	617
993	627
993	644
993	648
993	663
993	687
993	701
993	714
993	760
993	766
993	792
993	799
993	802
993	813
993	862
993	914
993	917
993	921
993	927
993	931
993	948
993	953
993	957
993	977
993	991
993	994
993	996
994	82
994	153
994	210
994	226
994	331
994	352
994	358
994	360
994	370
994	396
994	413
994	421
994	425
994	432
994	448
994	452
994	454
994	496
994	503
994	545
994	625
994	645
994	691
994	716
994	733
994	766
994	779
994	790
994	809
994	828
994	831
994	835
994	846
994	868
994	869
994	892
994	933
994	943
994	946
994	988
994	989
994	990
994	993
994	995
994	997
994	998
994	1000
995	19
995	74
995	173
995	221
995	258
995	342
995	348
995	352
995	376
995	455
995	487
995	499
995	509
995	513
995	541
995	578
995	594
995	595
995	602
995	611
995	646
995	652
995	673
995	730
995	739
995	771
995	785
995	787
995	815
995	817
995	830
995	833
995	857
995	861
995	871
995	884
995	888
995	891
995	915
995	922
995	972
995	975
995	979
995	988
995	994
995	996
995	1000
996	154
996	168
996	228
996	277
996	280
996	295
996	321
996	336
996	357
996	361
996	366
996	408
996	444
996	449
996	510
996	550
996	561
996	586
996	614
996	674
996	677
996	708
996	748
996	752
996	775
996	820
996	850
996	857
996	858
996	874
996	880
996	890
996	900
996	920
996	925
996	941
996	950
996	953
996	966
996	969
996	970
996	974
996	977
996	978
996	993
996	995
996	997
996	998
997	37
997	90
997	96
997	124
997	166
997	168
997	297
997	336
997	357
997	387
997	417
997	433
997	449
997	469
997	480
997	510
997	568
997	586
997	600
997	605
997	665
997	677
997	689
997	732
997	752
997	776
997	778
997	820
997	829
997	850
997	858
997	890
997	895
997	900
997	906
997	912
997	931
997	935
997	937
997	941
997	944
997	969
997	974
997	977
997	978
997	994
997	996
997	998
998	51
998	67
998	80
998	87
998	88
998	172
998	180
998	228
998	277
998	305
998	318
998	349
998	366
998	387
998	430
998	444
998	451
998	469
998	481
998	519
998	609
998	623
998	639
998	677
998	689
998	696
998	752
998	767
998	775
998	843
998	850
998	857
998	858
998	874
998	893
998	895
998	899
998	900
998	904
998	941
998	950
998	966
998	970
998	974
998	977
998	978
998	994
998	996
998	997
999	20
999	47
999	59
999	64
999	71
999	157
999	182
999	186
999	318
999	420
999	422
999	425
999	449
999	450
999	456
999	525
999	535
999	570
999	679
999	709
999	720
999	737
999	740
999	751
999	756
999	759
999	778
999	793
999	821
999	826
999	831
999	847
999	853
999	859
999	900
999	905
999	910
999	926
999	939
999	942
999	949
999	951
999	955
999	965
999	971
999	972
999	973
999	977
999	986
1000	54
1000	74
1000	82
1000	118
1000	130
1000	170
1000	226
1000	247
1000	256
1000	282
1000	321
1000	356
1000	421
1000	424
1000	452
1000	473
1000	494
1000	503
1000	531
1000	550
1000	583
1000	603
1000	619
1000	645
1000	675
1000	678
1000	694
1000	706
1000	733
1000	734
1000	738
1000	742
1000	745
1000	828
1000	829
1000	837
1000	846
1000	855
1000	879
1000	880
1000	897
1000	920
1000	959
1000	969
1000	973
1000	974
1000	989
1000	994
1000	995
