1	666
1	682
1	823
1	828
2	293
2	300
2	829
2	956
3	409
3	551
3	656
3	779
4	236
4	869
4	983
4	995
5	170
5	416
5	776
5	916
6	122
6	206
6	627
6	804
7	802
7	855
7	907
7	982
8	430
8	757
8	769
8	947
9	652
9	714
9	856
9	861
10	721
10	822
10	893
10	963
11	663
11	732
11	913
11	979
12	636
12	968
12	981
12	998
13	59
13	909
13	947
13	958
14	510
14	560
14	744
14	980
15	453
15	781
15	953
15	1000
16	510
16	809
16	839
16	971
17	343
17	752
17	844
17	953
18	313
18	620
18	904
18	1000
19	331
19	770
19	966
19	1000
20	859
20	972
20	973
20	997
21	64
21	630
21	952
21	986
22	184
22	197
22	451
22	720
23	244
23	280
23	804
23	898
24	596
24	913
24	960
24	981
25	789
25	841
25	906
25	945
26	763
26	842
26	870
26	936
27	683
27	760
27	960
27	999
28	755
28	777
28	910
28	962
29	74
29	777
29	858
29	995
30	286
30	917
30	939
30	978
31	152
31	191
31	273
31	937
32	779
32	906
32	928
32	985
33	547
33	738
33	792
33	822
34	312
34	456
34	959
34	991
35	352
35	697
35	702
35	986
36	81
36	878
36	940
36	964
37	51
37	148
37	221
37	912
38	147
38	868
38	988
38	993
39	268
39	619
39	818
39	991
40	249
40	314
40	823
40	870
41	387
41	446
41	767
41	993
42	545
42	863
42	991
42	1000
43	786
43	841
43	881
43	906
44	75
44	807
44	830
44	996
45	47
45	340
45	970
45	999
46	239
46	744
46	990
46	999
47	45
47	295
47	960
47	999
48	116
48	834
48	871
48	987
49	924
49	930
49	935
49	998
50	497
50	610
50	908
50	916
51	37
51	442
51	912
51	962
52	723
52	810
52	811
52	976
53	549
53	864
53	872
53	969
54	498
54	613
54	814
54	968
55	589
55	834
55	871
55	996
56	81
56	883
56	940
56	944
57	100
57	468
57	609
57	946
58	274
58	768
58	840
58	929
59	13
59	814
59	909
59	958
60	526
60	750
60	911
60	991
61	479
61	882
61	974
61	993
62	246
62	405
62	910
62	962
63	318
63	328
63	363
63	940
64	21
64	227
64	277
64	821
65	552
65	917
65	946
65	978
66	480
66	968
66	975
66	988
67	168
67	389
67	921
67	961
68	816
68	885
68	908
68	916
69	621
69	821
69	823
69	944
70	463
70	706
70	968
70	974
71	198
71	211
71	612
71	888
72	428
72	545
72	615
72	929
73	370
73	782
73	841
73	898
74	29
74	162
74	837
74	967
75	44
75	642
75	919
75	987
76	471
76	728
76	917
76	978
77	386
77	834
77	911
77	996
78	850
78	900
78	934
78	939
79	422
79	523
79	604
79	837
80	384
80	873
80	900
80	978
81	36
81	56
81	701
81	964
82	120
82	305
82	797
82	998
83	635
83	846
83	976
83	985
84	478
84	904
84	946
84	951
85	928
85	957
85	972
85	985
86	512
86	852
86	936
86	942
87	924
87	981
87	994
87	998
88	641
88	835
88	965
88	984
89	812
89	914
89	929
89	980
90	329
90	645
90	696
90	834
91	781
91	874
91	957
91	985
92	213
92	387
92	975
92	997
93	296
93	455
93	705
93	972
94	297
94	610
94	756
94	954
95	439
95	660
95	845
95	908
96	941
96	965
96	968
96	984
97	252
97	810
97	811
97	976
98	657
98	723
98	810
98	948
99	352
99	417
99	464
99	990
100	57
100	183
100	868
100	947
101	237
101	630
101	948
101	956
102	817
102	820
102	858
102	869
103	127
103	579
103	638
103	877
104	645
104	917
104	981
104	998
105	918
105	926
105	990
105	999
106	891
106	974
106	982
106	988
107	210
107	214
107	893
107	960
108	397
108	871
108	934
108	996
109	160
109	418
109	695
109	890
110	329
110	782
110	956
110	996
111	634
111	688
111	711
111	910
112	222
112	724
112	792
112	973
113	310
113	713
113	752
113	896
114	520
114	805
114	943
114	997
115	804
115	818
115	959
115	991
116	48
116	904
116	939
116	951
117	941
117	965
117	982
117	989
118	282
118	318
118	650
118	993
119	809
119	929
119	980
119	984
120	82
120	302
120	831
120	998
121	737
121	932
121	953
121	982
122	6
122	820
122	836
122	901
123	827
123	915
123	949
123	992
124	330
124	707
124	873
124	951
125	774
125	874
125	935
125	998
126	658
126	724
126	845
126	885
127	103
127	522
127	689
127	996
128	410
128	434
128	984
128	1000
129	251
129	663
129	922
129	979
130	780
130	872
130	939
130	951
131	507
131	778
131	873
131	946
132	708
132	853
132	959
132	976
133	367
133	401
133	900
133	951
134	772
134	774
134	935
134	981
135	363
135	416
135	439
135	462
136	375
136	554
136	945
136	988
137	732
137	765
137	797
137	950
138	347
138	762
138	801
138	991
139	743
139	960
139	990
139	999
140	884
140	960
140	990
140	994
141	592
141	854
141	910
141	962
142	694
142	801
142	896
142	920
143	175
143	494
143	834
143	919
144	839
144	923
144	937
144	949
145	347
145	574
145	794
145	911
146	239
146	772
146	858
146	922
147	38
147	805
147	933
147	981
148	37
148	971
148	975
148	997
149	547
149	589
149	705
149	973
150	219
150	361
150	535
150	731
151	701
151	799
151	918
151	939
152	31
152	804
152	898
152	912
153	789
153	906
153	947
153	958
154	578
154	631
154	966
154	1000
155	211
155	879
155	899
155	902
156	534
156	555
156	811
156	909
157	586
157	909
157	923
157	947
158	772
158	922
158	961
158	994
159	876
159	899
159	913
159	925
160	109
160	895
160	931
160	987
161	274
161	741
161	784
161	998
162	74
162	870
162	959
162	967
163	662
163	844
163	984
163	989
164	530
164	624
164	796
164	907
165	514
165	696
165	832
165	996
166	396
166	963
166	967
166	972
167	747
167	798
167	948
167	972
168	67
168	704
168	775
168	978
169	313
169	469
169	992
169	1000
170	5
170	388
170	816
170	864
171	246
171	879
171	902
171	925
172	357
172	866
172	966
172	1000
173	692
173	961
173	983
173	995
174	732
174	864
174	969
174	989
175	143
175	295
175	895
175	981
176	945
176	971
176	982
176	997
177	200
177	235
177	505
177	860
178	507
178	574
178	762
178	991
179	723
179	846
179	874
179	992
180	755
180	912
180	962
180	979
181	459
181	877
181	933
181	974
182	190
182	341
182	641
182	944
183	100
183	842
183	906
183	958
184	22
184	718
184	720
184	910
185	827
185	937
185	992
185	1000
186	552
186	876
186	902
186	925
187	353
187	551
187	911
187	991
188	863
188	949
188	966
188	992
189	413
189	724
189	845
189	1000
190	182
190	937
190	949
190	966
191	31
191	360
191	915
191	992
192	501
192	632
192	843
192	954
193	331
193	877
193	940
193	979
194	337
194	799
194	873
194	917
195	335
195	566
195	813
195	969
196	676
196	726
196	862
196	970
197	22
197	327
197	837
197	854
198	71
198	751
198	924
198	998
199	911
199	959
199	991
199	999
200	177
200	604
200	941
200	969
201	549
201	602
201	793
201	894
202	444
202	538
202	935
202	998
203	791
203	953
203	971
203	982
204	280
204	561
204	883
204	952
205	448
205	707
205	938
205	988
206	6
206	655
206	901
206	962
207	286
207	617
207	919
207	996
208	334
208	694
208	959
208	991
209	639
209	680
209	932
209	943
210	107
210	807
210	847
210	963
211	71
211	155
211	753
211	987
212	412
212	534
212	647
212	957
213	92
213	829
213	870
213	942
214	107
214	473
214	893
214	934
215	575
215	876
215	899
215	925
216	399
216	814
216	921
216	994
217	469
217	658
217	841
217	958
218	528
218	607
218	903
218	997
219	150
219	918
219	955
219	990
220	414
220	743
220	904
220	946
221	37
221	804
221	912
221	919
222	112
222	310
222	639
222	674
223	314
223	328
223	925
223	944
224	435
224	669
224	760
224	999
225	266
225	931
225	971
225	996
226	933
226	980
226	988
226	993
227	64
227	838
227	921
227	961
228	749
228	779
228	817
228	961
229	818
229	833
229	853
229	991
230	757
230	892
230	979
230	984
231	884
231	937
231	949
231	966
232	924
232	979
232	981
232	998
233	539
233	898
233	927
233	962
234	355
234	569
234	859
234	972
235	177
235	936
235	956
235	986
236	4
236	901
236	921
236	995
237	101
237	414
237	697
237	999
238	824
238	905
238	976
238	985
239	46
239	146
239	437
239	858
240	603
240	914
240	932
240	982
241	629
241	957
241	967
241	985
242	364
242	497
242	885
242	908
243	697
243	786
243	942
243	952
244	23
244	898
244	912
244	932
245	295
245	408
245	609
245	996
246	62
246	171
246	720
246	962
247	899
247	902
247	903
247	925
248	874
248	901
248	927
248	948
249	40
249	425
249	878
249	944
250	316
250	741
250	930
250	935
251	129
251	616
251	800
251	979
252	97
252	855
252	903
252	929
252	971
253	381
253	862
253	960
253	990
253	999
254	300
254	819
254	884
254	948
254	983
255	343
255	728
255	860
255	892
255	989
256	490
256	695
256	844
256	969
256	984
257	334
257	933
257	980
257	988
257	993
258	727
258	867
258	899
258	902
258	925
259	728
259	743
259	904
259	931
259	946
260	543
260	585
260	957
260	976
260	985
261	854
261	898
261	910
261	935
261	962
262	797
262	940
262	944
262	971
262	979
263	859
263	930
263	938
263	981
263	998
264	684
264	933
264	968
264	986
264	988
265	686
265	796
265	807
265	972
265	973
266	225
266	738
266	820
266	895
266	931
267	338
267	568
267	845
267	927
267	994
268	39
268	706
268	826
268	974
268	993
269	637
269	686
269	723
269	976
269	985
270	510
270	839
270	915
270	966
270	1000
271	811
271	928
271	957
271	985
271	991
272	759
272	769
272	833
272	987
272	996
273	31
273	890
273	923
273	937
273	955
274	58
274	161
274	561
274	933
274	988
275	357
275	537
275	826
275	968
275	974
276	690
276	792
276	916
276	950
276	963
277	64
277	883
277	952
277	954
277	998
278	521
278	921
278	961
278	994
278	995
279	381
279	675
279	699
279	911
279	991
280	23
280	204
280	466
280	821
280	952
281	603
281	918
281	920
281	975
281	990
282	118
282	676
282	968
282	976
282	993
283	454
283	800
283	939
283	946
283	951
284	585
284	898
284	910
284	912
284	962
285	388
285	416
285	658
285	850
285	908
286	30
286	207
286	451
286	888
286	988
287	787
287	795
287	851
287	897
287	929
288	661
288	853
288	856
288	967
288	991
289	641
289	665
289	741
289	765
289	979
290	851
290	934
290	950
290	955
290	972
291	513
291	611
291	798
291	869
291	995
292	336
292	632
292	921
292	956
292	970
293	2
293	380
293	954
293	956
293	971
294	523
294	735
294	901
294	994
294	995
295	47
295	175
295	245
295	778
295	888
296	93
296	351
296	707
296	877
296	988
297	94
297	410
297	885
297	908
297	916
298	563
298	591
298	618
298	821
298	986
299	572
299	605
299	836
299	935
299	998
300	2
300	254
300	777
300	994
300	995
301	889
301	898
301	932
301	980
301	997
302	120
302	807
302	879
302	899
302	925
303	393
303	757
303	800
303	880
303	964
304	479
304	520
304	672
304	903
304	969
305	82
305	751
305	966
305	981
305	998
306	543
306	817
306	873
306	961
306	995
307	377
307	828
307	867
307	902
307	925
308	818
308	857
308	896
308	959
308	980
309	569
309	590
309	807
309	934
309	946
310	113
310	222
310	553
310	604
310	984
311	603
311	882
311	960
311	970
311	999
312	34
312	427
312	853
312	963
312	991
313	18
313	169
313	532
313	942
313	966
314	40
314	223
314	841
314	940
314	979
315	428
315	581
315	809
315	845
315	886
316	250
316	598
316	832
316	940
316	979
317	453
317	597
317	726
317	907
317	982
318	63
318	118
318	930
318	938
318	998
319	365
319	884
319	928
319	976
319	985
320	505
320	678
320	746
320	969
320	989
321	367
321	826
321	840
321	974
321	993
322	323
322	620
322	727
322	966
322	993
323	322
323	863
323	937
323	992
323	996
324	541
324	722
324	820
324	838
324	927
325	505
325	677
325	882
325	968
325	993
326	640
326	850
326	881
326	906
326	958
327	197
327	755
327	854
327	908
327	962
328	63
328	223
328	654
328	812
328	944
329	90
329	110
329	880
329	976
329	987
330	124
330	873
330	904
330	951
330	981
331	19
331	193
331	720
331	797
331	964
332	372
332	648
332	682
332	692
332	979
333	583
333	799
333	951
333	978
333	988
334	208
334	257
334	423
334	933
334	974
335	195
335	802
335	883
335	952
335	986
336	292
336	670
336	843
336	890
336	954
337	194
337	865
337	920
337	967
337	999
338	267
338	626
338	634
338	730
338	995
339	358
339	561
339	676
339	974
339	988
340	45
340	637
340	656
340	824
340	966
341	182
341	506
341	657
341	964
341	979
342	468
342	819
342	875
342	983
342	995
343	17
343	255
343	581
343	928
343	984
344	398
344	703
344	853
344	937
344	967
345	458
345	840
345	932
345	953
345	982
346	544
346	799
346	873
346	939
346	974
347	138
347	145
347	568
347	896
347	959
348	711
348	922
348	930
348	961
348	994
349	410
349	656
349	740
349	844
349	989
350	767
350	868
350	909
350	943
350	947
351	296
351	942
351	945
351	988
351	993
352	35
352	99
352	495
352	669
352	999
353	187
353	708
353	967
353	991
353	997
354	592
354	713
354	969
354	984
354	989
355	234
355	933
355	974
355	989
355	993
356	494
356	741
356	896
356	924
356	998
357	172
357	275
357	923
357	992
357	1000
358	339
358	895
358	919
358	931
358	996
359	687
359	811
359	812
359	914
359	980
360	191
360	661
360	694
360	868
360	991
361	150
361	590
361	718
361	886
361	934
362	475
362	758
362	937
362	956
362	1000
363	63
363	135
363	589
363	797
363	979
364	242
364	669
364	862
364	990
364	999
365	319
365	740
365	811
365	824
365	985
366	555
366	928
366	961
366	976
366	985
367	133
367	321
367	904
367	951
367	978
368	390
368	590
368	640
368	909
368	947
369	601
369	924
369	928
369	930
369	998
370	73
370	742
370	862
370	868
370	947
371	419
371	520
371	563
371	952
371	986
372	332
372	457
372	587
372	832
372	979
373	882
373	891
373	945
373	993
373	997
374	879
374	898
374	910
374	912
374	962
375	136
375	502
375	621
375	940
375	964
376	503
376	614
376	837
376	890
376	992
377	307
377	918
377	926
377	955
377	999
378	802
378	812
378	929
378	975
378	991
379	764
379	839
379	866
379	885
379	915
380	293
380	566
380	952
380	954
380	973
381	253
381	279
381	523
381	708
381	837
382	644
382	664
382	811
382	874
382	976
383	475
383	875
383	923
383	937
383	992
384	80
384	385
384	904
384	951
384	978
385	384
385	843
385	952
385	956
385	962
386	77
386	689
386	731
386	931
386	996
387	41
387	92
387	975
387	980
387	997
388	170
388	285
388	390
388	908
388	916
389	67
389	887
389	922
389	983
389	995
390	368
390	388
390	521
390	909
390	958
391	439
391	808
391	894
391	984
391	989
392	440
392	550
392	963
392	973
392	990
393	303
393	682
393	832
393	939
393	979
394	686
394	805
394	974
394	977
394	988
395	773
395	858
395	913
395	938
395	981
396	166
396	547
396	725
396	966
396	973
397	108
397	836
397	920
397	987
397	996
398	344
398	489
398	496
398	911
398	959
399	216
399	473
399	901
399	987
399	994
400	626
400	767
400	877
400	891
400	988
401	133
401	541
401	844
401	965
401	989
402	403
402	459
402	528
402	791
402	982
402	997
403	402
403	506
403	781
403	886
403	903
403	971
404	626
404	815
404	869
404	947
404	948
404	983
405	62
405	684
405	768
405	968
405	988
405	993
406	517
406	712
406	915
406	966
406	974
406	991
407	662
407	684
407	919
407	931
407	987
407	996
408	245
408	596
408	751
408	930
408	981
408	998
409	3
409	532
409	827
409	915
409	949
409	1000
410	128
410	297
410	349
410	965
410	984
410	989
411	611
411	852
411	932
411	975
411	977
411	980
412	212
412	637
412	762
412	846
412	976
412	985
413	189
413	658
413	776
413	845
413	851
413	916
414	220
414	237
414	433
414	813
414	852
414	986
415	687
415	905
415	953
415	980
415	982
415	992
416	5
416	135
416	285
416	660
416	756
416	976
417	99
417	628
417	719
417	852
417	942
417	954
418	109
418	613
418	764
418	872
418	992
418	1000
419	371
419	566
419	915
419	952
419	956
419	986
420	463
420	488
420	920
420	954
420	983
420	994
421	594
421	827
421	906
421	909
421	958
421	975
422	79
422	817
422	818
422	911
422	959
422	967
423	334
423	650
423	933
423	941
423	968
423	988
424	682
424	846
424	874
424	897
424	928
424	985
425	249
425	478
425	654
425	765
425	901
425	964
426	793
426	817
426	903
426	953
426	977
426	997
427	312
427	714
427	759
427	837
427	896
427	991
428	72
428	315
428	454
428	910
428	953
428	997
429	913
429	930
429	935
429	938
429	959
429	981
430	8
430	782
430	789
430	809
430	881
430	958
431	466
431	734
431	842
431	933
431	936
431	956
432	491
432	889
432	931
432	936
432	942
432	952
433	414
433	508
433	649
433	954
433	956
433	965
434	128
434	531
434	803
434	842
434	941
434	989
435	224
435	524
435	635
435	766
435	927
435	994
436	440
436	493
436	535
436	725
436	963
436	972
437	239
437	558
437	776
437	922
437	961
437	994
438	738
438	746
438	759
438	888
438	987
438	996
439	95
439	135
439	391
439	660
439	885
439	916
440	392
440	436
440	481
440	530
440	934
440	964
441	625
441	724
441	756
441	776
441	908
441	999
442	51
442	857
442	926
442	970
442	990
442	999
443	619
443	694
443	801
443	813
443	834
443	991
444	202
444	924
444	938
444	944
444	972
444	981
445	584
445	865
445	885
445	922
445	961
445	995
446	41
446	684
446	826
446	882
446	965
446	974
447	665
447	730
447	746
447	941
447	984
447	989
448	205
448	556
448	882
448	891
448	968
448	988
449	459
449	505
449	644
449	875
449	928
449	976
450	642
450	858
450	875
450	922
450	958
450	961
451	22
451	286
451	738
451	795
451	833
451	848
452	511
452	617
452	623
452	837
452	959
452	967
453	15
453	317
453	869
453	886
453	943
453	975
454	283
454	428
454	780
454	850
454	946
454	978
455	93
455	526
455	693
455	963
455	972
455	973
456	34
456	623
456	763
456	801
456	853
456	967
457	372
457	930
457	935
457	938
457	981
457	998
458	345
458	647
458	786
458	791
458	977
458	988
459	181
459	402
459	449
459	534
459	928
459	985
460	618
460	806
460	807
460	847
460	851
460	963
461	573
461	780
461	792
461	861
461	897
461	950
462	135
462	724
462	816
462	885
462	908
462	951
463	70
463	420
463	652
463	798
463	922
463	927
464	99
464	704
464	857
464	926
464	970
464	990
465	733
465	850
465	900
465	926
465	978
465	986
466	280
466	431
466	495
466	829
466	949
466	956
467	582
467	790
467	867
467	876
467	899
467	925
468	57
468	342
468	917
468	939
468	951
468	961
469	169
469	217
469	562
469	640
469	782
469	947
470	572
470	601
470	700
470	768
470	783
470	938
471	76
471	568
471	691
471	927
471	983
471	994
472	620
472	758
472	923
472	966
472	977
472	1000
473	214
473	399
473	568
473	777
473	819
473	901
474	668
474	825
474	928
474	976
474	985
474	988
475	362
475	383
475	721
475	740
475	866
475	1000
476	489
476	809
476	892
476	965
476	969
476	989
477	905
477	938
477	943
477	971
477	982
477	995
478	84
478	425
478	502
478	598
478	832
478	973
479	61
479	304
479	903
479	965
479	971
479	977
480	66
480	861
480	945
480	968
480	974
480	988
481	440
481	793
481	817
481	948
481	983
481	994
482	535
482	573
482	611
482	677
482	883
482	950
483	865
483	884
483	970
483	990
483	992
483	999
484	660
484	694
484	736
484	801
484	959
484	967
485	560
485	582
485	800
485	929
485	943
485	997
486	689
486	759
486	814
486	888
486	953
486	987
487	711
487	722
487	872
487	948
487	978
487	994
488	420
488	628
488	747
488	777
488	869
488	994
489	398
489	476
489	556
489	700
489	835
489	864
490	256
490	563
490	749
490	757
490	808
490	969
491	432
491	745
491	835
491	870
491	936
491	986
492	766
492	836
492	856
492	898
492	983
492	994
493	436
493	688
493	749
493	922
493	983
493	994
494	143
494	356
494	784
494	938
494	981
494	998
495	352
495	466
495	563
495	848
495	936
495	986
496	398
496	515
496	525
496	619
496	893
496	959
497	50
497	242
497	660
497	789
497	835
497	908
497	916
498	54
498	613
498	623
498	877
498	933
498	945
498	988
499	750
499	752
499	815
499	894
499	965
499	984
499	989
500	731
500	893
500	901
500	950
500	972
500	973
500	992
501	192
501	698
501	700
501	803
501	842
501	883
501	909
502	375
502	478
502	587
502	838
502	944
502	964
502	979
503	376
503	764
503	826
503	890
503	949
503	992
503	1000
504	505
504	610
504	669
504	864
504	941
504	965
504	989
505	177
505	320
505	325
505	449
505	504
505	965
505	984
506	341
506	403
506	653
506	870
506	883
506	954
506	986
507	131
507	178
507	729
507	780
507	799
507	973
507	978
508	433
508	734
508	813
508	936
508	954
508	955
508	986
509	569
509	765
509	950
509	963
509	972
509	973
509	992
510	14
510	16
510	270
510	605
510	975
510	980
510	997
511	452
511	736
511	896
511	959
511	967
511	984
511	991
512	86
512	815
512	819
512	872
512	899
512	921
512	995
513	291
513	524
513	633
513	849
513	921
513	927
513	995
514	165
514	609
514	699
514	739
514	919
514	958
514	966
515	496
515	526
515	661
515	801
515	875
515	991
515	996
516	565
516	712
516	770
516	885
516	923
516	992
516	1000
517	406
517	707
517	770
517	866
517	915
517	949
517	1000
518	646
518	670
518	726
518	936
518	942
518	954
518	960
519	733
519	765
519	797
519	878
519	944
519	964
519	982
520	114
520	304
520	371
520	739
520	903
520	980
520	997
521	278
521	390
521	841
521	851
521	868
521	881
521	947
522	127
522	739
522	770
522	848
522	886
522	919
522	996
523	79
523	294
523	381
523	843
523	853
523	896
523	991
524	435
524	513
524	652
524	873
524	875
524	901
524	921
525	496
525	574
525	619
525	675
525	794
525	890
525	911
526	60
526	455
526	515
526	709
526	794
526	853
526	860
527	545
527	648
527	695
527	789
527	839
527	965
527	992
528	218
528	402
528	943
528	980
528	989
528	997
528	1000
529	891
529	918
529	920
529	955
529	960
529	970
529	999
530	164
530	440
530	550
530	742
530	861
530	963
530	973
531	434
531	549
531	571
531	746
531	797
531	969
531	989
532	313
532	409
532	614
532	680
532	692
532	937
532	1000
533	758
533	768
533	863
533	949
533	983
533	992
533	1000
534	156
534	212
534	459
534	555
534	722
534	976
534	985
535	150
535	436
535	482
535	745
535	851
535	963
535	973
536	582
536	715
536	802
536	889
536	959
536	980
536	997
537	275
537	554
537	767
537	882
537	933
537	968
537	991
538	202
538	774
538	913
538	930
538	936
538	981
538	998
539	233
539	592
539	898
539	910
539	962
539	968
539	979
540	608
540	629
540	825
540	874
540	972
540	976
540	985
541	324
541	401
541	860
541	894
541	925
541	941
541	989
542	672
542	855
542	903
542	907
542	965
542	980
542	997
543	260
543	306
543	918
543	955
543	960
543	990
543	999
544	346
544	775
544	806
544	917
544	962
544	978
544	995
545	42
545	72
545	527
545	721
545	890
545	992
545	1000
546	711
546	735
546	836
546	927
546	948
546	983
546	990
547	33
547	149
547	396
547	611
547	801
547	847
547	972
548	576
548	664
548	848
548	931
548	963
548	987
548	995
549	53
549	201
549	531
549	823
549	844
549	969
549	984
550	392
550	530
550	702
550	822
550	847
550	893
550	897
551	3
551	187
551	811
551	825
551	957
551	976
551	985
552	65
552	186
552	728
552	806
552	853
552	900
552	946
553	310
553	556
553	630
553	740
553	750
553	860
553	965
554	136
554	537
554	707
554	891
554	945
554	985
554	988
555	156
555	366
555	534
555	585
555	874
555	946
555	957
556	448
556	489
556	553
556	860
556	941
556	969
556	989
557	831
557	913
557	924
557	956
557	975
557	981
557	998
558	437
558	625
558	658
558	826
558	885
558	908
558	916
559	700
559	784
559	835
559	894
559	955
559	965
559	969
560	14
560	485
560	739
560	849
560	951
560	953
560	982
561	204
561	274
561	339
561	671
561	743
561	974
561	993
562	469
562	640
562	841
562	881
562	922
562	923
562	958
563	298
563	371
563	490
563	495
563	673
563	821
563	986
564	620
564	624
564	764
564	811
564	949
564	992
564	1000
565	516
565	764
565	866
565	949
565	966
565	997
565	1000
566	195
566	380
566	419
566	842
566	936
566	986
566	992
567	687
567	716
567	736
567	900
567	904
567	917
567	978
568	267
568	347
568	471
568	473
568	815
568	875
568	889
569	234
569	309
569	509
569	859
569	950
569	970
569	973
570	763
570	867
570	876
570	879
570	902
570	913
570	925
571	531
571	651
571	787
571	905
571	941
571	965
571	989
572	299
572	470
572	913
572	932
572	935
572	938
572	942
573	461
573	482
573	590
573	670
573	731
573	824
573	973
574	145
574	178
574	525
574	675
574	694
574	967
574	975
574	986
575	215
575	857
575	865
575	887
575	906
575	918
575	955
575	999
576	548
576	708
576	830
576	834
576	871
576	919
576	970
576	987
577	819
577	848
577	889
577	932
577	975
577	980
577	982
577	997
578	154
578	772
578	844
578	890
578	923
578	949
578	992
578	1000
579	103
579	671
579	787
579	805
579	840
579	882
579	974
579	988
580	678
580	742
580	903
580	914
580	932
580	953
580	989
580	997
581	315
581	343
581	681
581	796
581	809
581	977
581	982
581	997
582	467
582	485
582	536
582	681
582	865
582	929
582	971
582	980
583	333
583	704
583	873
583	917
583	937
583	939
583	949
583	978
584	445
584	760
584	766
584	786
584	836
584	838
584	921
584	995
585	260
585	284
585	555
585	824
585	871
585	928
585	957
585	976
586	157
586	690
586	776
586	868
586	881
586	906
586	947
586	958
587	372
587	502
587	624
587	800
587	828
587	878
587	940
587	959
588	605
588	645
588	674
588	838
588	913
588	924
588	938
588	981
589	55
589	149
589	363
589	598
589	878
589	944
589	964
589	979
590	309
590	361
590	368
590	573
590	674
590	885
590	897
590	973
591	298
591	608
591	829
591	843
591	913
591	936
591	952
591	986
592	141
592	354
592	539
592	596
592	634
592	854
592	912
592	962
593	884
593	918
593	920
593	926
593	955
593	970
593	990
593	995
594	421
594	606
594	742
594	859
594	881
594	909
594	910
594	958
595	601
595	848
595	913
595	924
595	938
595	967
595	981
595	998
596	24
596	408
596	592
596	665
596	784
596	930
596	935
596	998
597	317
597	889
597	929
597	939
597	951
597	975
597	977
597	980
598	316
598	478
598	589
598	663
598	832
598	940
598	971
598	979
599	618
599	621
599	663
599	732
599	828
599	878
599	964
599	979
600	745
600	867
600	876
600	879
600	899
600	902
600	925
600	985
601	369
601	470
601	595
601	698
601	773
601	930
601	981
601	996
602	201
602	817
602	872
602	921
602	922
602	948
602	980
602	994
603	240
603	281
603	311
603	744
603	887
603	955
603	960
603	999
604	79
604	200
604	310
604	793
604	844
604	864
604	969
604	984
605	299
605	510
605	588
605	616
605	783
605	913
605	975
605	998
606	594
606	614
606	690
606	786
606	908
606	909
606	947
606	958
607	218
607	659
607	698
607	744
607	955
607	970
607	990
607	999
608	540
608	591
608	657
608	723
608	810
608	935
608	957
608	976
609	57
609	245
609	514
609	753
609	848
609	880
609	919
609	996
610	50
610	94
610	504
610	724
610	756
610	845
610	885
610	916
611	291
611	411
611	482
611	547
611	725
611	822
611	851
611	972
612	71
612	668
612	689
612	699
612	778
612	814
612	895
612	931
613	54
613	418
613	498
613	666
613	840
613	945
613	968
613	993
614	376
614	532
614	606
614	915
614	923
614	965
614	992
614	1000
615	72
615	674
615	679
615	788
615	971
615	977
615	980
615	985
616	251
616	605
616	695
616	741
616	924
616	938
616	981
616	998
617	207
617	452
617	739
617	756
617	778
617	795
617	848
617	987
618	298
618	460
618	599
618	807
618	822
618	861
618	893
618	934
619	39
619	443
619	496
619	525
619	660
619	714
619	837
619	967
620	18
620	322
620	472
620	564
620	721
620	915
620	973
620	992
621	69
621	375
621	599
621	622
621	682
621	940
621	964
621	979
622	621
622	884
622	887
622	918
622	960
622	970
622	990
622	999
623	452
623	456
623	498
623	703
623	837
623	853
623	967
623	987
624	164
624	564
624	587
624	705
624	934
624	950
624	963
624	973
625	441
625	558
625	816
625	845
625	885
625	908
625	916
625	957
626	338
626	400
626	404
626	706
626	722
626	856
626	872
626	995
627	6
627	655
627	804
627	889
627	898
627	910
627	912
627	962
628	417
628	488
628	646
628	852
628	883
628	931
628	942
628	986
629	241
629	540
629	644
629	657
629	903
629	928
629	957
629	985
630	21
630	101
630	553
630	829
630	870
630	883
630	942
630	981
631	154
631	702
631	712
631	890
631	924
631	937
631	966
631	1000
632	192
632	292
632	653
632	698
632	772
632	813
632	940
632	942
633	513
633	654
633	722
633	772
633	858
633	872
633	922
633	987
634	111
634	338
634	592
634	854
634	881
634	910
634	912
634	962
635	83
635	435
635	856
635	872
635	875
635	972
635	994
635	995
636	12
636	741
636	924
636	930
636	935
636	941
636	981
636	998
637	269
637	340
637	412
637	656
637	957
637	971
637	976
637	985
638	103
638	676
638	706
638	805
638	840
638	900
638	911
638	968
639	209
639	222
639	658
639	859
639	861
639	897
639	963
639	972
640	326
640	368
640	469
640	562
640	823
640	841
640	947
640	952
641	88
641	182
641	289
641	654
641	789
641	800
641	944
641	979
642	75
642	450
642	691
642	815
642	932
642	948
642	983
642	994
643	862
643	884
643	901
643	920
643	955
643	970
643	986
643	990
644	382
644	449
644	629
644	770
644	796
644	874
644	957
644	976
644	985
645	90
645	104
645	588
645	774
645	854
645	913
645	930
645	981
645	998
646	518
646	628
646	821
646	876
646	883
646	896
646	936
646	954
646	956
647	212
647	458
647	717
647	802
647	855
647	886
647	929
647	977
647	999
648	332
648	527
648	758
648	827
648	863
648	890
648	921
648	923
648	1000
649	433
649	687
649	710
649	903
649	914
649	951
649	953
649	975
649	982
650	118
650	423
650	706
650	768
650	826
650	849
650	864
650	891
650	968
651	571
651	730
651	750
651	838
651	892
651	944
651	965
651	969
651	989
652	9
652	463
652	524
652	782
652	795
652	856
652	983
652	994
652	995
653	506
653	632
653	697
653	698
653	843
653	849
653	877
653	954
653	956
654	328
654	425
654	633
654	641
654	669
654	800
654	832
654	944
654	964
655	206
655	627
655	720
655	755
655	898
655	912
655	941
655	962
655	993
656	3
656	340
656	349
656	637
656	657
656	668
656	927
656	957
656	976
657	98
657	341
657	608
657	629
657	656
657	668
657	737
657	896
657	976
658	126
658	217
658	285
658	413
658	558
658	639
658	756
658	776
658	908
659	607
659	862
659	884
659	926
659	953
659	955
659	970
659	977
659	999
660	95
660	416
660	439
660	484
660	497
660	619
660	816
660	885
660	916
661	288
661	360
661	515
661	896
661	911
661	928
661	959
661	991
661	999
662	163
662	407
662	696
662	795
662	848
662	862
662	888
662	931
662	987
663	11
663	129
663	598
663	599
663	846
663	940
663	964
663	979
663	1000
664	382
664	548
664	689
664	796
664	814
664	871
664	880
664	987
664	996
665	289
665	447
665	596
665	765
665	878
665	940
665	944
665	964
665	979
666	1
666	613
666	768
666	877
666	940
666	945
666	968
666	974
666	988
667	734
667	857
667	920
667	926
667	955
667	958
667	960
667	990
667	999
668	474
668	612
668	656
668	657
668	824
668	846
668	879
668	928
668	976
669	224
669	352
669	364
669	504
669	654
669	955
669	970
669	990
669	999
670	336
670	518
670	573
670	803
670	842
670	936
670	956
670	974
670	986
671	561
671	579
671	707
671	859
671	879
671	891
671	945
671	968
671	993
672	304
672	542
672	902
672	907
672	914
672	968
672	977
672	982
672	997
673	563
673	716
673	728
673	803
673	806
673	873
673	917
673	946
673	978
674	222
674	588
674	590
674	615
674	847
674	861
674	950
674	972
674	973
675	279
675	525
675	574
675	694
675	717
675	801
675	837
675	911
675	996
676	196
676	282
676	339
676	638
676	832
676	891
676	945
676	988
676	993
677	325
677	482
677	707
677	882
677	891
677	945
677	974
677	991
677	993
678	320
678	580
678	788
678	886
678	932
678	953
678	975
678	994
678	997
679	615
679	892
679	903
679	943
679	957
679	971
679	980
679	982
679	997
680	209
680	532
680	889
680	914
680	921
680	929
680	977
680	980
680	997
681	581
681	582
681	687
681	893
681	905
681	914
681	952
681	953
681	975
682	1
682	332
682	393
682	424
682	621
682	823
682	878
682	887
682	964
683	27
683	743
683	780
683	850
683	900
683	904
683	951
683	978
683	979
684	264
684	405
684	407
684	446
684	714
684	891
684	974
684	988
684	993
685	734
685	803
685	813
685	843
685	852
685	911
685	930
685	956
685	986
686	265
686	269
686	394
686	826
686	893
686	945
686	968
686	988
686	993
687	359
687	415
687	567
687	649
687	681
687	975
687	977
687	982
687	999
688	111
688	493
688	755
688	757
688	804
688	854
688	898
688	910
688	962
689	127
689	386
689	486
689	612
689	664
689	716
689	824
689	919
689	931
689	987
690	276
690	586
690	606
690	742
690	761
690	769
690	846
690	881
690	909
690	958
691	471
691	642
691	711
691	735
691	858
691	875
691	902
691	927
691	928
691	977
692	173
692	332
692	532
692	727
692	866
692	923
692	937
692	949
692	966
692	992
693	455
693	726
693	865
693	887
693	955
693	960
693	964
693	970
693	990
693	999
694	142
694	208
694	360
694	443
694	484
694	574
694	675
694	708
694	978
694	985
695	109
695	256
695	527
695	616
695	727
695	770
695	839
695	915
695	937
695	992
696	90
696	165
696	662
696	814
696	830
696	848
696	895
696	962
696	993
696	996
697	35
697	237
697	243
697	653
697	719
697	834
697	883
697	936
697	952
697	977
698	501
698	601
698	607
698	632
698	653
698	734
698	745
698	784
698	852
698	986
699	279
699	514
699	612
699	830
699	850
699	880
699	888
699	931
699	987
699	996
700	470
700	489
700	501
700	559
700	793
700	860
700	894
700	925
700	969
700	984
701	81
701	151
701	730
701	775
701	806
701	904
701	917
701	939
701	951
701	957
702	35
702	550
702	631
702	803
702	843
702	852
702	942
702	952
702	954
702	986
703	344
703	623
703	709
703	801
703	818
703	867
703	896
703	967
703	984
703	991
704	168
704	464
704	583
704	716
704	771
704	780
704	884
704	904
704	939
704	978
705	93
705	149
705	624
705	718
705	855
705	859
705	870
705	950
705	963
705	973
706	70
706	268
706	626
706	638
706	650
706	840
706	877
706	945
706	990
706	993
707	124
707	205
707	296
707	517
707	554
707	671
707	677
707	933
707	974
707	988
708	132
708	353
708	381
708	576
708	694
708	741
708	896
708	911
708	967
708	991
709	526
709	703
709	736
709	762
709	784
709	794
709	851
709	959
709	967
709	991
710	649
710	886
710	907
710	914
710	939
710	963
710	975
710	977
710	982
710	997
711	111
711	348
711	487
711	546
711	691
711	819
711	841
711	906
711	961
711	994
712	406
712	516
712	631
712	727
712	756
712	863
712	866
712	897
712	966
712	992
713	113
713	354
713	730
713	757
713	804
713	808
713	941
713	984
713	989
713	998
714	9
714	427
714	619
714	684
714	798
714	817
714	901
714	948
714	983
714	995
715	536
715	746
715	750
715	752
715	757
715	882
715	894
715	941
715	965
715	969
716	567
716	673
716	689
716	704
716	775
716	911
716	917
716	939
716	946
716	978
717	647
717	675
717	802
717	817
717	886
717	914
717	943
717	975
717	980
717	982
718	184
718	361
718	705
718	796
718	893
718	897
718	934
718	950
718	972
718	995
719	417
719	697
719	734
719	829
719	870
719	890
719	944
719	952
719	956
719	986
720	22
720	184
720	246
720	331
720	655
720	910
720	912
720	920
720	962
720	967
721	10
721	475
721	545
721	620
721	727
721	863
721	915
721	930
721	937
721	992
722	324
722	487
722	534
722	626
722	633
722	827
722	856
722	981
722	994
722	995
723	52
723	98
723	179
723	269
723	608
723	854
723	928
723	934
723	957
723	976
723	985
724	112
724	126
724	189
724	441
724	462
724	610
724	756
724	776
724	816
724	908
724	952
725	396
725	436
725	611
725	747
725	845
725	859
725	861
725	934
725	942
725	963
725	972
726	196
726	317
726	518
726	693
726	884
726	920
726	926
726	960
726	970
726	979
726	990
727	258
727	322
727	692
727	695
727	712
727	721
727	866
727	890
727	923
727	992
727	997
728	76
728	255
728	259
728	552
728	673
728	878
728	900
728	905
728	939
728	946
728	978
729	507
729	733
729	743
729	799
729	806
729	915
729	931
729	939
729	946
729	951
729	978
730	338
730	447
730	651
730	701
730	713
730	752
730	835
730	894
730	965
730	969
730	984
731	150
731	386
731	500
731	573
731	807
731	861
731	897
731	934
731	948
731	950
731	972
732	11
732	137
732	174
732	599
732	823
732	878
732	940
732	944
732	964
732	978
732	979
733	465
733	519
733	729
733	775
733	780
733	873
733	904
733	927
733	946
733	951
733	978
734	431
734	508
734	667
734	685
734	698
734	719
734	749
734	829
734	936
734	956
734	973
735	294
735	546
735	691
735	749
735	816
735	822
735	838
735	856
735	901
735	961
735	983
736	484
736	511
736	567
736	709
736	748
736	785
736	801
736	911
736	959
736	967
736	991
737	121
737	657
737	779
737	810
737	825
737	848
737	874
737	928
737	929
737	957
737	985
738	33
738	266
738	438
738	451
738	771
738	795
738	833
738	843
738	895
738	931
738	987
739	514
739	520
739	522
739	560
739	617
739	771
739	795
739	871
739	888
739	962
739	996
740	349
740	365
740	475
740	553
740	750
740	892
740	894
740	941
740	965
740	969
740	989
741	161
741	250
741	289
741	356
741	616
741	636
741	708
741	773
741	784
741	935
741	981
742	370
742	530
742	580
742	594
742	690
742	761
742	769
742	868
742	881
742	906
742	947
743	139
743	220
743	259
743	561
743	683
743	729
743	775
743	850
743	900
743	951
743	978
744	14
744	46
744	603
744	607
744	863
744	887
744	894
744	918
744	970
744	990
744	999
745	491
745	535
745	600
745	698
745	764
745	803
745	852
745	883
745	942
745	952
745	986
746	320
746	438
746	447
746	531
746	715
746	844
746	847
746	869
746	892
746	941
746	989
747	167
747	488
747	725
747	798
747	856
747	872
747	921
747	927
747	935
747	948
747	961
748	736
748	785
748	788
748	790
748	867
748	876
748	879
748	894
748	899
748	902
748	925
749	228
749	490
749	493
749	734
749	735
749	820
749	872
749	921
749	927
749	930
749	983
750	60
750	499
750	553
750	651
750	715
750	740
750	892
750	941
750	977
750	984
750	989
751	198
751	305
751	408
751	773
751	774
751	935
751	938
751	952
751	958
751	981
751	998
752	17
752	113
752	499
752	715
752	730
752	771
752	844
752	864
752	920
752	984
752	989
753	211
753	609
753	759
753	771
753	795
753	814
753	848
753	880
753	895
753	941
753	957
754	833
754	880
754	888
754	895
754	914
754	919
754	931
754	953
754	960
754	987
754	996
755	28
755	180
755	327
755	655
755	688
755	777
755	818
755	854
755	912
755	962
755	974
756	94
756	416
756	441
756	610
756	617
756	658
756	712
756	724
756	816
756	845
756	916
757	8
757	230
757	303
757	490
757	688
757	713
757	715
757	793
757	864
757	892
757	989
758	362
758	472
758	533
758	648
758	770
758	774
758	839
758	907
758	966
758	992
758	1000
759	272
759	427
759	438
759	486
759	753
759	771
759	814
759	898
759	919
759	942
759	987
759	996
760	27
760	224
760	584
760	782
760	865
760	884
760	887
760	920
760	926
760	958
760	990
760	999
761	690
761	742
761	786
761	789
761	805
761	841
761	858
761	868
761	906
761	909
761	958
761	996
762	138
762	178
762	412
762	709
762	812
762	818
762	896
762	911
762	959
762	961
762	967
762	991
763	26
763	456
763	570
763	785
763	790
763	867
763	876
763	879
763	899
763	902
763	925
763	990
764	379
764	418
764	503
764	564
764	565
764	745
764	890
764	912
764	966
764	992
764	995
764	1000
765	137
765	289
765	425
765	509
765	519
765	665
765	800
765	828
765	916
765	940
765	964
765	979
766	435
766	492
766	584
766	817
766	869
766	917
766	922
766	927
766	962
766	983
766	991
766	995
767	41
767	350
767	400
767	537
767	826
767	829
767	877
767	945
767	968
767	974
767	983
767	993
768	58
768	405
768	470
768	533
768	650
768	666
768	791
768	882
768	933
768	945
768	968
768	993
769	8
769	272
769	690
769	742
769	782
769	786
769	868
769	881
769	906
769	912
769	947
769	977
770	19
770	516
770	517
770	522
770	644
770	695
770	758
770	841
770	923
770	966
770	992
770	1000
771	704
771	738
771	739
771	752
771	753
771	759
771	778
771	888
771	895
771	918
771	987
771	996
772	134
772	146
772	158
772	578
772	632
772	633
772	869
772	901
772	921
772	922
772	983
772	995
773	395
773	601
773	741
773	751
773	783
773	899
773	913
773	924
773	928
773	930
773	938
773	981
774	125
774	134
774	538
774	645
774	751
774	758
774	913
774	916
774	935
774	938
774	987
774	998
775	168
775	544
775	701
775	716
775	733
775	743
775	860
775	871
775	873
775	939
775	946
775	978
776	5
776	413
776	437
776	441
776	586
776	658
776	724
776	816
776	845
776	885
776	908
776	916
777	28
777	29
777	300
777	473
777	488
777	755
777	856
777	927
777	948
777	983
777	993
777	994
778	131
778	295
778	612
778	617
778	771
778	880
778	895
778	931
778	947
778	973
778	987
778	996
779	3
779	32
779	228
779	737
779	810
779	846
779	928
779	938
779	957
779	976
779	985
779	995
780	130
780	454
780	461
780	507
780	683
780	704
780	733
780	799
780	917
780	946
780	978
780	989
781	15
781	91
781	403
781	849
781	855
781	889
781	905
781	932
781	975
781	977
781	983
781	997
782	73
782	110
782	430
782	469
782	652
782	760
782	769
782	789
782	881
782	906
782	909
782	958
783	470
783	605
783	773
783	831
783	888
783	913
783	919
783	930
783	938
783	949
783	981
783	998
784	161
784	494
784	559
784	596
784	698
784	709
784	741
784	831
784	913
784	924
784	935
784	998
785	736
785	748
785	763
785	790
785	867
785	876
785	879
785	899
785	902
785	925
785	954
785	982
786	43
786	243
786	458
786	584
786	606
786	761
786	769
786	789
786	881
786	906
786	909
786	947
786	958
787	287
787	571
787	579
787	792
787	822
787	851
787	859
787	861
787	893
787	926
787	934
787	950
787	972
788	615
788	678
788	748
788	849
788	854
788	886
788	905
788	909
788	971
788	975
788	977
788	980
788	982
789	25
789	153
789	430
789	497
789	527
789	641
789	761
789	782
789	786
789	841
789	868
789	947
789	958
790	467
790	748
790	763
790	785
790	863
790	867
790	876
790	879
790	891
790	899
790	902
790	918
790	925
791	203
791	402
791	458
791	768
791	794
791	902
791	905
791	907
791	914
791	975
791	977
791	982
791	997
792	33
792	112
792	276
792	461
792	787
792	864
792	875
792	897
792	921
792	950
792	963
792	972
792	973
793	201
793	426
793	481
793	604
793	700
793	757
793	808
793	852
793	892
793	965
793	969
793	984
793	989
794	145
794	525
794	526
794	709
794	791
794	853
794	896
794	911
794	959
794	967
794	991
794	992
794	999
795	287
795	451
795	617
795	652
795	662
795	738
795	739
795	753
795	833
795	834
795	888
795	931
795	996
796	164
796	265
796	581
796	644
796	664
796	718
796	851
796	859
796	893
796	897
796	934
796	963
796	973
797	82
797	137
797	262
797	331
797	363
797	519
797	531
797	823
797	878
797	903
797	940
797	964
797	979
798	167
798	291
798	463
798	714
798	747
798	803
798	825
798	838
798	858
798	921
798	922
798	961
798	987
799	151
799	194
799	333
799	346
799	507
799	729
799	780
799	830
799	850
799	904
799	939
799	945
799	983
800	251
800	283
800	303
800	485
800	587
800	641
800	654
800	765
800	828
800	940
800	944
800	972
800	979
801	138
801	142
801	443
801	456
801	484
801	515
801	547
801	675
801	703
801	736
801	924
801	967
801	986
802	7
802	335
802	378
802	536
802	647
802	717
802	905
802	926
802	932
802	943
802	971
802	975
802	990
803	434
803	501
803	670
803	673
803	685
803	702
803	745
803	798
803	813
803	829
803	870
803	942
803	986
804	6
804	23
804	115
804	152
804	221
804	627
804	688
804	713
804	854
804	898
804	910
804	962
804	969
805	114
805	147
805	394
805	579
805	638
805	761
805	882
805	891
805	933
805	934
805	968
805	974
805	988
806	460
806	544
806	552
806	673
806	701
806	729
806	900
806	917
806	939
806	946
806	951
806	973
806	978
807	44
807	210
807	265
807	302
807	309
807	460
807	618
807	731
807	847
807	897
807	957
807	963
807	973
808	391
808	490
808	713
808	793
808	819
808	820
808	864
808	894
808	963
808	965
808	969
808	984
808	989
809	16
809	119
809	315
809	430
809	476
809	581
809	867
809	903
809	943
809	977
809	980
809	982
809	997
810	52
810	97
810	98
810	608
810	737
810	779
810	812
810	874
810	919
810	957
810	961
810	976
810	985
811	52
811	97
811	156
811	271
811	359
811	365
811	382
811	551
811	564
811	825
811	840
811	874
811	985
812	89
812	328
812	359
812	378
812	762
812	810
812	855
812	914
812	943
812	971
812	975
812	982
812	997
813	195
813	414
813	443
813	508
813	632
813	685
813	803
813	836
813	870
813	930
813	936
813	954
813	986
814	54
814	59
814	216
814	486
814	612
814	664
814	696
814	753
814	759
814	880
814	931
814	987
814	996
815	404
815	499
815	512
815	568
815	642
815	820
815	839
815	856
815	858
815	869
815	900
815	921
815	948
815	994
816	68
816	170
816	462
816	625
816	660
816	724
816	735
816	756
816	776
816	845
816	885
816	916
816	923
816	948
817	102
817	228
817	306
817	422
817	426
817	481
817	602
817	714
817	717
817	766
817	819
817	927
817	983
817	994
818	39
818	115
818	229
818	308
818	422
818	703
818	755
818	762
818	896
818	959
818	967
818	977
818	985
818	991
819	254
819	342
819	473
819	512
819	577
819	711
819	808
819	817
819	875
819	922
819	943
819	948
819	983
819	995
820	102
820	122
820	266
820	324
820	749
820	808
820	815
820	838
820	875
820	890
820	961
820	983
820	994
820	995
821	64
821	69
821	280
821	298
821	563
821	646
821	833
821	852
821	870
821	942
821	954
821	956
821	986
821	990
822	10
822	33
822	550
822	611
822	618
822	735
822	787
822	857
822	934
822	935
822	950
822	963
822	972
822	973
823	1
823	40
823	69
823	549
823	640
823	682
823	732
823	797
823	828
823	878
823	944
823	957
823	964
823	979
824	238
824	340
824	365
824	573
824	585
824	668
824	689
824	825
824	830
824	846
824	928
824	957
824	976
824	985
825	474
825	540
825	551
825	737
825	798
825	811
825	824
825	846
825	928
825	944
825	946
825	957
825	976
825	985
826	268
826	275
826	321
826	446
826	503
826	558
826	650
826	686
826	767
826	840
826	945
826	967
826	974
826	993
827	123
827	185
827	409
827	421
827	648
827	722
827	863
827	923
827	937
827	942
827	949
827	966
827	992
827	1000
828	1
828	307
828	587
828	599
828	765
828	800
828	823
828	832
828	915
828	940
828	944
828	961
828	964
828	979
829	2
829	213
829	466
829	591
829	630
829	719
829	734
829	767
829	803
829	897
829	942
829	954
829	956
829	980
830	44
830	576
830	696
830	699
830	799
830	824
830	833
830	871
830	888
830	895
830	919
830	931
830	980
830	987
831	120
831	557
831	783
831	784
831	924
831	930
831	935
831	938
831	940
831	943
831	949
831	969
831	981
831	998
832	165
832	316
832	372
832	393
832	478
832	598
832	654
832	676
832	828
832	939
832	940
832	944
832	964
832	979
833	229
833	272
833	451
833	738
833	754
833	795
833	821
833	830
833	871
833	880
833	919
833	971
833	986
833	987
833	996
834	48
834	55
834	77
834	90
834	143
834	443
834	576
834	697
834	795
834	848
834	871
834	883
834	888
834	987
834	996
835	88
835	489
835	491
835	497
835	559
835	730
835	844
835	860
835	892
835	941
835	959
835	965
835	969
835	984
835	989
836	122
836	299
836	397
836	492
836	546
836	584
836	813
836	872
836	901
836	921
836	927
836	948
836	961
836	983
836	995
837	74
837	79
837	197
837	376
837	381
837	427
837	452
837	619
837	623
837	675
837	857
837	911
837	959
837	967
837	991
838	227
838	324
838	502
838	584
838	588
838	651
838	735
838	798
838	820
838	856
838	901
838	927
838	929
838	994
838	995
839	16
839	144
839	270
839	379
839	527
839	695
839	758
839	815
839	866
839	937
839	949
839	954
839	966
839	992
839	1000
840	58
840	321
840	345
840	579
840	613
840	638
840	706
840	811
840	826
840	877
840	922
840	933
840	974
840	982
840	993
841	25
841	43
841	73
841	217
841	314
841	521
841	562
841	640
841	711
841	761
841	770
841	789
841	909
841	947
841	958
842	26
842	183
842	431
842	434
842	501
842	566
842	670
842	852
842	880
842	883
842	936
842	952
842	954
842	956
842	986
843	192
843	336
843	385
843	523
843	591
843	653
843	685
843	702
843	738
843	883
843	898
843	936
843	942
843	952
843	986
844	17
844	163
844	256
844	349
844	401
844	549
844	578
844	604
844	746
844	752
844	835
844	941
844	969
844	984
844	985
844	990
845	95
845	126
845	189
845	267
845	315
845	413
845	610
845	625
845	725
845	756
845	776
845	816
845	885
845	901
845	908
845	916
846	83
846	179
846	412
846	424
846	663
846	668
846	690
846	779
846	824
846	825
846	874
846	882
846	905
846	928
846	976
846	985
847	210
847	460
847	547
847	550
847	674
847	746
847	807
847	851
847	861
847	870
847	893
847	904
847	934
847	950
847	963
847	972
848	451
848	495
848	522
848	548
848	577
848	595
848	609
848	617
848	662
848	696
848	737
848	753
848	834
848	880
848	987
848	996
849	513
849	560
849	650
849	653
849	781
849	788
849	905
849	907
849	914
849	929
849	932
849	943
849	953
849	971
849	977
849	997
850	78
850	285
850	326
850	454
850	465
850	683
850	699
850	743
850	799
850	873
850	900
850	917
850	939
850	951
850	978
850	1000
851	287
851	290
851	413
851	460
851	521
851	535
851	611
851	709
851	787
851	796
851	847
851	934
851	950
851	963
851	972
851	973
852	86
852	411
852	414
852	417
852	628
852	685
852	698
852	702
852	745
852	793
852	821
852	842
852	949
852	954
852	986
852	988
853	132
853	229
853	288
853	312
853	344
853	456
853	523
853	526
853	552
853	623
853	794
853	932
853	959
853	962
853	967
853	991
854	141
854	197
854	261
854	327
854	592
854	634
854	645
854	688
854	723
854	755
854	788
854	804
854	898
854	910
854	912
854	962
855	7
855	252
855	542
855	647
855	705
855	781
855	812
855	887
855	889
855	907
855	932
855	943
855	971
855	973
855	977
855	997
856	9
856	288
856	492
856	626
856	635
856	652
856	722
856	735
856	747
856	777
856	815
856	838
856	869
856	959
856	974
856	995
857	308
857	442
857	464
857	575
857	667
857	822
857	837
857	918
857	920
857	926
857	955
857	960
857	970
857	983
857	990
857	999
858	29
858	102
858	146
858	239
858	395
858	450
858	633
858	691
858	761
858	798
858	815
858	886
858	892
858	901
858	961
858	994
859	20
859	234
859	263
859	569
859	594
859	639
859	671
859	705
859	725
859	787
859	796
859	914
859	934
859	950
859	963
859	972
860	177
860	255
860	526
860	541
860	553
860	556
860	700
860	775
860	835
860	892
860	894
860	948
860	965
860	969
860	984
860	989
861	9
861	461
861	480
861	530
861	618
861	639
861	674
861	725
861	731
861	787
861	847
861	880
861	897
861	934
861	950
861	973
862	196
862	253
862	364
862	370
862	643
862	659
862	662
862	887
862	920
862	926
862	955
862	960
862	970
862	990
862	995
862	999
863	42
863	188
863	323
863	533
863	648
863	712
863	721
863	744
863	790
863	827
863	890
863	914
863	915
863	923
863	966
863	1000
864	53
864	170
864	174
864	489
864	504
864	604
864	650
864	752
864	757
864	792
864	808
864	882
864	894
864	941
864	965
864	969
864	984
865	337
865	445
865	483
865	575
865	582
865	693
865	760
865	918
865	920
865	926
865	936
865	955
865	959
865	960
865	970
865	990
865	999
866	172
866	379
866	475
866	517
866	565
866	692
866	712
866	727
866	839
866	889
866	912
866	915
866	923
866	949
866	966
866	994
866	1000
867	258
867	307
867	467
867	570
867	600
867	703
867	748
867	763
867	785
867	790
867	809
867	876
867	879
867	899
867	902
867	924
867	925
868	38
868	100
868	350
868	360
868	370
868	521
868	586
868	742
868	761
868	769
868	789
868	906
868	909
868	947
868	958
868	960
868	1000
869	4
869	102
869	291
869	404
869	453
869	488
869	746
869	766
869	772
869	815
869	856
869	875
869	922
869	948
869	955
869	972
869	983
870	26
870	40
870	162
870	213
870	491
870	506
870	630
870	705
870	719
870	803
870	813
870	821
870	847
870	942
870	952
870	956
870	986
871	48
871	55
871	108
871	576
871	585
871	664
871	739
871	775
871	830
871	833
871	834
871	880
871	895
871	904
871	931
871	946
871	987
871	996
872	53
872	130
872	418
872	487
872	512
872	602
872	626
872	633
872	635
872	747
872	749
872	836
872	901
872	948
872	961
872	994
872	995
872	998
873	80
873	124
873	131
873	194
873	306
873	330
873	346
873	524
873	583
873	673
873	733
873	775
873	850
873	900
873	923
873	939
873	946
873	978
873	993
874	91
874	125
874	179
874	248
874	382
874	424
874	540
874	555
874	644
874	737
874	810
874	811
874	846
874	923
874	928
874	957
874	985
874	993
874	1000
875	342
875	383
875	449
875	450
875	515
875	524
875	568
875	635
875	691
875	792
875	819
875	820
875	869
875	901
875	921
875	927
875	961
875	983
875	995
876	159
876	186
876	215
876	467
876	570
876	600
876	646
876	748
876	763
876	785
876	790
876	867
876	879
876	894
876	899
876	902
876	925
876	938
876	978
877	103
877	181
877	193
877	296
877	400
877	498
877	653
877	666
877	706
877	767
877	840
877	914
877	933
877	945
877	968
877	973
877	974
877	988
877	993
878	36
878	249
878	519
878	587
878	589
878	599
878	665
878	682
878	728
878	732
878	797
878	823
878	940
878	944
878	964
878	969
878	979
878	981
878	993
879	155
879	171
879	302
879	374
879	570
879	600
879	668
879	671
879	748
879	763
879	785
879	790
879	867
879	876
879	899
879	902
879	903
879	925
879	986
880	303
880	329
880	609
880	664
880	699
880	753
880	754
880	778
880	814
880	833
880	842
880	848
880	861
880	871
880	895
880	919
880	969
880	987
880	996
881	43
881	326
881	430
881	521
881	562
881	586
881	594
881	634
881	690
881	742
881	769
881	782
881	786
881	888
881	906
881	927
881	934
881	947
881	958
882	61
882	311
882	325
882	373
882	446
882	448
882	537
882	579
882	677
882	715
882	768
882	805
882	846
882	864
882	933
882	945
882	968
882	988
882	993
883	56
883	204
883	277
883	335
883	482
883	501
883	506
883	628
883	630
883	646
883	697
883	745
883	834
883	842
883	843
883	942
883	954
883	986
883	998
884	140
884	231
884	254
884	319
884	483
884	593
884	622
884	643
884	659
884	704
884	726
884	760
884	887
884	920
884	926
884	955
884	960
884	970
884	999
885	68
885	126
885	242
885	297
885	379
885	439
885	445
885	462
885	516
885	558
885	590
885	610
885	625
885	660
885	776
885	816
885	845
885	908
885	916
886	315
886	361
886	403
886	453
886	522
886	647
886	678
886	710
886	717
886	788
886	858
886	889
886	893
886	929
886	932
886	943
886	953
886	971
886	982
887	389
887	575
887	603
887	622
887	682
887	693
887	744
887	760
887	855
887	862
887	884
887	918
887	920
887	926
887	960
887	970
887	979
887	990
887	999
888	71
888	286
888	295
888	438
888	486
888	662
888	699
888	739
888	754
888	771
888	783
888	795
888	830
888	834
888	881
888	919
888	948
888	979
888	987
888	996
889	301
889	432
889	536
889	568
889	577
889	597
889	627
889	680
889	781
889	855
889	866
889	886
889	903
889	907
889	932
889	957
889	971
889	977
889	980
889	982
890	109
890	273
890	336
890	376
890	503
890	525
890	545
890	578
890	631
890	648
890	719
890	727
890	764
890	820
890	863
890	923
890	937
890	949
890	992
890	1000
891	106
891	373
891	400
891	448
891	529
891	554
891	650
891	671
891	676
891	677
891	684
891	790
891	805
891	944
891	945
891	968
891	974
891	988
891	993
891	996
892	230
892	255
892	476
892	651
892	679
892	740
892	746
892	750
892	757
892	793
892	835
892	858
892	860
892	894
892	946
892	960
892	965
892	969
892	984
892	989
893	10
893	107
893	214
893	496
893	500
893	550
893	618
893	681
893	686
893	718
893	787
893	796
893	847
893	886
893	897
893	934
893	950
893	951
893	963
893	972
894	201
894	391
894	499
894	541
894	559
894	700
894	715
894	730
894	740
894	744
894	748
894	808
894	860
894	864
894	876
894	892
894	909
894	941
894	984
894	989
895	160
895	175
895	266
895	358
895	612
895	696
895	738
895	753
895	754
895	771
895	778
895	830
895	871
895	880
895	924
895	931
895	952
895	956
895	963
895	987
896	113
896	142
896	308
896	347
896	356
896	427
896	511
896	523
896	646
896	657
896	661
896	703
896	708
896	762
896	794
896	818
896	911
896	959
896	967
896	991
897	287
897	424
897	461
897	550
897	590
897	639
897	712
897	718
897	731
897	792
897	796
897	807
897	829
897	861
897	893
897	917
897	934
897	950
897	963
897	973
898	23
898	73
898	152
898	233
898	244
898	261
898	284
898	301
898	374
898	492
898	539
898	627
898	655
898	688
898	759
898	804
898	843
898	854
898	910
898	912
898	962
899	155
899	159
899	215
899	247
899	258
899	302
899	467
899	512
899	600
899	748
899	763
899	773
899	785
899	790
899	867
899	876
899	879
899	902
899	925
899	938
899	994
900	78
900	80
900	133
900	465
900	552
900	567
900	638
900	683
900	728
900	743
900	806
900	815
900	850
900	873
900	916
900	917
900	932
900	939
900	946
900	978
900	982
901	122
901	206
901	236
901	248
901	294
901	399
901	425
901	473
901	500
901	524
901	643
901	714
901	735
901	772
901	836
901	838
901	845
901	858
901	872
901	875
901	922
901	995
902	155
902	171
902	186
902	247
902	258
902	307
902	570
902	600
902	672
902	691
902	748
902	763
902	785
902	790
902	791
902	867
902	876
902	879
902	899
902	925
902	971
902	1000
903	218
903	247
903	252
903	304
903	403
903	426
903	479
903	520
903	542
903	580
903	629
903	649
903	679
903	797
903	809
903	879
903	889
903	907
903	953
903	976
903	980
903	997
904	18
904	84
904	116
904	220
904	259
904	330
904	367
904	384
904	567
904	683
904	701
904	704
904	733
904	799
904	847
904	871
904	917
904	939
904	951
904	978
904	980
904	984
905	238
905	415
905	477
905	571
905	681
905	728
905	781
905	788
905	791
905	802
905	846
905	849
905	907
905	929
905	932
905	943
905	953
905	975
905	977
905	980
905	997
905	998
906	25
906	32
906	43
906	153
906	183
906	326
906	421
906	575
906	586
906	711
906	742
906	761
906	769
906	782
906	786
906	868
906	881
906	909
906	939
906	946
906	947
906	958
907	7
907	164
907	317
907	542
907	672
907	710
907	758
907	791
907	849
907	855
907	889
907	903
907	905
907	922
907	929
907	936
907	940
907	971
907	975
907	977
907	980
907	997
908	50
908	68
908	95
908	242
908	285
908	297
908	327
908	388
908	441
908	462
908	497
908	558
908	606
908	625
908	658
908	724
908	776
908	845
908	885
908	916
908	951
908	986
909	13
909	59
909	156
909	157
909	350
909	368
909	390
909	421
909	501
909	594
909	606
909	690
909	761
909	782
909	786
909	788
909	841
909	868
909	894
909	906
909	947
909	958
909	965
910	28
910	62
910	111
910	141
910	184
910	261
910	284
910	374
910	428
910	539
910	594
910	627
910	634
910	688
910	720
910	804
910	854
910	898
910	912
910	962
910	977
910	988
910	999
911	60
911	77
911	145
911	187
911	199
911	279
911	398
911	422
911	525
911	638
911	661
911	675
911	685
911	708
911	716
911	736
911	762
911	794
911	837
911	896
911	927
911	967
911	991
912	37
912	51
912	152
912	180
912	221
912	244
912	284
912	374
912	592
912	627
912	634
912	655
912	720
912	755
912	764
912	769
912	854
912	866
912	898
912	910
912	933
912	937
912	962
913	11
913	24
913	159
913	395
913	429
913	538
913	557
913	570
913	572
913	588
913	591
913	595
913	605
913	645
913	773
913	774
913	783
913	784
913	924
913	930
913	938
913	981
913	996
913	998
914	89
914	240
914	359
914	580
914	649
914	672
914	680
914	681
914	710
914	717
914	754
914	791
914	812
914	849
914	859
914	863
914	877
914	929
914	953
914	971
914	975
914	977
914	980
914	986
915	123
915	191
915	270
915	379
915	406
915	409
915	419
915	517
915	614
915	620
915	695
915	721
915	729
915	828
915	863
915	866
915	923
915	937
915	949
915	966
915	989
915	992
915	997
915	1000
916	5
916	50
916	68
916	276
916	297
916	388
916	413
916	439
916	497
916	558
916	610
916	625
916	660
916	756
916	765
916	774
916	776
916	816
916	845
916	885
916	900
916	908
916	954
916	964
917	30
917	65
917	76
917	104
917	194
917	468
917	544
917	567
917	583
917	673
917	701
917	716
917	766
917	780
917	806
917	850
917	897
917	900
917	904
917	929
917	946
917	951
917	976
917	978
917	984
918	105
918	151
918	219
918	281
918	377
918	529
918	543
918	575
918	593
918	622
918	744
918	771
918	790
918	857
918	865
918	887
918	920
918	924
918	926
918	955
918	960
918	974
918	990
918	994
918	999
919	75
919	143
919	207
919	221
919	358
919	407
919	514
919	522
919	576
919	609
919	689
919	754
919	759
919	783
919	810
919	830
919	833
919	880
919	888
919	931
919	982
919	987
919	988
919	996
919	998
920	142
920	281
920	337
920	397
920	420
920	529
920	593
920	643
920	667
920	720
920	726
920	752
920	760
920	857
920	862
920	865
920	884
920	887
920	918
920	941
920	955
920	960
920	970
920	990
920	999
921	67
921	216
921	227
921	236
921	278
921	292
921	512
921	513
921	524
921	584
921	602
921	648
921	680
921	747
921	749
921	772
921	792
921	798
921	815
921	836
921	875
921	922
921	948
921	978
921	983
921	994
922	129
922	146
922	158
922	348
922	389
922	437
922	445
922	450
922	463
922	493
922	562
922	602
922	633
922	766
922	772
922	798
922	819
922	840
922	869
922	901
922	907
922	921
922	961
922	966
922	994
922	995
923	144
923	157
923	273
923	357
923	383
923	472
923	516
923	562
923	578
923	614
923	648
923	692
923	727
923	770
923	816
923	827
923	863
923	866
923	873
923	874
923	890
923	915
923	937
923	949
923	963
923	1000
924	49
924	87
924	198
924	232
924	356
924	369
924	444
924	557
924	588
924	595
924	616
924	631
924	636
924	773
924	784
924	801
924	831
924	867
924	895
924	913
924	918
924	930
924	935
924	938
924	981
924	998
925	159
925	171
925	186
925	215
925	223
925	247
925	258
925	302
925	307
925	467
925	541
925	570
925	600
925	700
925	748
925	763
925	785
925	790
925	867
925	876
925	879
925	899
925	902
925	940
925	972
925	985
926	105
926	377
926	442
926	464
926	465
926	593
926	659
926	667
926	726
926	760
926	787
926	802
926	857
926	862
926	865
926	884
926	887
926	918
926	955
926	959
926	960
926	962
926	970
926	988
926	990
926	999
927	233
927	248
927	267
927	324
927	435
927	463
927	471
927	513
927	546
927	656
927	691
927	733
927	747
927	749
927	766
927	777
927	817
927	836
927	838
927	875
927	881
927	911
927	928
927	961
927	983
927	995
928	32
928	85
928	271
928	319
928	343
928	366
928	369
928	424
928	449
928	459
928	474
928	585
928	629
928	661
928	668
928	691
928	723
928	737
928	773
928	779
928	824
928	825
928	846
928	874
928	927
928	957
928	985
929	58
929	72
929	89
929	119
929	252
929	287
929	378
929	485
929	582
929	597
929	647
929	680
929	737
929	838
929	849
929	886
929	905
929	907
929	914
929	917
929	932
929	943
929	955
929	975
929	977
929	980
929	982
930	49
930	250
930	263
930	318
930	348
930	369
930	408
930	429
930	457
930	538
930	596
930	601
930	636
930	645
930	685
930	721
930	749
930	773
930	783
930	813
930	831
930	913
930	924
930	935
930	969
930	981
930	998
931	160
931	225
931	259
931	266
931	358
931	386
931	407
931	432
931	548
931	612
931	628
931	662
931	689
931	699
931	729
931	738
931	754
931	778
931	795
931	814
931	830
931	871
931	895
931	919
931	966
931	987
931	996
932	121
932	209
932	240
932	244
932	301
932	345
932	411
932	572
932	577
932	580
932	642
932	678
932	781
932	802
932	849
932	853
932	855
932	886
932	889
932	900
932	905
932	929
932	953
932	971
932	982
932	985
932	997
933	147
933	181
933	226
933	257
933	264
933	274
933	334
933	355
933	423
933	431
933	498
933	537
933	707
933	768
933	805
933	840
933	877
933	882
933	912
933	936
933	943
933	945
933	948
933	965
933	968
933	988
933	993
934	78
934	108
934	214
934	290
934	309
934	361
934	440
934	618
934	624
934	718
934	723
934	725
934	731
934	787
934	796
934	805
934	822
934	847
934	851
934	859
934	861
934	881
934	893
934	897
934	970
934	972
934	973
935	49
935	125
935	134
935	202
935	250
935	261
935	299
935	429
935	457
935	572
935	596
935	608
935	636
935	741
935	747
935	751
935	774
935	784
935	822
935	831
935	924
935	930
935	938
935	947
935	981
935	993
935	998
936	26
936	86
936	235
936	431
936	432
936	491
936	495
936	508
936	518
936	538
936	566
936	591
936	646
936	670
936	697
936	734
936	813
936	842
936	843
936	865
936	907
936	933
936	939
936	942
936	952
936	954
936	956
936	994
937	31
937	144
937	185
937	190
937	231
937	273
937	323
937	344
937	362
937	383
937	532
937	583
937	631
937	692
937	695
937	721
937	827
937	839
937	890
937	912
937	915
937	923
937	949
937	966
937	970
937	981
937	994
937	1000
938	205
938	263
938	318
938	395
938	429
938	444
938	457
938	470
938	477
938	494
938	572
938	588
938	595
938	616
938	751
938	773
938	774
938	779
938	783
938	831
938	876
938	899
938	913
938	924
938	935
938	945
938	981
938	998
939	30
939	78
939	116
939	130
939	151
939	283
939	346
939	393
939	468
939	583
939	597
939	701
939	704
939	710
939	716
939	728
939	729
939	775
939	799
939	806
939	832
939	850
939	873
939	900
939	904
939	906
939	936
939	951
940	36
940	56
940	63
940	193
940	262
940	314
940	316
940	375
940	587
940	598
940	621
940	632
940	663
940	665
940	666
940	732
940	765
940	797
940	800
940	828
940	831
940	832
940	878
940	907
940	925
940	944
940	964
940	980
941	96
941	117
941	200
941	423
941	434
941	447
941	504
941	541
941	556
941	571
941	636
941	655
941	713
941	715
941	740
941	746
941	750
941	753
941	835
941	844
941	864
941	894
941	920
941	947
941	965
941	969
941	982
941	984
942	86
942	213
942	243
942	313
942	351
942	417
942	432
942	518
942	572
942	628
942	630
942	632
942	702
942	725
942	745
942	759
942	803
942	821
942	827
942	829
942	843
942	870
942	883
942	936
942	954
942	956
942	986
942	1000
943	114
943	209
943	350
943	453
943	477
943	485
943	528
943	679
943	717
943	802
943	809
943	812
943	819
943	831
943	849
943	855
943	886
943	905
943	929
943	933
943	953
943	971
943	975
943	976
943	977
943	982
943	995
943	997
944	56
944	69
944	182
944	223
944	249
944	262
944	328
944	444
944	502
944	519
944	589
944	641
944	651
944	654
944	665
944	719
944	732
944	800
944	823
944	825
944	828
944	832
944	878
944	891
944	940
944	964
944	979
944	983
945	25
945	136
945	176
945	351
945	373
945	480
945	498
945	554
945	613
945	666
945	671
945	676
945	677
945	686
945	706
945	767
945	768
945	799
945	826
945	877
945	882
945	891
945	933
945	938
945	963
945	974
945	993
945	997
946	57
946	65
946	84
946	131
946	220
946	259
946	283
946	309
946	454
946	552
946	555
946	673
946	716
946	728
946	729
946	733
946	775
946	780
946	806
946	825
946	871
946	873
946	892
946	900
946	906
946	917
946	951
946	978
946	984
947	8
947	13
947	100
947	153
947	157
947	350
947	368
947	370
947	404
947	469
947	521
947	586
947	606
947	640
947	742
947	769
947	778
947	786
947	789
947	841
947	868
947	881
947	906
947	909
947	935
947	941
947	958
947	962
947	974
948	98
948	101
948	167
948	248
948	254
948	404
948	481
948	487
948	546
948	602
948	642
948	714
948	731
948	747
948	777
948	815
948	816
948	819
948	836
948	860
948	869
948	872
948	888
948	921
948	933
948	961
948	983
948	994
948	995
949	123
949	144
949	188
949	190
949	231
949	409
949	466
949	503
949	517
949	533
949	564
949	565
949	578
949	583
949	692
949	783
949	827
949	831
949	839
949	852
949	866
949	890
949	915
949	923
949	937
949	966
949	987
949	988
949	992
950	137
950	276
950	290
950	461
950	482
950	500
950	509
950	569
950	624
950	674
950	705
950	718
950	731
950	787
950	792
950	822
950	847
950	851
950	859
950	861
950	893
950	897
950	960
950	972
950	973
950	983
950	990
950	996
950	998
950	999
951	84
951	116
951	124
951	130
951	133
951	283
951	330
951	333
951	367
951	384
951	462
951	468
951	560
951	597
951	649
951	683
951	701
951	729
951	733
951	743
951	806
951	850
951	893
951	904
951	908
951	917
951	939
951	946
951	970
951	978
952	21
952	204
952	243
952	277
952	280
952	335
952	371
952	380
952	385
952	419
952	432
952	591
952	640
952	681
952	697
952	702
952	719
952	724
952	745
952	751
952	842
952	843
952	870
952	895
952	936
952	953
952	954
952	956
952	986
952	996
953	15
953	17
953	121
953	203
953	345
953	415
953	426
953	428
953	486
953	560
953	580
953	649
953	659
953	678
953	681
953	754
953	849
953	886
953	903
953	905
953	914
953	932
953	943
953	952
953	954
953	971
953	975
953	977
953	980
953	982
953	997
954	94
954	192
954	277
954	293
954	336
954	380
954	417
954	420
954	433
954	506
954	508
954	518
954	646
954	653
954	702
954	785
954	813
954	821
954	829
954	839
954	842
954	852
954	883
954	916
954	936
954	942
954	952
954	953
954	956
954	970
954	986
955	219
955	273
955	290
955	377
955	508
955	529
955	543
955	559
955	575
955	593
955	603
955	607
955	643
955	659
955	667
955	669
955	693
955	857
955	862
955	865
955	869
955	884
955	918
955	920
955	926
955	929
955	960
955	970
955	990
955	995
955	999
956	2
956	101
956	110
956	235
956	292
956	293
956	362
956	385
956	419
956	431
956	433
956	466
956	557
956	646
956	653
956	670
956	685
956	719
956	734
956	821
956	829
956	842
956	870
956	895
956	936
956	942
956	952
956	954
956	986
956	987
956	997
957	85
957	91
957	212
957	241
957	260
957	271
957	551
957	555
957	585
957	608
957	625
957	629
957	637
957	644
957	656
957	679
957	701
957	723
957	737
957	753
957	779
957	807
957	810
957	823
957	824
957	825
957	874
957	889
957	928
957	976
957	985
958	13
958	59
958	153
958	183
958	217
958	326
958	390
958	421
958	430
958	450
958	514
958	562
958	586
958	594
958	606
958	667
958	690
958	751
958	760
958	761
958	782
958	786
958	789
958	841
958	868
958	881
958	906
958	909
958	947
958	984
958	989
959	34
959	115
959	132
959	162
959	199
959	208
959	308
959	347
959	398
959	422
959	429
959	452
959	484
959	496
959	511
959	536
959	587
959	661
959	709
959	736
959	762
959	794
959	818
959	835
959	837
959	853
959	856
959	865
959	896
959	926
959	967
959	991
960	24
960	27
960	47
960	107
960	139
960	140
960	253
960	311
960	518
960	529
960	543
960	603
960	622
960	667
960	693
960	726
960	754
960	857
960	862
960	865
960	868
960	884
960	887
960	892
960	918
960	920
960	926
960	950
960	955
960	970
960	990
960	999
961	67
961	158
961	173
961	227
961	228
961	278
961	306
961	348
961	366
961	437
961	445
961	450
961	468
961	711
961	735
961	747
961	762
961	798
961	810
961	820
961	828
961	836
961	858
961	872
961	875
961	922
961	927
961	948
961	983
961	993
961	996
961	998
962	28
962	51
962	62
962	141
962	180
962	206
962	233
962	246
962	261
962	284
962	327
962	374
962	385
962	539
962	544
962	592
962	627
962	634
962	655
962	688
962	696
962	720
962	739
962	755
962	766
962	804
962	853
962	854
962	898
962	910
962	912
962	926
962	947
963	10
963	166
963	210
963	276
963	312
963	392
963	436
963	455
963	460
963	509
963	530
963	535
963	548
963	624
963	639
963	705
963	710
963	725
963	792
963	796
963	807
963	808
963	822
963	847
963	851
963	859
963	893
963	895
963	897
963	923
963	945
963	972
963	973
964	36
964	81
964	303
964	331
964	341
964	375
964	425
964	440
964	502
964	519
964	589
964	599
964	621
964	654
964	663
964	665
964	682
964	693
964	732
964	765
964	797
964	823
964	828
964	832
964	878
964	916
964	940
964	944
964	966
964	970
964	978
964	979
964	992
965	88
965	96
965	117
965	401
965	410
965	433
965	446
965	476
965	479
965	499
965	504
965	505
965	527
965	542
965	553
965	559
965	571
965	614
965	651
965	715
965	730
965	740
965	793
965	808
965	835
965	860
965	864
965	892
965	909
965	933
965	941
965	969
965	984
965	989
966	19
966	154
966	172
966	188
966	190
966	231
966	270
966	305
966	313
966	322
966	340
966	396
966	406
966	472
966	514
966	565
966	631
966	692
966	712
966	758
966	764
966	770
966	827
966	839
966	863
966	866
966	915
966	922
966	931
966	937
966	949
966	964
966	992
966	1000
967	74
967	162
967	166
967	241
967	288
967	337
967	344
967	353
967	422
967	452
967	456
967	484
967	511
967	574
967	595
967	619
967	623
967	703
967	708
967	709
967	720
967	736
967	762
967	794
967	801
967	818
967	826
967	837
967	853
967	896
967	911
967	959
967	989
967	991
967	992
968	12
968	54
968	66
968	70
968	96
968	264
968	275
968	282
968	325
968	405
968	423
968	448
968	480
968	537
968	539
968	613
968	638
968	650
968	666
968	671
968	672
968	686
968	767
968	768
968	805
968	877
968	882
968	891
968	933
968	974
968	988
968	993
968	997
968	998
968	1000
969	53
969	174
969	195
969	200
969	256
969	304
969	320
969	354
969	476
969	490
969	531
969	549
969	556
969	559
969	604
969	651
969	700
969	715
969	730
969	740
969	793
969	804
969	808
969	831
969	835
969	844
969	860
969	864
969	878
969	880
969	892
969	930
969	941
969	965
969	984
970	45
970	196
970	292
970	311
970	442
970	464
970	483
970	529
970	569
970	576
970	593
970	607
970	622
970	643
970	659
970	669
970	693
970	726
970	744
970	857
970	862
970	865
970	884
970	887
970	920
970	926
970	934
970	937
970	951
970	954
970	955
970	960
970	964
970	990
970	999
971	16
971	148
971	176
971	203
971	225
971	252
971	262
971	293
971	403
971	477
971	479
971	582
971	598
971	615
971	637
971	679
971	788
971	802
971	812
971	833
971	849
971	855
971	886
971	889
971	902
971	907
971	914
971	932
971	943
971	953
971	975
971	977
971	980
971	982
971	994
971	997
972	20
972	85
972	93
972	166
972	167
972	234
972	265
972	290
972	436
972	444
972	455
972	500
972	509
972	540
972	547
972	611
972	635
972	639
972	674
972	718
972	725
972	731
972	787
972	792
972	800
972	822
972	847
972	851
972	859
972	869
972	893
972	925
972	934
972	950
972	963
972	973
973	20
973	112
973	149
973	265
973	380
973	392
973	396
973	455
973	478
973	500
973	507
973	509
973	530
973	535
973	569
973	573
973	590
973	620
973	624
973	674
973	705
973	734
973	778
973	792
973	796
973	806
973	807
973	822
973	851
973	855
973	861
973	877
973	897
973	934
973	950
973	963
973	972
974	61
974	70
974	106
974	181
974	268
974	275
974	321
974	334
974	339
974	346
974	355
974	394
974	406
974	446
974	480
974	561
974	579
974	666
974	670
974	677
974	684
974	707
974	755
974	767
974	805
974	826
974	840
974	856
974	877
974	891
974	918
974	945
974	947
974	968
974	983
974	988
974	993
975	66
975	92
975	148
975	281
975	378
975	387
975	411
975	421
975	453
975	510
975	557
975	574
975	577
975	597
975	605
975	649
975	678
975	681
975	687
975	710
975	717
975	781
975	788
975	791
975	802
975	812
975	905
975	907
975	914
975	929
975	943
975	953
975	971
975	977
975	982
975	984
975	998
976	52
976	83
976	97
976	132
976	238
976	260
976	269
976	282
976	319
976	329
976	366
976	382
976	412
976	416
976	449
976	474
976	534
976	540
976	551
976	585
976	608
976	637
976	644
976	656
976	657
976	668
976	723
976	779
976	810
976	824
976	825
976	846
976	903
976	917
976	943
976	957
976	985
976	987
977	394
977	411
977	426
977	458
977	472
977	479
977	581
977	597
977	615
977	647
977	659
977	672
977	680
977	687
977	691
977	697
977	710
977	750
977	769
977	781
977	788
977	791
977	809
977	818
977	849
977	855
977	889
977	905
977	907
977	910
977	914
977	929
977	943
977	953
977	971
977	975
977	980
977	982
977	997
978	30
978	65
978	76
978	80
978	168
978	333
978	367
978	384
978	454
978	465
978	487
978	507
978	544
978	567
978	583
978	673
978	683
978	694
978	704
978	716
978	728
978	729
978	732
978	733
978	743
978	775
978	780
978	806
978	850
978	873
978	876
978	900
978	904
978	917
978	921
978	946
978	951
978	964
978	980
978	993
979	11
979	129
979	180
979	193
979	230
979	232
979	251
979	262
979	289
979	314
979	316
979	332
979	341
979	363
979	372
979	393
979	502
979	539
979	589
979	598
979	599
979	621
979	641
979	663
979	665
979	683
979	726
979	732
979	765
979	797
979	800
979	823
979	828
979	832
979	878
979	887
979	888
979	944
979	964
979	991
980	14
980	89
980	119
980	226
980	257
980	301
980	308
980	359
980	387
980	411
980	415
980	510
980	520
980	528
980	536
980	542
980	577
980	582
980	597
980	602
980	615
980	679
980	680
980	717
980	788
980	809
980	829
980	830
980	889
980	903
980	904
980	905
980	907
980	914
980	929
980	940
980	953
980	971
980	977
980	978
980	982
981	12
981	24
981	87
981	104
981	134
981	147
981	175
981	232
981	263
981	305
981	330
981	395
981	408
981	429
981	444
981	457
981	494
981	538
981	557
981	588
981	595
981	601
981	616
981	630
981	636
981	645
981	722
981	741
981	751
981	773
981	783
981	831
981	878
981	913
981	924
981	930
981	935
981	937
981	938
981	983
981	987
981	998
982	7
982	106
982	117
982	121
982	176
982	203
982	240
982	317
982	345
982	402
982	415
982	477
982	519
982	560
982	577
982	581
982	649
982	672
982	679
982	687
982	710
982	717
982	785
982	788
982	791
982	809
982	812
982	840
982	886
982	889
982	900
982	919
982	929
982	932
982	941
982	943
982	953
982	971
982	975
982	977
982	980
982	989
983	4
983	173
983	254
983	342
983	389
983	404
983	420
983	471
983	481
983	492
983	493
983	533
983	546
983	642
983	652
983	714
983	735
983	749
983	766
983	767
983	772
983	777
983	781
983	799
983	817
983	819
983	820
983	836
983	857
983	869
983	875
983	921
983	927
983	944
983	948
983	950
983	961
983	974
983	981
983	994
983	995
983	998
984	88
984	96
984	119
984	128
984	163
984	230
984	256
984	310
984	343
984	354
984	391
984	410
984	447
984	499
984	505
984	511
984	549
984	604
984	700
984	703
984	713
984	730
984	750
984	752
984	793
984	808
984	835
984	844
984	860
984	864
984	892
984	894
984	904
984	917
984	941
984	946
984	958
984	965
984	969
984	975
984	985
984	989
984	997
985	32
985	83
985	85
985	91
985	238
985	241
985	260
985	269
985	271
985	319
985	365
985	366
985	412
985	424
985	459
985	474
985	534
985	540
985	551
985	554
985	600
985	615
985	629
985	637
985	644
985	694
985	723
985	737
985	779
985	810
985	811
985	818
985	824
985	825
985	844
985	846
985	874
985	925
985	928
985	932
985	957
985	976
985	984
986	21
986	35
986	235
986	264
986	298
986	335
986	371
986	414
986	419
986	465
986	491
986	495
986	506
986	508
986	563
986	566
986	574
986	591
986	628
986	643
986	670
986	685
986	698
986	702
986	719
986	745
986	801
986	803
986	813
986	821
986	833
986	842
986	843
986	852
986	870
986	879
986	883
986	908
986	914
986	942
986	952
986	954
986	956
987	48
987	75
987	160
987	211
987	272
987	329
987	397
987	399
987	407
987	438
987	486
987	548
987	576
987	617
987	623
987	633
987	662
987	664
987	689
987	699
987	738
987	754
987	759
987	771
987	774
987	778
987	798
987	814
987	830
987	833
987	834
987	848
987	871
987	880
987	888
987	895
987	919
987	931
987	949
987	956
987	976
987	981
987	996
988	38
988	66
988	106
988	136
988	205
988	226
988	257
988	264
988	274
988	286
988	296
988	333
988	339
988	351
988	394
988	400
988	405
988	423
988	448
988	458
988	474
988	480
988	498
988	554
988	579
988	666
988	676
988	684
988	686
988	707
988	805
988	852
988	877
988	882
988	891
988	910
988	919
988	926
988	933
988	949
988	968
988	974
988	993
989	117
989	163
989	174
989	255
989	320
989	349
989	354
989	355
989	391
989	401
989	410
989	434
989	447
989	476
989	499
989	504
989	528
989	531
989	541
989	556
989	571
989	580
989	651
989	713
989	740
989	746
989	750
989	752
989	757
989	780
989	793
989	808
989	835
989	860
989	892
989	894
989	915
989	958
989	965
989	967
989	982
989	984
989	994
990	46
990	99
990	105
990	139
990	140
990	219
990	253
990	281
990	364
990	392
990	442
990	464
990	483
990	543
990	546
990	593
990	607
990	622
990	643
990	667
990	669
990	693
990	706
990	726
990	744
990	760
990	763
990	802
990	821
990	844
990	857
990	862
990	865
990	887
990	918
990	920
990	926
990	950
990	955
990	960
990	970
990	991
990	999
991	34
991	39
991	42
991	60
991	115
991	138
991	178
991	187
991	199
991	208
991	229
991	271
991	279
991	288
991	312
991	353
991	360
991	378
991	406
991	427
991	443
991	511
991	515
991	523
991	537
991	661
991	677
991	703
991	708
991	709
991	736
991	762
991	766
991	794
991	818
991	837
991	853
991	896
991	911
991	959
991	967
991	979
991	990
992	123
992	169
992	179
992	185
992	188
992	191
992	323
992	357
992	376
992	383
992	415
992	418
992	483
992	500
992	503
992	509
992	516
992	527
992	533
992	545
992	564
992	566
992	578
992	614
992	620
992	692
992	695
992	712
992	721
992	727
992	758
992	764
992	770
992	794
992	827
992	839
992	890
992	915
992	949
992	964
992	966
992	967
992	999
992	1000
993	38
993	41
993	61
993	118
993	226
993	257
993	268
993	282
993	321
993	322
993	325
993	351
993	355
993	373
993	405
993	561
993	613
993	655
993	671
993	676
993	677
993	684
993	686
993	696
993	706
993	767
993	768
993	777
993	826
993	840
993	873
993	874
993	877
993	878
993	882
993	891
993	933
993	935
993	945
993	961
993	968
993	974
993	978
993	988
994	87
994	140
994	158
994	216
994	267
994	278
994	294
994	300
994	348
994	399
994	420
994	435
994	437
994	471
994	481
994	487
994	488
994	492
994	493
994	602
994	635
994	642
994	652
994	678
994	711
994	722
994	777
994	815
994	817
994	820
994	838
994	858
994	866
994	872
994	899
994	918
994	921
994	922
994	936
994	937
994	948
994	971
994	983
994	989
994	995
995	4
995	29
995	173
995	236
995	278
995	291
995	294
995	300
995	306
995	338
995	342
995	389
995	445
995	477
995	512
995	513
995	544
995	548
995	584
995	593
995	626
995	635
995	652
995	714
995	718
995	722
995	764
995	766
995	772
995	779
995	819
995	820
995	836
995	838
995	856
995	862
995	872
995	875
995	901
995	922
995	927
995	943
995	948
995	955
995	983
995	994
995	996
996	44
996	55
996	77
996	108
996	110
996	127
996	165
996	207
996	225
996	245
996	272
996	323
996	358
996	386
996	397
996	407
996	438
996	515
996	522
996	601
996	609
996	664
996	675
996	696
996	699
996	739
996	754
996	759
996	761
996	771
996	778
996	795
996	814
996	833
996	834
996	848
996	871
996	880
996	888
996	891
996	913
996	919
996	931
996	950
996	952
996	961
996	987
996	995
997	20
997	92
997	114
997	148
997	176
997	218
997	301
997	353
997	373
997	387
997	402
997	426
997	428
997	485
997	510
997	520
997	528
997	536
997	542
997	565
997	577
997	580
997	581
997	672
997	678
997	679
997	680
997	710
997	727
997	781
997	791
997	809
997	812
997	849
997	855
997	903
997	905
997	907
997	915
997	932
997	943
997	945
997	953
997	956
997	968
997	971
997	977
997	984
997	999
998	12
998	49
998	82
998	87
998	104
998	120
998	125
998	161
998	198
998	202
998	232
998	263
998	277
998	299
998	305
998	318
998	356
998	369
998	408
998	457
998	494
998	538
998	557
998	595
998	596
998	605
998	616
998	636
998	645
998	713
998	751
998	774
998	783
998	784
998	831
998	872
998	883
998	905
998	913
998	919
998	924
998	930
998	935
998	938
998	950
998	961
998	968
998	975
998	981
998	983
999	27
999	45
999	46
999	47
999	105
999	139
999	199
999	224
999	237
999	253
999	311
999	337
999	352
999	364
999	377
999	441
999	442
999	483
999	529
999	543
999	575
999	603
999	607
999	622
999	647
999	659
999	661
999	667
999	669
999	687
999	693
999	744
999	760
999	794
999	857
999	862
999	865
999	884
999	887
999	910
999	918
999	920
999	926
999	950
999	955
999	960
999	970
999	990
999	992
999	997
1000	15
1000	18
1000	19
1000	42
1000	128
1000	154
1000	169
1000	172
1000	185
1000	189
1000	270
1000	357
1000	362
1000	409
1000	418
1000	472
1000	475
1000	503
1000	516
1000	517
1000	528
1000	532
1000	533
1000	545
1000	564
1000	565
1000	578
1000	614
1000	631
1000	648
1000	663
1000	758
1000	764
1000	770
1000	827
1000	839
1000	850
1000	863
1000	866
1000	868
1000	874
1000	890
1000	902
1000	915
1000	923
1000	937
1000	942
1000	966
1000	968
1000	992
