1	507
1	917
1	975
1	991
2	68
2	488
2	939
2	963
3	400
3	670
3	720
3	882
4	481
4	729
4	964
4	968
5	102
5	506
5	869
5	983
6	12
6	758
6	977
6	998
7	516
7	700
7	927
7	988
8	910
8	936
8	978
8	988
9	856
9	948
9	952
9	988
10	238
10	361
10	642
10	968
11	152
11	731
11	894
11	976
12	6
12	629
12	680
12	786
13	531
13	761
13	866
13	961
14	46
14	698
14	833
14	893
15	786
15	989
15	998
15	999
16	414
16	950
16	978
16	998
17	852
17	876
17	953
17	973
18	160
18	164
18	425
18	959
19	215
19	338
19	914
19	987
20	306
20	597
20	893
20	977
21	566
21	861
21	893
21	905
22	903
22	975
22	991
22	1000
23	488
23	548
23	983
23	990
24	133
24	589
24	887
24	933
25	360
25	927
25	956
25	980
26	491
26	619
26	662
26	788
27	822
27	838
27	911
27	993
28	686
28	730
28	953
28	973
29	261
29	782
29	879
29	914
30	416
30	748
30	915
30	949
31	459
31	765
31	792
31	928
32	413
32	512
32	865
32	946
33	594
33	780
33	893
33	977
34	441
34	539
34	723
34	942
35	792
35	920
35	965
35	987
36	677
36	744
36	959
36	999
37	827
37	883
37	920
37	942
38	530
38	838
38	996
38	1000
39	809
39	958
39	988
39	989
40	529
40	914
40	965
40	997
41	776
41	835
41	858
41	900
42	251
42	827
42	858
42	942
43	279
43	598
43	768
43	973
44	78
44	628
44	864
44	947
45	516
45	536
45	592
45	810
46	14
46	718
46	742
46	920
47	222
47	660
47	902
47	941
48	418
48	898
48	915
48	954
49	329
49	502
49	548
49	998
50	553
50	800
50	993
50	997
51	143
51	828
51	911
51	945
52	765
52	913
52	931
52	981
53	441
53	847
53	857
53	992
54	102
54	615
54	809
54	934
55	829
55	868
55	933
55	971
56	148
56	437
56	677
56	731
57	395
57	843
57	870
57	921
58	519
58	595
58	866
58	968
59	810
59	819
59	936
59	985
60	189
60	333
60	404
60	728
61	891
61	899
61	959
61	998
62	754
62	815
62	965
62	976
63	707
63	908
63	989
63	998
64	333
64	899
64	902
64	960
65	562
65	842
65	953
65	967
66	155
66	608
66	773
66	935
67	845
67	870
67	882
67	913
68	2
68	707
68	744
68	904
69	678
69	692
69	765
69	979
70	583
70	617
70	948
70	952
71	612
71	628
71	900
71	986
72	609
72	911
72	945
72	947
73	257
73	645
73	905
73	977
74	143
74	493
74	858
74	928
75	488
75	825
75	859
75	992
76	197
76	804
76	962
76	970
77	354
77	963
77	976
77	985
78	44
78	135
78	589
78	971
79	890
79	978
79	982
79	999
80	732
80	752
80	823
80	841
81	633
81	717
81	872
81	998
82	576
82	958
82	965
82	987
83	697
83	875
83	931
83	951
84	167
84	836
84	871
84	982
85	94
85	830
85	908
85	951
86	663
86	796
86	879
86	945
87	210
87	354
87	964
87	998
88	298
88	952
88	966
88	1000
89	787
89	882
89	928
89	990
90	560
90	695
90	841
90	947
91	945
91	972
91	978
91	984
92	656
92	659
92	954
92	988
93	802
93	863
93	953
93	969
94	85
94	401
94	919
94	977
95	125
95	757
95	758
95	975
96	324
96	613
96	635
96	861
97	493
97	747
97	927
97	998
98	451
98	867
98	921
98	967
99	600
99	975
99	991
99	1000
100	312
100	412
100	699
100	889
101	674
101	877
101	985
101	993
102	5
102	54
102	662
102	854
103	193
103	958
103	978
103	998
104	275
104	908
104	989
104	998
105	781
105	912
105	941
105	999
106	673
106	704
106	775
106	776
107	673
107	845
107	850
107	982
108	655
108	881
108	892
108	977
109	561
109	787
109	835
109	989
110	169
110	387
110	637
110	682
111	595
111	891
111	981
111	985
112	479
112	584
112	875
112	922
113	167
113	185
113	291
113	628
114	807
114	948
114	966
114	979
115	590
115	697
115	795
115	993
116	183
116	488
116	615
116	974
117	460
117	489
117	925
117	995
118	211
118	498
118	881
118	977
119	234
119	562
119	755
119	976
120	174
120	260
120	719
120	976
121	832
121	916
121	962
121	982
122	123
122	355
122	755
122	963
123	122
123	498
123	866
123	871
124	318
124	844
124	926
124	982
125	95
125	343
125	915
125	998
126	391
126	547
126	909
126	935
127	714
127	796
127	862
127	967
128	463
128	922
128	935
128	943
129	837
129	850
129	981
129	987
130	681
130	852
130	868
130	960
131	407
131	436
131	610
131	981
132	497
132	625
132	645
132	881
133	24
133	752
133	933
133	971
134	887
134	948
134	964
134	966
135	78
135	684
135	943
135	971
136	537
136	686
136	736
136	771
137	162
137	271
137	886
137	956
138	145
138	436
138	887
138	933
139	834
139	879
139	934
139	997
140	517
140	549
140	855
140	990
141	704
141	847
141	938
141	972
142	274
142	282
142	372
142	563
143	51
143	74
143	813
143	942
144	240
144	872
144	906
144	924
145	138
145	159
145	875
145	947
146	774
146	869
146	918
146	954
147	789
147	900
147	917
147	946
148	56
148	559
148	571
148	984
149	238
149	529
149	879
149	895
150	552
150	885
150	969
150	970
151	387
151	498
151	736
151	905
152	11
152	683
152	703
152	994
153	809
153	812
153	831
153	979
154	531
154	758
154	952
154	966
155	66
155	650
155	869
155	983
156	882
156	950
156	991
156	1000
157	403
157	564
157	756
157	997
158	443
158	574
158	848
158	980
159	145
159	286
159	475
159	728
160	18
160	294
160	756
160	800
161	853
161	938
161	993
161	996
162	137
162	515
162	708
162	773
163	888
163	948
163	966
163	991
164	18
164	303
164	764
164	981
165	741
165	805
165	955
165	963
166	600
166	849
166	987
166	991
167	84
167	113
167	286
167	806
168	540
168	861
168	987
168	997
169	110
169	194
169	756
169	906
170	648
170	660
170	770
170	996
171	262
171	676
171	810
171	986
172	291
172	339
172	560
172	851
173	561
173	864
173	960
173	996
174	120
174	209
174	847
174	930
175	269
175	755
175	800
175	972
176	844
176	957
176	966
176	1000
177	210
177	342
177	778
177	977
178	195
178	800
178	838
178	984
179	270
179	744
179	769
179	780
180	439
180	505
180	629
180	998
181	402
181	769
181	935
181	937
182	285
182	989
182	993
182	1000
183	116
183	633
183	820
183	995
184	297
184	642
184	940
184	967
185	113
185	638
185	693
185	972
186	633
186	649
186	943
186	993
187	275
187	749
187	960
187	986
188	639
188	672
188	847
188	916
189	60
189	689
189	788
189	890
190	963
190	982
190	984
190	992
191	505
191	904
191	977
191	997
192	329
192	691
192	737
192	913
193	103
193	606
193	971
193	995
194	169
194	545
194	909
194	970
195	178
195	457
195	671
195	936
196	775
196	856
196	904
196	972
197	76
197	813
197	870
197	970
198	359
198	648
198	714
198	972
199	389
199	632
199	662
199	976
200	741
200	808
200	970
200	987
201	656
201	760
201	815
201	828
202	571
202	800
202	961
202	984
203	877
203	913
203	924
203	985
204	558
204	609
204	961
204	993
205	472
205	928
205	946
205	983
206	795
206	869
206	884
206	999
207	917
207	945
207	980
207	1000
208	324
208	750
208	751
208	783
209	174
209	514
209	872
209	970
210	87
210	177
210	750
210	976
211	118
211	558
211	890
211	961
212	616
212	916
212	984
212	996
213	390
213	637
213	683
213	706
214	660
214	756
214	979
214	990
215	19
215	420
215	467
215	549
216	217
216	722
216	902
216	959
217	216
217	707
217	959
217	979
218	753
218	915
218	998
218	999
219	761
219	841
219	973
219	986
220	248
220	705
220	714
220	968
221	907
221	913
221	972
221	981
222	47
222	512
222	942
222	994
223	483
223	839
223	888
223	948
224	767
224	860
224	882
224	958
225	735
225	884
225	898
225	999
226	711
226	855
226	974
226	997
227	600
227	677
227	899
227	959
228	690
228	922
228	935
228	969
229	867
229	958
229	978
229	996
230	463
230	486
230	797
230	969
231	834
231	850
231	979
231	990
232	358
232	809
232	930
232	972
233	668
233	802
233	833
233	969
234	119
234	421
234	814
234	983
235	299
235	588
235	600
235	609
236	253
236	373
236	775
236	865
237	676
237	896
237	920
237	995
238	10
238	149
238	772
238	983
239	363
239	428
239	783
239	906
240	144
240	813
240	909
240	951
241	556
241	574
241	721
241	826
242	679
242	948
242	979
242	997
243	545
243	883
243	942
243	977
244	785
244	952
244	966
244	995
245	843
245	944
245	974
245	987
246	348
246	589
246	656
246	989
247	668
247	748
247	930
247	943
248	220
248	323
248	704
248	975
249	460
249	475
249	686
249	997
250	724
250	839
250	966
250	983
251	42
251	589
251	933
251	971
252	682
252	945
252	962
252	996
253	236
253	575
253	893
253	977
254	471
254	618
254	705
254	961
255	695
255	845
255	963
255	977
256	577
256	867
256	986
256	992
257	73
257	858
257	865
257	946
258	732
258	790
258	982
258	992
259	349
259	371
259	537
259	566
260	120
260	554
260	657
260	679
260	956
261	29
261	676
261	861
261	920
261	956
262	171
262	725
262	743
262	808
262	882
263	268
263	367
263	910
263	924
263	985
264	379
264	561
264	647
264	855
264	882
265	645
265	753
265	909
265	970
265	985
266	635
266	707
266	899
266	937
266	959
267	520
267	555
267	942
267	953
267	982
268	263
268	397
268	806
268	821
268	960
269	175
269	779
269	808
269	818
269	951
270	179
270	567
270	861
270	891
270	925
271	137
271	407
271	918
271	943
271	980
272	694
272	813
272	906
272	923
272	970
273	569
273	798
273	822
273	850
273	947
274	142
274	522
274	807
274	883
274	942
275	104
275	187
275	550
275	777
275	939
276	437
276	707
276	899
276	905
276	959
277	666
277	948
277	952
277	966
277	986
278	718
278	731
278	899
278	902
278	913
279	43
279	729
279	804
279	953
279	973
280	448
280	671
280	895
280	901
280	904
281	359
281	539
281	938
281	962
281	993
282	142
282	874
282	888
282	948
282	952
283	492
283	551
283	588
283	773
283	796
284	292
284	657
284	706
284	866
284	961
285	182
285	653
285	911
285	923
285	945
286	159
286	167
286	651
286	672
286	826
287	483
287	908
287	931
287	998
287	999
288	609
288	819
288	911
288	938
288	962
289	306
289	629
289	736
289	977
289	992
290	526
290	674
290	950
290	991
290	1000
291	113
291	172
291	925
291	960
291	986
292	284
292	536
292	890
292	944
292	968
293	522
293	751
293	776
293	927
293	998
294	160
294	373
294	632
294	860
294	915
295	763
295	771
295	920
295	994
295	995
296	446
296	654
296	846
296	991
296	1000
297	184
297	694
297	718
297	742
297	797
298	88
298	708
298	785
298	839
298	952
299	235
299	414
299	875
299	978
299	988
300	509
300	721
300	939
300	958
300	973
301	476
301	861
301	891
301	931
301	982
302	449
302	533
302	731
302	899
302	950
303	164
303	445
303	837
303	895
303	981
304	468
304	577
304	925
304	976
304	987
305	411
305	416
305	439
305	816
305	989
306	20
306	289
306	450
306	771
306	893
307	742
307	793
307	969
307	970
307	997
308	837
308	926
308	932
308	949
308	982
309	467
309	504
309	939
309	953
309	973
310	555
310	804
310	810
310	914
310	974
311	317
311	783
311	880
311	915
311	999
312	100
312	593
312	684
312	829
312	971
313	400
313	402
313	708
313	854
313	984
314	644
314	682
314	774
314	869
314	928
315	940
315	951
315	961
315	984
315	993
316	659
316	775
316	883
316	942
316	986
317	311
317	823
317	939
317	953
317	973
318	124
318	392
318	571
318	932
318	942
319	425
319	745
319	899
319	959
319	995
320	337
320	553
320	697
320	972
320	993
321	892
321	921
321	926
321	961
321	988
322	509
322	839
322	932
322	976
322	994
323	248
323	734
323	892
323	932
323	968
324	96
324	208
324	544
324	731
324	959
325	821
325	919
325	953
325	976
325	992
326	739
326	771
326	889
326	995
326	1000
327	394
327	644
327	849
327	918
327	934
328	338
328	385
328	549
328	841
328	852
329	49
329	192
329	791
329	885
329	985
330	444
330	528
330	590
330	780
330	931
331	638
331	707
331	901
331	932
331	937
332	900
332	988
332	989
332	998
332	999
333	60
333	64
333	899
333	902
333	965
334	392
334	488
334	576
334	614
334	946
335	843
335	862
335	892
335	961
335	968
336	510
336	543
336	647
336	890
336	926
337	320
337	608
337	796
337	928
337	934
338	19
338	328
338	730
338	953
338	973
339	172
339	398
339	860
339	884
339	981
340	511
340	603
340	618
340	689
340	847
341	589
341	687
341	727
341	821
341	970
342	177
342	575
342	733
342	848
342	995
343	125
343	347
343	865
343	900
343	946
344	495
344	526
344	865
344	938
344	945
345	675
345	727
345	751
345	829
345	971
346	440
346	620
346	805
346	855
346	982
347	343
347	556
347	626
347	652
347	969
348	246
348	360
348	616
348	806
348	927
349	259
349	393
349	944
349	974
349	995
350	636
350	725
350	942
350	963
350	982
351	365
351	776
351	865
351	900
351	952
352	697
352	784
352	826
352	916
352	993
353	441
353	638
353	962
353	965
353	993
354	77
354	87
354	709
354	859
354	994
355	122
355	444
355	685
355	974
355	987
356	655
356	736
356	834
356	905
356	977
357	713
357	897
357	914
357	934
357	995
358	232
358	421
358	618
358	983
358	990
359	198
359	281
359	542
359	672
359	741
360	25
360	348
360	940
360	958
360	978
361	10
361	499
361	892
361	951
361	980
362	799
362	917
362	937
362	991
362	1000
363	239
363	592
363	715
363	753
363	833
364	419
364	648
364	830
364	945
364	993
365	351
365	414
365	629
365	881
365	977
366	626
366	772
366	816
366	979
366	990
367	263
367	826
367	829
367	837
367	954
368	456
368	710
368	855
368	867
368	947
369	567
369	925
369	978
369	987
369	990
370	580
370	750
370	818
370	940
370	996
371	259
371	801
371	884
371	915
371	977
372	142
372	586
372	592
372	656
372	828
373	236
373	294
373	836
373	865
373	946
374	420
374	585
374	622
374	920
374	971
375	674
375	925
375	941
375	958
375	998
376	401
376	895
376	957
376	991
376	1000
377	709
377	810
377	828
377	955
377	960
378	659
378	775
378	784
378	827
378	946
379	264
379	397
379	604
379	894
379	947
380	454
380	546
380	558
380	729
380	963
381	501
381	735
381	876
381	885
381	994
382	533
382	691
382	975
382	991
382	1000
383	806
383	889
383	915
383	995
383	997
384	525
384	550
384	708
384	870
384	997
385	328
385	939
385	953
385	973
385	974
386	817
386	929
386	985
386	995
386	997
387	110
387	151
387	610
387	790
387	974
388	446
388	881
388	893
388	977
388	999
389	199
389	831
389	860
389	934
389	972
390	213
390	632
390	652
390	872
390	951
391	126
391	583
391	852
391	906
391	916
392	318
392	334
392	518
392	737
392	950
393	349
393	859
393	957
393	991
393	1000
394	327
394	771
394	897
394	965
394	995
395	57
395	405
395	459
395	685
395	841
396	625
396	774
396	876
396	913
396	981
397	268
397	379
397	624
397	870
397	976
398	339
398	461
398	826
398	831
398	923
399	586
399	661
399	729
399	903
399	994
400	3
400	313
400	557
400	640
400	960
401	94
401	376
401	543
401	575
401	951
402	181
402	313
402	620
402	815
402	960
403	157
403	675
403	686
403	893
403	971
404	60
404	520
404	617
404	896
404	922
405	395
405	769
405	805
405	897
405	955
406	407
406	526
406	713
406	971
406	976
407	131
407	271
407	406
407	889
407	970
408	586
408	791
408	884
408	885
408	954
409	608
409	799
409	834
409	851
409	979
410	527
410	811
410	849
410	949
410	990
411	305
411	730
411	813
411	878
411	880
412	100
412	606
412	740
412	933
412	980
413	32
413	467
413	795
413	808
413	817
413	965
414	16
414	299
414	365
414	878
414	926
414	989
415	429
415	478
415	737
415	873
415	923
415	979
416	30
416	305
416	843
416	908
416	989
416	993
417	614
417	775
417	883
417	900
417	942
417	946
418	48
418	737
418	824
418	891
418	973
418	999
419	364
419	749
419	752
419	911
419	953
419	973
420	215
420	374
420	829
420	933
420	971
420	982
421	234
421	358
421	587
421	631
421	862
421	983
422	462
422	714
422	731
422	773
422	809
422	960
423	512
423	772
423	858
423	883
423	900
423	993
424	523
424	681
424	774
424	788
424	868
424	968
425	18
425	319
425	891
425	899
425	902
425	959
426	480
426	751
426	941
426	965
426	988
426	998
427	441
427	595
427	691
427	822
427	903
427	963
428	239
428	455
428	641
428	754
428	927
428	967
429	415
429	517
429	639
429	727
429	879
429	883
430	601
430	649
430	821
430	886
430	956
430	997
431	436
431	537
431	594
431	733
431	881
431	943
432	778
432	797
432	811
432	901
432	947
432	982
433	713
433	853
433	950
433	957
433	991
433	1000
434	917
434	941
434	958
434	978
434	997
434	999
435	681
435	709
435	744
435	949
435	991
435	992
436	131
436	138
436	431
436	661
436	698
436	894
437	56
437	276
437	521
437	547
437	745
437	977
438	542
438	543
438	566
438	625
438	902
438	938
439	180
439	305
439	484
439	971
439	989
439	998
440	346
440	698
440	761
440	887
440	891
440	894
441	34
441	53
441	353
441	427
441	832
441	962
442	710
442	740
442	742
442	851
442	906
442	970
443	158
443	919
443	956
443	960
443	980
443	993
444	330
444	355
444	530
444	549
444	817
444	889
445	303
445	469
445	696
445	889
445	924
445	985
446	296
446	388
446	450
446	678
446	711
446	997
447	807
447	836
447	839
447	901
447	964
447	992
448	280
448	744
448	767
448	825
448	962
448	963
449	302
449	731
449	780
449	897
449	902
449	959
450	306
450	446
450	460
450	543
450	711
450	929
451	98
451	958
451	981
451	988
451	998
451	999
452	709
452	950
452	972
452	975
452	991
452	1000
453	751
453	803
453	855
453	870
453	882
453	887
454	380
454	621
454	778
454	949
454	984
454	994
455	428
455	570
455	745
455	842
455	896
455	967
456	368
456	680
456	743
456	762
456	805
456	980
457	195
457	772
457	774
457	860
457	979
457	987
458	564
458	689
458	950
458	975
458	991
458	1000
459	31
459	395
459	517
459	608
459	954
459	983
460	117
460	249
460	450
460	879
460	906
460	997
461	398
461	790
461	826
461	925
461	987
461	995
462	422
462	631
462	772
462	869
462	921
462	983
463	128
463	230
463	543
463	906
463	935
463	947
464	646
464	724
464	764
464	952
464	964
464	966
465	555
465	566
465	901
465	932
465	992
465	994
466	773
466	917
466	928
466	955
466	983
466	990
467	215
467	309
467	413
467	935
467	995
467	997
468	304
468	752
468	884
468	965
468	987
468	997
469	445
469	511
469	518
469	667
469	737
469	943
470	734
470	804
470	866
470	867
470	878
470	968
471	254
471	623
471	650
471	978
471	988
471	999
472	205
472	552
472	898
472	913
472	931
472	936
473	834
473	852
473	881
473	939
473	953
473	973
474	785
474	874
474	878
474	946
474	952
474	966
475	159
475	249
475	559
475	777
475	781
475	843
476	301
476	481
476	540
476	837
476	924
476	981
477	643
477	728
477	896
477	921
477	961
477	992
478	415
478	551
478	918
478	961
478	979
478	989
479	112
479	857
479	863
479	906
479	924
479	935
480	426
480	583
480	696
480	795
480	941
480	999
481	4
481	476
481	907
481	981
481	985
481	987
482	564
482	606
482	713
482	919
482	933
482	971
483	223
483	287
483	795
483	910
483	961
483	988
484	439
484	839
484	948
484	952
484	966
484	986
485	639
485	644
485	764
485	772
485	922
485	990
486	230
486	730
486	805
486	845
486	850
486	986
487	544
487	643
487	762
487	843
487	887
487	978
488	2
488	23
488	75
488	116
488	334
488	994
489	117
489	653
489	878
489	908
489	941
489	979
490	550
490	596
490	617
490	747
490	927
490	989
491	26
491	523
491	930
491	938
491	940
491	996
492	283
492	634
492	637
492	752
492	956
492	980
493	74
493	97
493	664
493	776
493	805
493	883
494	642
494	852
494	861
494	939
494	953
494	973
495	344
495	612
495	770
495	818
495	903
495	996
496	658
496	682
496	935
496	969
496	970
496	989
497	132
497	554
497	881
497	930
497	956
497	980
498	118
498	123
498	151
498	733
498	786
498	977
499	361
499	535
499	615
499	775
499	967
499	968
500	697
500	788
500	795
500	880
500	978
500	989
501	381
501	782
501	825
501	876
501	907
501	985
502	49
502	599
502	601
502	795
502	878
502	927
503	565
503	760
503	841
503	942
503	953
503	968
504	309
504	730
504	950
504	957
504	975
504	1000
505	180
505	191
505	833
505	920
505	972
505	987
505	995
506	5
506	848
506	886
506	930
506	956
506	976
506	980
507	1
507	582
507	657
507	726
507	934
507	943
507	980
508	755
508	800
508	805
508	822
508	963
508	964
508	992
509	300
509	322
509	760
509	841
509	939
509	979
509	998
510	336
510	734
510	817
510	867
510	892
510	896
510	987
511	340
511	469
511	518
511	671
511	881
511	954
511	985
512	32
512	222
512	423
512	688
512	703
512	789
512	946
513	564
513	687
513	714
513	785
513	829
513	933
513	971
514	209
514	702
514	717
514	761
514	814
514	872
514	886
515	162
515	550
515	655
515	670
515	695
515	835
515	871
516	7
516	45
516	523
516	577
516	661
516	955
516	986
517	140
517	429
517	459
517	789
517	869
517	928
517	986
518	392
518	469
518	511
518	528
518	812
518	864
518	891
519	58
519	715
519	828
519	862
519	961
519	964
519	966
520	267
520	404
520	722
520	744
520	869
520	931
520	937
521	437
521	548
521	746
521	754
521	755
521	982
521	992
522	274
522	293
522	664
522	883
522	942
522	946
522	989
523	424
523	491
523	516
523	636
523	665
523	779
523	996
524	604
524	674
524	839
524	949
524	957
524	984
524	996
525	384
525	639
525	770
525	787
525	800
525	834
525	990
526	290
526	344
526	406
526	910
526	929
526	944
526	997
527	410
527	611
527	917
527	957
527	975
527	991
527	1000
528	330
528	518
528	629
528	787
528	837
528	931
528	981
529	40
529	149
529	643
529	825
529	932
529	964
529	982
530	38
530	444
530	818
530	872
530	877
530	951
530	993
531	13
531	154
531	692
531	705
531	887
531	892
531	921
532	555
532	801
532	898
532	934
532	949
532	982
532	994
533	302
533	382
533	559
533	783
533	899
533	902
533	959
534	595
534	690
534	710
534	763
534	778
534	904
534	994
535	499
535	617
535	702
535	842
535	892
535	967
535	991
536	45
536	292
536	561
536	663
536	688
536	832
536	955
537	136
537	259
537	431
537	686
537	773
537	893
537	992
538	574
538	896
538	936
538	942
538	954
538	985
538	994
539	34
539	281
539	747
539	884
539	891
539	913
539	981
540	168
540	476
540	570
540	759
540	921
540	922
540	967
541	741
541	871
541	873
541	965
541	974
541	987
541	995
542	359
542	438
542	594
542	686
542	786
542	910
542	977
543	336
543	401
543	438
543	450
543	463
543	680
543	736
544	324
544	487
544	670
544	829
544	850
544	864
544	947
545	194
545	243
545	791
545	907
545	923
545	931
545	985
546	380
546	719
546	744
546	821
546	904
546	981
546	994
547	126
547	437
547	635
547	707
547	718
547	902
547	959
548	23
548	49
548	521
548	914
548	929
548	974
548	997
549	140
549	215
549	328
549	444
549	920
549	965
549	974
550	275
550	384
550	490
550	515
550	747
550	955
550	986
551	283
551	478
551	765
551	774
551	934
551	958
551	968
552	150
552	472
552	702
552	738
552	797
552	939
552	969
553	50
553	320
553	762
553	779
553	857
553	993
553	1000
554	260
554	497
554	652
554	719
554	890
554	927
554	930
555	267
555	310
555	465
555	532
555	811
555	846
555	895
556	241
556	347
556	720
556	906
556	922
556	970
556	973
557	400
557	735
557	784
557	824
557	891
557	954
557	981
558	204
558	211
558	380
558	631
558	734
558	798
558	926
559	148
559	475
559	533
559	792
559	940
559	984
559	996
560	90
560	172
560	762
560	767
560	921
560	947
560	992
561	109
561	173
561	264
561	536
561	688
561	980
561	996
562	65
562	119
562	769
562	821
562	907
562	976
562	994
563	142
563	626
563	707
563	922
563	959
563	969
563	970
564	157
564	458
564	482
564	513
564	585
564	764
564	971
565	503
565	753
565	816
565	823
565	852
565	907
565	953
566	21
566	259
566	438
566	465
566	686
566	905
566	961
567	270
567	369
567	817
567	854
567	865
567	920
567	995
568	663
568	787
568	885
568	918
568	941
568	979
568	983
569	273
569	651
569	829
569	835
569	854
569	914
569	960
570	455
570	540
570	759
570	862
570	884
570	892
570	910
571	148
571	202
571	318
571	633
571	832
571	951
571	984
572	641
572	814
572	914
572	957
572	975
572	991
572	1000
573	667
573	720
573	770
573	838
573	935
573	938
573	984
574	158
574	241
574	538
574	931
574	951
574	978
574	985
575	253
575	342
575	401
575	881
575	893
575	959
575	976
576	82
576	334
576	591
576	701
576	738
576	932
576	964
576	994
577	256
577	304
577	516
577	695
577	810
577	951
577	960
577	986
578	803
578	840
578	865
578	888
578	944
578	975
578	991
578	1000
579	721
579	799
579	863
579	917
579	957
579	975
579	991
579	1000
580	370
580	729
580	803
580	859
580	957
580	975
580	991
580	1000
581	641
581	675
581	684
581	699
581	772
581	829
581	933
581	971
582	507
582	767
582	848
582	919
582	927
582	956
582	971
582	980
583	70
583	391
583	480
583	738
583	802
583	909
583	935
583	969
584	112
584	586
584	694
584	899
584	922
584	969
584	983
584	987
585	374
585	564
585	603
585	675
585	687
585	699
585	965
585	971
586	372
586	399
586	408
586	584
586	833
586	863
586	970
586	983
587	421
587	795
587	837
587	915
587	976
587	988
587	989
587	999
588	235
588	283
588	615
588	729
588	804
588	889
588	929
588	974
589	24
589	78
589	246
589	251
589	341
589	654
589	933
589	971
590	115
590	330
590	605
590	830
590	856
590	975
590	984
590	993
591	576
591	655
591	774
591	793
591	836
591	964
591	978
591	994
592	45
592	363
592	372
592	802
592	824
592	922
592	935
592	969
593	312
593	632
593	714
593	787
593	840
593	918
593	928
593	979
594	33
594	431
594	542
594	636
594	680
594	686
594	694
594	786
595	58
595	111
595	427
595	534
595	706
595	895
595	932
595	949
596	490
596	771
596	795
596	866
596	908
596	919
596	941
596	999
597	20
597	816
597	852
597	939
597	952
597	953
597	957
597	973
598	43
598	749
598	760
598	823
598	857
598	953
598	973
598	985
599	502
599	666
599	785
599	874
599	888
599	928
599	952
599	966
600	99
600	166
600	227
600	235
600	776
600	929
600	987
600	995
601	430
601	502
601	726
601	761
601	930
601	943
601	980
601	985
602	815
602	848
602	866
602	926
602	933
602	961
602	967
602	994
603	340
603	585
603	704
603	759
603	798
603	823
603	892
603	968
604	379
604	524
604	665
604	667
604	932
604	984
604	989
604	996
605	590
605	915
605	941
605	958
605	967
605	978
605	988
605	989
606	193
606	412
606	482
606	687
606	727
606	855
606	866
606	971
607	685
607	700
607	761
607	908
607	912
607	969
607	988
607	999
608	66
608	337
608	409
608	459
608	744
608	806
608	873
608	918
609	72
609	204
609	235
609	288
609	638
609	898
609	938
609	993
610	131
610	387
610	672
610	763
610	929
610	944
610	995
610	997
611	527
611	796
611	814
611	873
611	878
611	903
611	934
611	983
612	71
612	495
612	618
612	715
612	890
612	896
612	967
612	978
613	96
613	677
613	745
613	864
613	899
613	957
613	959
613	999
614	334
614	417
614	623
614	718
614	833
614	906
614	969
614	970
615	54
615	116
615	499
615	588
615	888
615	929
615	995
615	997
616	212
616	348
616	845
616	875
616	958
616	978
616	988
616	989
617	70
617	404
617	490
617	535
617	828
617	866
617	967
617	982
618	254
618	340
618	358
618	612
618	661
618	728
618	892
618	968
619	26
619	886
619	904
619	937
619	949
619	976
619	988
619	994
620	346
620	402
620	661
620	704
620	763
620	851
620	955
620	994
621	454
621	640
621	743
621	767
621	851
621	932
621	960
621	986
622	374
622	749
622	752
622	823
622	841
622	848
622	939
622	973
623	471
623	614
623	802
623	906
623	909
623	940
623	962
623	970
624	397
624	645
624	655
624	801
624	871
624	893
624	905
624	957
625	132
625	396
625	438
625	655
625	758
625	767
625	893
625	977
626	347
626	366
626	563
626	646
626	718
626	863
626	909
626	935
627	704
627	712
627	754
627	757
627	921
627	949
627	967
627	968
628	44
628	71
628	113
628	661
628	687
628	846
628	859
628	986
629	12
629	180
629	289
629	365
629	528
629	680
629	881
629	977
629	990
630	717
630	750
630	783
630	788
630	880
630	912
630	915
630	927
630	988
631	421
631	462
631	558
631	714
631	934
631	944
631	979
631	990
631	991
632	199
632	294
632	390
632	593
632	774
632	896
632	918
632	974
632	983
633	81
633	183
633	186
633	571
633	872
633	919
633	930
633	952
633	980
634	492
634	701
634	838
634	906
634	919
634	930
634	943
634	972
634	980
635	96
635	266
635	547
635	745
635	803
635	902
635	940
635	943
635	959
636	350
636	523
636	594
636	793
636	821
636	904
636	932
636	976
636	994
637	110
637	213
637	492
637	886
637	943
637	956
637	958
637	975
637	980
638	185
638	331
638	353
638	609
638	786
638	951
638	974
638	993
638	996
639	188
639	429
639	485
639	525
639	765
639	868
639	973
639	979
639	990
640	400
640	621
640	743
640	777
640	833
640	836
640	887
640	894
640	902
641	428
641	572
641	581
641	715
641	808
641	896
641	921
641	926
641	967
642	10
642	184
642	494
642	759
642	890
642	896
642	968
642	980
642	1000
643	477
643	487
643	529
643	708
643	732
643	949
643	964
643	976
643	982
644	314
644	327
644	485
644	783
644	892
644	920
644	928
644	934
644	979
645	73
645	132
645	265
645	624
645	680
645	681
645	758
645	801
645	917
646	464
646	626
646	807
646	863
646	874
646	948
646	952
646	966
646	998
647	264
647	336
647	671
647	735
647	907
647	936
647	981
647	985
647	998
648	170
648	198
648	364
648	697
648	845
648	887
648	955
648	972
648	996
649	186
649	430
649	686
649	878
649	919
649	930
649	956
649	980
649	993
650	155
650	471
650	910
650	912
650	951
650	963
650	967
650	988
650	989
651	286
651	569
651	670
651	685
651	818
651	875
651	947
651	960
651	967
652	347
652	390
652	554
652	668
652	719
652	872
652	876
652	905
652	980
653	285
653	489
653	870
653	875
653	912
653	941
653	965
653	998
653	999
654	296
654	589
654	928
654	950
654	957
654	975
654	990
654	991
654	1000
655	108
655	356
655	515
655	591
655	624
655	625
655	801
655	881
655	977
656	92
656	201
656	246
656	372
656	700
656	748
656	880
656	958
656	999
657	260
657	284
657	507
657	726
657	858
657	919
657	943
657	956
657	969
658	496
658	683
658	782
658	843
658	929
658	944
658	968
658	974
658	997
659	92
659	316
659	378
659	789
659	858
659	886
659	891
659	900
659	946
660	47
660	170
660	214
660	664
660	673
660	858
660	865
660	880
660	900
661	399
661	436
661	516
661	618
661	620
661	628
661	713
661	835
661	850
662	26
662	102
662	199
662	772
662	880
662	892
662	918
662	934
662	983
663	86
663	536
663	568
663	787
663	848
663	868
663	938
663	983
663	990
664	493
664	522
664	660
664	673
664	775
664	876
664	883
664	894
664	981
665	523
665	604
665	839
665	857
665	887
665	972
665	981
665	984
665	996
666	277
666	599
666	834
666	888
666	914
666	948
666	952
666	956
666	966
667	469
667	573
667	604
667	697
667	725
667	784
667	877
667	908
667	962
668	233
668	247
668	652
668	896
668	919
668	929
668	930
668	956
668	980
669	756
669	805
669	809
669	856
669	860
669	868
669	935
669	983
669	990
670	3
670	515
670	544
670	651
670	696
670	723
670	756
670	843
670	978
671	195
671	280
671	511
671	647
671	740
671	826
671	837
671	898
671	924
672	188
672	286
672	359
672	610
672	818
672	940
672	948
672	972
672	984
673	106
673	107
673	660
673	664
673	789
673	802
673	819
673	942
673	946
674	101
674	290
674	375
674	524
674	779
674	830
674	859
674	993
674	996
675	345
675	403
675	581
675	585
675	794
675	807
675	933
675	971
675	995
676	171
676	237
676	261
676	782
676	835
676	861
676	873
676	925
676	965
676	987
677	36
677	56
677	227
677	613
677	696
677	707
677	775
677	828
677	902
677	959
678	69
678	446
678	741
678	763
678	814
678	920
678	965
678	987
678	991
678	997
679	242
679	260
679	741
679	764
679	879
679	925
679	935
679	964
679	965
679	995
680	12
680	456
680	543
680	594
680	629
680	645
680	758
680	785
680	934
680	977
681	130
681	424
681	435
681	645
681	714
681	873
681	918
681	930
681	979
681	983
682	110
682	252
682	314
682	496
682	738
682	797
682	813
682	909
682	922
682	932
683	152
683	213
683	658
683	811
683	889
683	897
683	975
683	987
683	995
683	997
684	135
684	312
684	581
684	699
684	726
684	829
684	919
684	928
684	933
684	971
685	355
685	395
685	607
685	651
685	767
685	777
685	806
685	870
685	955
685	972
686	28
686	136
686	249
686	403
686	537
686	542
686	566
686	594
686	649
686	905
687	341
687	513
687	585
687	606
687	628
687	692
687	727
687	933
687	945
687	971
688	512
688	536
688	561
688	696
688	845
688	864
688	893
688	958
688	960
688	986
689	189
689	340
689	458
689	735
689	867
689	926
689	961
689	964
689	966
689	967
690	228
690	534
690	733
690	778
690	821
690	874
690	903
690	976
690	982
690	992
691	192
691	382
691	427
691	747
691	766
691	786
691	912
691	978
691	988
691	999
692	69
692	531
692	687
692	705
692	790
692	798
692	842
692	890
692	967
692	989
693	185
693	740
693	789
693	822
693	830
693	850
693	877
693	938
693	940
693	996
694	272
694	297
694	584
694	594
694	821
694	889
694	922
694	935
694	942
694	969
695	90
695	255
695	515
695	577
695	696
695	801
695	855
695	898
695	947
695	964
696	445
696	480
696	670
696	677
696	688
696	695
696	862
696	887
696	947
696	986
697	83
697	115
697	320
697	352
697	500
697	648
697	667
697	941
697	966
697	972
698	14
698	436
698	440
698	781
698	855
698	865
698	869
698	947
698	986
698	996
699	100
699	581
699	585
699	684
699	727
699	811
699	933
699	971
699	989
699	999
700	7
700	607
700	656
700	746
700	855
700	878
700	910
700	958
700	966
700	978
701	576
701	634
701	717
701	761
701	809
701	817
701	848
701	872
701	956
701	980
702	514
702	535
702	552
702	840
702	853
702	950
702	957
702	975
702	991
702	1000
703	152
703	512
703	729
703	793
703	896
703	904
703	953
703	963
703	964
703	992
704	106
704	141
704	248
704	603
704	620
704	627
704	712
704	798
704	815
704	867
705	220
705	254
705	531
705	692
705	715
705	817
705	939
705	961
705	968
705	970
706	213
706	284
706	595
706	793
706	802
706	895
706	937
706	963
706	964
706	992
707	63
707	68
707	217
707	266
707	276
707	331
707	547
707	563
707	677
707	902
707	959
708	162
708	298
708	313
708	384
708	643
708	787
708	864
708	870
708	882
708	894
708	955
709	354
709	377
709	435
709	452
709	778
709	793
709	836
709	844
709	859
709	902
709	903
710	368
710	442
710	534
710	826
710	863
710	906
710	922
710	935
710	961
710	969
710	970
711	226
711	446
711	450
711	904
711	907
711	914
711	920
711	965
711	987
711	988
711	997
712	627
712	704
712	733
712	734
712	847
712	848
712	862
712	866
712	916
712	921
712	961
713	357
713	406
713	433
713	482
713	661
713	790
713	929
713	931
713	965
713	987
713	997
714	127
714	198
714	220
714	422
714	513
714	593
714	631
714	681
714	809
714	873
714	983
715	363
715	519
715	612
715	641
715	705
715	726
715	815
715	828
715	867
715	896
715	989
716	724
716	771
716	807
716	831
716	833
716	839
716	874
716	888
716	948
716	949
716	966
717	81
717	514
717	630
717	701
717	872
717	916
717	919
717	943
717	958
717	959
717	980
718	46
718	278
718	297
718	547
718	614
718	626
718	738
718	833
718	912
718	969
718	970
719	120
719	546
719	554
719	652
719	848
719	886
719	930
719	956
719	973
719	980
719	994
720	3
720	556
720	573
720	738
720	802
720	813
720	833
720	852
720	863
720	922
720	970
721	241
721	300
721	579
721	737
721	780
721	785
721	812
721	876
721	885
721	931
721	985
722	216
722	520
722	729
722	779
722	825
722	836
722	849
722	854
722	895
722	937
722	982
723	34
723	670
723	817
723	820
723	907
723	913
723	924
723	931
723	954
723	957
723	985
724	250
724	464
724	716
724	768
724	807
724	839
724	940
724	948
724	952
724	966
724	999
725	262
725	350
725	667
725	811
725	849
725	949
725	955
725	963
725	964
725	976
725	992
726	507
726	601
726	657
726	684
726	715
726	871
726	886
726	919
726	943
726	950
726	956
727	341
727	345
727	429
727	606
727	687
727	699
727	742
727	829
727	933
727	971
727	1000
728	60
728	159
728	477
728	618
728	842
728	892
728	896
728	914
728	921
728	968
728	974
729	4
729	279
729	380
729	399
729	580
729	588
729	703
729	722
729	937
729	963
729	995
730	28
730	338
730	411
730	486
730	504
730	749
730	816
730	852
730	906
730	939
730	973
731	11
731	56
731	278
731	302
731	324
731	422
731	449
731	745
731	840
731	902
731	959
732	80
732	258
732	643
732	778
732	849
732	878
732	925
732	955
732	964
732	992
732	994
733	342
733	431
733	498
733	690
733	712
733	758
733	786
733	792
733	801
733	905
733	977
734	323
734	470
734	510
734	558
734	712
734	794
734	798
734	892
734	897
734	914
734	926
734	961
735	225
735	381
735	557
735	647
735	689
735	826
735	898
735	923
735	924
735	936
735	971
735	980
736	136
736	151
736	289
736	356
736	543
736	779
736	801
736	812
736	881
736	893
736	905
736	906
737	192
737	392
737	415
737	418
737	469
737	721
737	794
737	812
737	891
737	913
737	954
737	996
738	552
738	576
738	583
738	682
738	718
738	720
738	759
738	833
738	837
738	863
738	969
738	971
739	326
739	803
739	845
739	846
739	884
739	917
739	950
739	957
739	975
739	977
739	991
739	1000
740	412
740	442
740	671
740	693
740	801
740	847
740	857
740	916
740	938
740	940
740	951
740	996
741	165
741	200
741	359
741	541
741	678
741	679
741	782
741	974
741	986
741	991
741	995
741	997
742	46
742	297
742	307
742	442
742	727
742	753
742	797
742	802
742	879
742	906
742	922
742	983
743	262
743	456
743	621
743	640
743	803
743	835
743	836
743	840
743	851
743	870
743	941
743	955
744	36
744	68
744	179
744	435
744	448
744	520
744	546
744	608
744	937
744	947
744	948
744	982
745	319
745	437
745	455
745	613
745	635
745	731
745	867
745	894
745	899
745	902
745	959
745	984
746	521
746	700
746	769
746	781
746	821
746	825
746	836
746	844
746	903
746	949
746	983
746	993
747	97
747	490
747	539
747	550
747	691
747	783
747	915
747	921
747	958
747	989
747	998
747	999
748	30
748	247
748	656
748	766
748	791
748	853
748	878
748	913
748	978
748	988
748	989
748	998
749	187
749	419
749	598
749	622
749	730
749	816
749	823
749	850
749	873
749	930
749	939
749	973
750	208
750	210
750	370
750	630
750	856
750	910
750	915
750	927
750	976
750	988
750	989
750	999
751	208
751	293
751	345
751	426
751	453
751	925
751	927
751	941
751	988
751	998
751	999
751	1000
752	80
752	133
752	419
752	468
752	492
752	622
752	760
752	777
752	816
752	939
752	953
752	973
753	218
753	265
753	363
753	565
753	742
753	802
753	833
753	865
753	909
753	935
753	970
753	979
754	62
754	428
754	521
754	627
754	765
754	798
754	876
754	877
754	921
754	961
754	967
754	968
755	119
755	122
755	175
755	508
755	521
755	855
755	886
755	904
755	932
755	951
755	982
755	994
756	157
756	160
756	169
756	214
756	669
756	670
756	813
756	831
756	869
756	873
756	983
756	990
757	95
757	627
757	875
757	880
757	908
757	959
757	961
757	970
757	978
757	989
757	998
757	999
758	6
758	95
758	154
758	625
758	645
758	680
758	733
758	798
758	881
758	905
758	975
758	977
759	540
759	570
759	603
759	642
759	738
759	815
759	890
759	892
759	926
759	959
759	968
759	978
760	201
760	503
760	509
760	598
760	752
760	823
760	841
760	939
760	953
760	960
760	970
760	978
761	13
761	219
761	440
761	514
761	601
761	607
761	701
761	919
761	930
761	943
761	956
761	980
762	456
762	487
762	553
762	560
762	794
762	835
762	870
762	899
762	947
762	960
762	981
762	986
763	295
763	534
763	610
763	620
763	678
763	782
763	817
763	968
763	972
763	987
763	995
763	997
764	164
764	464
764	485
764	564
764	679
764	782
764	889
764	925
764	944
764	974
764	987
764	995
765	31
765	52
765	69
765	551
765	639
765	754
765	834
765	860
765	879
765	934
765	973
765	990
766	691
766	748
766	795
766	878
766	889
766	912
766	944
766	958
766	965
766	975
766	988
766	999
767	224
767	448
767	560
767	582
767	621
767	625
767	685
767	864
767	882
767	894
767	986
767	993
768	43
768	724
768	777
768	791
768	854
768	870
768	881
768	882
768	894
768	947
768	955
768	986
769	179
769	181
769	405
769	562
769	746
769	793
769	869
769	912
769	932
769	933
769	964
769	992
770	170
770	495
770	525
770	573
770	832
770	863
770	877
770	899
770	940
770	945
770	951
770	996
771	136
771	295
771	306
771	326
771	394
771	596
771	716
771	804
771	929
771	944
771	974
771	987
772	238
772	366
772	423
772	457
772	462
772	485
772	581
772	662
772	796
772	956
772	959
772	983
772	990
773	66
773	162
773	283
773	422
773	466
773	537
773	809
773	814
773	860
773	879
773	918
773	937
773	944
774	146
774	314
774	396
774	424
774	457
774	551
774	591
774	632
774	814
774	828
774	860
774	879
774	993
775	106
775	196
775	236
775	316
775	378
775	417
775	499
775	664
775	677
775	827
775	865
775	946
775	952
776	41
776	106
776	293
776	351
776	493
776	600
776	827
776	858
776	894
776	900
776	942
776	963
776	996
777	275
777	475
777	640
777	685
777	752
777	768
777	829
777	835
777	851
777	854
777	890
777	929
777	960
778	177
778	432
778	454
778	534
778	690
778	709
778	732
778	822
778	844
778	933
778	937
778	967
778	983
779	269
779	523
779	553
779	674
779	722
779	736
779	818
779	847
779	888
779	901
779	940
779	962
779	972
780	33
780	179
780	330
780	449
780	721
780	793
780	820
780	876
780	884
780	907
780	924
780	981
780	985
781	105
781	475
781	698
781	746
781	805
781	806
781	845
781	850
781	887
781	955
781	981
781	986
781	991
782	29
782	501
782	658
782	676
782	741
782	763
782	764
782	808
782	886
782	915
782	944
782	973
782	974
783	208
783	239
783	311
783	533
783	630
783	644
783	747
783	832
783	912
783	915
783	958
783	989
783	999
784	352
784	378
784	557
784	667
784	794
784	818
784	832
784	873
784	877
784	895
784	962
784	984
784	996
785	244
785	298
785	474
785	513
785	599
785	680
785	721
785	874
785	888
785	928
785	948
785	952
785	966
786	12
786	15
786	498
786	542
786	594
786	638
786	691
786	733
786	881
786	893
786	905
786	972
786	977
787	89
787	109
787	525
787	528
787	568
787	593
787	663
787	708
787	788
787	831
787	869
787	916
787	990
788	26
788	189
788	424
788	500
788	630
788	787
788	831
788	868
788	879
788	947
788	979
788	983
788	990
789	147
789	512
789	517
789	659
789	673
789	693
789	827
789	865
789	883
789	942
789	946
789	968
789	984
790	258
790	387
790	461
790	692
790	713
790	808
790	817
790	824
790	892
790	897
790	925
790	965
790	987
791	329
791	408
791	545
791	748
791	768
791	819
791	847
791	898
791	923
791	932
791	953
791	954
791	985
792	31
792	35
792	559
792	733
792	794
792	832
792	838
792	877
792	962
792	972
792	983
792	993
792	996
793	307
793	591
793	636
793	703
793	706
793	709
793	769
793	780
793	817
793	871
793	893
793	895
793	963
794	675
794	734
794	737
794	762
794	784
794	792
794	847
794	857
794	911
794	938
794	972
794	984
794	990
795	115
795	206
795	413
795	480
795	483
795	500
795	502
795	587
795	596
795	766
795	837
795	905
795	989
796	86
796	127
796	283
796	337
796	611
796	772
796	814
796	857
796	908
796	918
796	962
796	979
796	995
797	230
797	297
797	432
797	552
797	682
797	742
797	813
797	820
797	854
797	909
797	923
797	935
797	970
798	273
798	558
798	603
798	692
798	704
798	734
798	754
798	758
798	877
798	921
798	926
798	961
798	967
798	992
799	362
799	409
799	579
799	840
799	859
799	870
799	907
799	917
799	950
799	957
799	975
799	977
799	991
799	1000
800	50
800	160
800	175
800	178
800	202
800	508
800	525
800	938
800	957
800	962
800	966
800	972
800	993
800	996
801	371
801	532
801	624
801	645
801	655
801	695
801	733
801	736
801	740
801	868
801	893
801	905
801	977
801	990
802	93
802	233
802	583
802	592
802	623
802	673
802	706
802	720
802	742
802	753
802	903
802	909
802	970
802	981
803	453
803	578
803	580
803	635
803	739
803	743
803	844
803	859
803	901
803	950
803	957
803	975
803	991
803	1000
804	76
804	279
804	310
804	470
804	588
804	771
804	885
804	889
804	897
804	899
804	914
804	944
804	965
804	974
805	165
805	346
805	405
805	456
805	486
805	493
805	508
805	669
805	781
805	843
805	900
805	921
805	955
805	986
806	167
806	268
806	348
806	383
806	608
806	685
806	781
806	843
806	845
806	864
806	955
806	960
806	974
806	995
807	114
807	274
807	447
807	646
807	675
807	716
807	724
807	839
807	874
807	888
807	945
807	948
807	952
807	966
808	200
808	262
808	269
808	413
808	641
808	782
808	790
808	817
808	911
808	914
808	987
808	991
808	995
808	997
809	39
809	54
809	153
809	232
809	422
809	669
809	701
809	714
809	773
809	868
809	937
809	938
809	979
809	990
810	45
810	59
810	171
810	310
810	377
810	577
810	854
810	856
810	864
810	894
810	960
810	969
810	986
810	997
811	410
811	432
811	555
811	683
811	699
811	725
811	831
811	849
811	937
811	963
811	976
811	985
811	992
811	994
812	153
812	518
812	721
812	736
812	737
812	819
812	822
812	856
812	876
812	884
812	923
812	936
812	985
812	1000
813	143
813	197
813	240
813	272
813	411
813	682
813	720
813	756
813	797
813	827
813	863
813	909
813	966
813	969
814	234
814	514
814	572
814	611
814	678
814	773
814	774
814	796
814	873
814	879
814	979
814	983
814	990
814	999
815	62
815	201
815	402
815	602
815	704
815	715
815	759
815	828
815	867
815	919
815	953
815	966
815	967
815	982
816	305
816	366
816	565
816	597
816	730
816	749
816	752
816	823
816	924
816	939
816	953
816	970
816	973
816	977
817	386
817	413
817	444
817	510
817	567
817	701
817	705
817	723
817	763
817	790
817	793
817	808
817	889
817	925
817	965
818	269
818	370
818	495
818	530
818	651
818	672
818	779
818	784
818	847
818	909
818	945
818	951
818	964
818	982
818	993
819	59
819	288
819	673
819	791
819	812
819	837
819	838
819	898
819	915
819	924
819	931
819	936
819	954
819	968
819	981
820	183
820	723
820	780
820	797
820	826
820	876
820	891
820	904
820	914
820	923
820	924
820	936
820	954
820	980
820	985
821	268
821	325
821	341
821	430
821	546
821	562
821	636
821	690
821	694
821	746
821	945
821	964
821	982
821	992
821	994
822	27
822	273
822	427
822	508
822	693
822	778
822	812
822	825
822	855
822	901
822	903
822	904
822	964
822	982
822	992
823	80
823	317
823	565
823	598
823	603
823	622
823	749
823	760
823	816
823	841
823	906
823	928
823	953
823	958
823	973
824	418
824	557
824	592
824	790
824	831
824	837
824	885
824	907
824	916
824	923
824	931
824	936
824	964
824	981
824	985
825	75
825	448
825	501
825	529
825	722
825	746
825	822
825	849
825	871
825	929
825	937
825	952
825	960
825	991
825	992
826	241
826	286
826	352
826	367
826	398
826	461
826	671
826	710
826	735
826	820
826	898
826	909
826	913
826	954
826	985
827	37
827	42
827	378
827	775
827	776
827	789
827	813
827	846
827	858
827	865
827	900
827	924
827	927
827	946
827	972
828	51
828	201
828	372
828	377
828	519
828	617
828	677
828	715
828	774
828	815
828	862
828	890
828	921
828	926
828	961
829	55
829	312
829	345
829	367
829	420
829	513
829	544
829	569
829	581
829	684
829	727
829	777
829	869
829	933
829	971
830	85
830	364
830	590
830	674
830	693
830	838
830	856
830	864
830	870
830	899
830	904
830	916
830	962
830	984
830	996
831	153
831	389
831	398
831	716
831	756
831	787
831	788
831	811
831	824
831	852
831	869
831	873
831	918
831	979
831	990
832	121
832	441
832	536
832	571
832	770
832	783
832	784
832	792
832	840
832	940
832	977
832	984
832	985
832	993
832	996
833	14
833	233
833	363
833	505
833	586
833	614
833	640
833	716
833	718
833	720
833	738
833	753
833	937
833	969
833	970
833	990
834	139
834	231
834	356
834	409
834	473
834	525
834	666
834	765
834	860
834	869
834	912
834	934
834	949
834	979
834	983
834	990
835	41
835	109
835	515
835	569
835	661
835	676
835	743
835	762
835	777
835	861
835	887
835	894
835	896
835	955
835	969
835	986
836	84
836	373
836	447
836	591
836	640
836	709
836	722
836	743
836	746
836	903
836	937
836	949
836	974
836	982
836	988
836	994
837	129
837	303
837	308
837	367
837	476
837	528
837	587
837	671
837	738
837	795
837	819
837	824
837	898
837	920
837	923
837	936
838	27
838	38
838	178
838	573
838	634
838	792
838	819
838	830
838	856
838	890
838	916
838	932
838	945
838	961
838	993
838	997
839	223
839	250
839	298
839	322
839	447
839	484
839	524
839	665
839	716
839	724
839	807
839	874
839	878
839	888
839	948
839	966
840	578
840	593
840	702
840	731
840	743
840	799
840	832
840	842
840	846
840	853
840	917
840	950
840	957
840	975
840	991
840	1000
841	80
841	90
841	219
841	328
841	395
841	503
841	509
841	622
841	760
841	823
841	852
841	901
841	939
841	950
841	973
841	980
842	65
842	455
842	535
842	692
842	728
842	840
842	862
842	866
842	867
842	876
842	896
842	926
842	954
842	968
842	978
842	980
843	57
843	245
843	335
843	416
843	475
843	487
843	658
843	670
843	805
843	806
843	850
843	866
843	887
843	955
843	960
843	986
844	124
844	176
844	709
844	746
844	778
844	803
844	851
844	901
844	936
844	937
844	949
844	954
844	982
844	984
844	992
844	994
845	67
845	107
845	255
845	486
845	616
845	648
845	688
845	739
845	781
845	806
845	851
845	855
845	874
845	960
845	969
845	986
846	296
846	555
846	628
846	739
846	827
846	840
846	853
846	859
846	885
846	917
846	950
846	957
846	962
846	975
846	991
846	1000
847	53
847	141
847	174
847	188
847	340
847	712
847	740
847	779
847	791
847	794
847	818
847	918
847	962
847	972
847	984
847	993
848	158
848	342
848	506
848	582
848	602
848	622
848	663
848	701
848	712
848	719
848	872
848	886
848	919
848	930
848	943
848	980
849	166
849	327
849	410
849	722
849	725
849	732
849	811
849	825
849	854
849	895
849	932
849	971
849	976
849	982
849	989
849	992
849	999
850	107
850	129
850	231
850	273
850	486
850	544
850	661
850	693
850	749
850	781
850	843
850	882
850	887
850	941
850	960
850	986
850	992
851	172
851	409
851	442
851	620
851	621
851	743
851	777
851	844
851	845
851	855
851	863
851	864
851	882
851	887
851	894
851	909
851	963
852	17
852	130
852	328
852	391
852	473
852	494
852	565
852	597
852	720
852	730
852	831
852	841
852	939
852	942
852	953
852	966
852	973
853	161
853	433
853	702
853	748
853	840
853	846
853	859
853	863
853	917
853	950
853	957
853	975
853	986
853	990
853	991
853	993
853	1000
854	102
854	313
854	567
854	569
854	722
854	768
854	777
854	797
854	810
854	849
854	855
854	864
854	887
854	894
854	955
854	960
854	986
855	140
855	226
855	264
855	346
855	368
855	453
855	606
855	695
855	698
855	700
855	755
855	822
855	845
855	851
855	854
855	947
855	960
856	9
856	196
856	590
856	669
856	750
856	810
856	812
856	830
856	838
856	864
856	911
856	938
856	951
856	962
856	984
856	993
856	996
857	53
857	479
857	553
857	598
857	665
857	740
857	794
857	796
857	889
857	911
857	916
857	920
857	945
857	962
857	984
857	993
857	996
858	41
858	42
858	74
858	257
858	423
858	657
858	659
858	660
858	776
858	827
858	900
858	905
858	942
858	946
858	949
858	952
858	967
859	75
859	354
859	393
859	580
859	628
859	674
859	709
859	799
859	803
859	846
859	853
859	917
859	950
859	954
859	975
859	991
859	1000
860	224
860	294
860	339
860	389
860	457
860	669
860	765
860	773
860	774
860	834
860	868
860	869
860	879
860	883
860	948
860	978
860	990
861	21
861	96
861	168
861	261
861	270
861	301
861	494
861	676
861	835
861	897
861	898
861	914
861	920
861	944
861	965
861	974
861	997
862	127
862	335
862	421
862	519
862	570
862	696
862	712
862	828
862	842
862	867
862	874
862	896
862	921
862	941
862	961
862	967
862	968
863	93
863	479
863	579
863	586
863	626
863	646
863	710
863	720
863	738
863	770
863	813
863	851
863	853
863	911
863	922
863	969
863	970
864	44
864	173
864	518
864	544
864	613
864	688
864	708
864	767
864	806
864	810
864	830
864	851
864	854
864	856
864	887
864	956
864	979
865	32
865	236
865	257
865	343
865	344
865	351
865	373
865	567
865	578
865	660
865	698
865	753
865	775
865	789
865	827
865	892
865	942
865	946
866	13
866	58
866	123
866	284
866	470
866	596
866	602
866	606
866	617
866	712
866	842
866	843
866	890
866	895
866	921
866	926
866	945
866	961
867	98
867	229
867	256
867	368
867	470
867	510
867	689
867	704
867	715
867	745
867	815
867	842
867	862
867	890
867	904
867	921
867	968
867	993
868	55
868	130
868	424
868	639
868	663
868	669
868	788
868	801
868	809
868	860
868	918
868	923
868	928
868	954
868	956
868	979
868	990
868	998
869	5
869	146
869	155
869	206
869	314
869	462
869	517
869	520
869	698
869	756
869	769
869	787
869	829
869	831
869	834
869	860
869	879
869	990
870	57
870	67
870	197
870	384
870	397
870	453
870	653
870	685
870	708
870	743
870	762
870	768
870	799
870	830
870	947
870	955
870	965
870	993
871	84
871	123
871	515
871	541
871	624
871	726
871	793
871	825
871	872
871	895
871	901
871	906
871	932
871	964
871	976
871	982
871	992
871	994
872	81
872	144
872	209
872	390
872	514
872	530
872	633
872	652
872	701
872	717
872	848
872	871
872	894
872	909
872	919
872	943
872	967
872	980
873	415
873	541
873	608
873	611
873	676
873	681
873	714
873	749
873	756
873	784
873	814
873	831
873	886
873	918
873	928
873	979
873	983
873	990
874	282
874	474
874	599
874	646
874	690
874	716
874	785
874	807
874	839
874	845
874	862
874	888
874	936
874	948
874	952
874	962
874	966
874	981
875	83
875	112
875	145
875	299
875	616
875	651
875	653
875	757
875	878
875	880
875	894
875	958
875	978
875	988
875	989
875	993
875	998
875	999
876	17
876	381
876	396
876	501
876	652
876	664
876	721
876	754
876	780
876	812
876	820
876	842
876	885
876	907
876	923
876	954
876	973
876	981
876	991
877	101
877	203
877	530
877	667
877	693
877	754
877	770
877	784
877	792
877	798
877	880
877	916
877	945
877	951
877	972
877	974
877	986
877	989
877	993
878	411
878	414
878	470
878	474
878	489
878	502
878	611
878	649
878	700
878	732
878	748
878	766
878	839
878	875
878	912
878	927
878	958
878	998
878	999
879	29
879	86
879	139
879	149
879	429
879	460
879	679
879	742
879	765
879	773
879	774
879	788
879	814
879	860
879	869
879	899
879	923
879	928
879	934
880	311
880	411
880	500
880	630
880	656
880	660
880	662
880	757
880	875
880	877
880	910
880	918
880	935
880	958
880	962
880	967
880	978
880	988
880	999
881	108
881	118
881	132
881	365
881	388
881	431
881	473
881	497
881	511
881	575
881	629
881	655
881	736
881	758
881	768
881	786
881	905
881	949
881	987
882	3
882	67
882	89
882	156
882	224
882	262
882	264
882	453
882	708
882	767
882	768
882	850
882	851
882	893
882	955
882	974
882	980
882	986
882	996
883	37
883	243
883	274
883	316
883	417
883	423
883	429
883	493
883	522
883	664
883	789
883	860
883	900
883	927
883	929
883	942
883	946
883	958
883	963
884	206
884	225
884	339
884	371
884	408
884	468
884	539
884	570
884	739
884	780
884	812
884	885
884	891
884	895
884	907
884	924
884	931
884	981
884	985
885	150
885	329
885	381
885	408
885	568
885	721
885	804
885	824
885	846
885	876
885	884
885	922
885	924
885	929
885	931
885	936
885	954
885	981
885	985
886	137
886	430
886	506
886	514
886	619
886	637
886	659
886	719
886	726
886	755
886	782
886	848
886	873
886	919
886	930
886	943
886	956
886	957
886	980
887	24
887	134
887	138
887	440
887	453
887	487
887	531
887	640
887	648
887	665
887	696
887	781
887	835
887	843
887	850
887	851
887	854
887	864
887	955
887	991
888	163
888	223
888	282
888	578
888	599
888	615
888	666
888	716
888	779
888	785
888	807
888	839
888	874
888	935
888	948
888	952
888	966
888	968
888	979
888	983
889	100
889	326
889	383
889	407
889	444
889	445
889	588
889	683
889	694
889	764
889	766
889	804
889	817
889	857
889	914
889	925
889	972
889	974
889	995
889	997
890	79
890	189
890	211
890	292
890	336
890	554
890	612
890	642
890	692
890	759
890	777
890	828
890	838
890	866
890	867
890	921
890	930
890	955
890	961
890	968
891	61
891	111
891	270
891	301
891	418
891	425
891	440
891	518
891	539
891	557
891	659
891	737
891	820
891	884
891	893
891	898
891	907
891	913
891	923
891	985
892	108
892	321
892	323
892	335
892	361
892	510
892	531
892	535
892	570
892	603
892	618
892	644
892	662
892	728
892	734
892	759
892	790
892	865
892	967
892	971
893	14
893	20
893	21
893	33
893	253
893	306
893	388
893	403
893	537
893	575
893	624
893	625
893	688
893	736
893	786
893	793
893	801
893	882
893	891
893	977
894	11
894	379
894	436
894	440
894	640
894	664
894	708
894	745
894	767
894	768
894	776
894	810
894	835
894	851
894	854
894	872
894	875
894	929
894	947
894	986
895	149
895	280
895	303
895	376
895	555
895	595
895	706
895	722
895	784
895	793
895	849
895	866
895	871
895	884
895	932
895	949
895	976
895	992
895	994
895	996
896	237
896	404
896	455
896	477
896	510
896	538
896	612
896	632
896	641
896	642
896	668
896	703
896	715
896	728
896	835
896	842
896	862
896	961
896	968
896	969
897	357
897	394
897	405
897	449
897	683
897	734
897	790
897	804
897	861
897	901
897	914
897	916
897	917
897	920
897	929
897	938
897	944
897	987
897	995
897	997
898	48
898	225
898	472
898	532
898	609
898	671
898	695
898	735
898	791
898	819
898	826
898	837
898	861
898	891
898	909
898	911
898	923
898	954
898	981
898	985
899	61
899	64
899	227
899	266
899	276
899	278
899	302
899	319
899	333
899	425
899	533
899	584
899	613
899	745
899	762
899	770
899	804
899	830
899	879
899	902
899	959
900	41
900	71
900	147
900	332
900	343
900	351
900	417
900	423
900	659
900	660
900	776
900	805
900	827
900	858
900	883
900	937
900	942
900	946
900	954
900	963
900	989
901	280
901	331
901	432
901	447
901	465
901	779
901	803
901	822
901	841
901	844
901	871
901	897
901	904
901	913
901	926
901	964
901	966
901	976
901	982
901	992
901	994
902	47
902	64
902	216
902	278
902	333
902	425
902	438
902	449
902	533
902	547
902	635
902	640
902	677
902	707
902	709
902	731
902	745
902	899
902	912
902	937
902	959
903	22
903	399
903	427
903	495
903	611
903	690
903	709
903	746
903	802
903	822
903	836
903	904
903	933
903	937
903	949
903	963
903	976
903	981
903	992
903	994
903	1000
904	68
904	191
904	196
904	280
904	534
904	546
904	619
904	636
904	703
904	711
904	755
904	820
904	822
904	830
904	867
904	901
904	903
904	963
904	964
904	976
904	994
905	21
905	73
905	151
905	276
905	356
905	566
905	624
905	652
905	686
905	733
905	736
905	758
905	786
905	795
905	801
905	858
905	881
905	930
905	966
905	977
905	981
906	144
906	169
906	239
906	272
906	391
906	442
906	460
906	463
906	479
906	556
906	614
906	623
906	634
906	710
906	730
906	736
906	742
906	823
906	871
906	913
906	922
906	970
907	221
907	481
907	501
907	545
907	562
907	565
907	647
907	711
907	723
907	780
907	799
907	824
907	876
907	884
907	891
907	913
907	918
907	924
907	936
907	938
907	985
907	999
908	63
908	85
908	104
908	287
908	416
908	489
908	596
908	607
908	667
908	757
908	796
908	910
908	915
908	927
908	930
908	943
908	969
908	988
908	989
908	995
908	998
908	999
909	126
909	194
909	240
909	265
909	583
909	623
909	626
909	682
909	753
909	797
909	802
909	813
909	818
909	826
909	851
909	872
909	898
909	935
909	948
909	969
909	970
909	996
910	8
910	263
910	483
910	526
910	542
910	570
910	650
910	700
910	750
910	880
910	908
910	912
910	941
910	958
910	978
910	982
910	988
910	989
910	992
910	998
910	999
910	1000
911	27
911	51
911	72
911	285
911	288
911	419
911	794
911	808
911	856
911	857
911	863
911	898
911	940
911	941
911	945
911	951
911	957
911	972
911	974
911	984
911	993
911	996
912	105
912	607
912	630
912	650
912	653
912	691
912	718
912	766
912	769
912	783
912	834
912	878
912	902
912	910
912	927
912	956
912	958
912	988
912	989
912	990
912	994
912	998
912	999
913	52
913	67
913	192
913	203
913	221
913	278
913	396
913	472
913	539
913	723
913	737
913	748
913	826
913	891
913	901
913	906
913	907
913	916
913	923
913	924
913	931
913	984
913	996
914	19
914	29
914	40
914	310
914	357
914	548
914	569
914	572
914	666
914	711
914	728
914	734
914	804
914	808
914	820
914	861
914	889
914	897
914	925
914	933
914	944
914	965
914	997
915	30
915	48
915	125
915	218
915	294
915	311
915	371
915	383
915	587
915	605
915	630
915	747
915	750
915	782
915	783
915	819
915	908
915	941
915	978
915	979
915	989
915	998
915	999
916	121
916	188
916	212
916	352
916	391
916	712
916	717
916	740
916	787
916	824
916	830
916	838
916	857
916	877
916	897
916	913
916	938
916	940
916	945
916	951
916	962
916	972
916	993
917	1
917	147
917	207
917	362
917	434
917	466
917	527
917	579
917	645
917	739
917	799
917	840
917	846
917	853
917	859
917	897
917	934
917	950
917	957
917	960
917	975
917	991
917	1000
918	146
918	271
918	327
918	478
918	568
918	593
918	608
918	632
918	662
918	681
918	773
918	796
918	831
918	847
918	868
918	873
918	880
918	907
918	928
918	962
918	963
918	979
918	992
919	94
919	325
919	443
919	482
919	582
919	596
919	633
919	634
919	649
919	657
919	668
919	684
919	717
919	726
919	761
919	815
919	848
919	872
919	886
919	930
919	943
919	956
919	980
919	988
920	35
920	37
920	46
920	237
920	261
920	295
920	374
920	505
920	549
920	567
920	644
920	678
920	711
920	837
920	857
920	861
920	897
920	929
920	941
920	944
920	965
920	974
920	975
920	987
921	57
921	98
921	321
921	462
921	477
921	531
921	540
921	560
921	627
921	641
921	712
921	728
921	747
921	754
921	798
921	805
921	828
921	862
921	866
921	867
921	890
921	926
921	954
921	997
922	112
922	128
922	228
922	404
922	485
922	540
922	556
922	563
922	584
922	592
922	682
922	694
922	710
922	720
922	742
922	863
922	885
922	906
922	931
922	935
922	963
922	969
922	982
922	997
923	272
923	285
923	398
923	415
923	545
923	735
923	791
923	797
923	812
923	820
923	824
923	837
923	868
923	876
923	879
923	891
923	898
923	913
923	936
923	954
923	967
923	981
923	985
923	997
924	144
924	203
924	263
924	445
924	476
924	479
924	671
924	723
924	735
924	780
924	816
924	819
924	820
924	827
924	884
924	885
924	907
924	913
924	936
924	954
924	965
924	979
924	981
924	988
925	117
925	270
925	291
925	304
925	369
925	375
925	461
925	676
925	679
925	732
925	751
925	764
925	790
925	817
925	889
925	914
925	944
925	960
925	979
925	987
925	988
925	994
925	995
925	997
926	124
926	308
926	321
926	336
926	414
926	558
926	602
926	641
926	689
926	734
926	759
926	798
926	828
926	842
926	866
926	901
926	921
926	933
926	939
926	952
926	961
926	967
926	968
926	996
927	7
927	25
927	97
927	293
927	348
927	428
927	490
927	502
927	554
927	582
927	630
927	750
927	751
927	827
927	878
927	883
927	908
927	912
927	941
927	944
927	956
927	978
927	988
927	989
928	31
928	74
928	89
928	205
928	314
928	337
928	466
928	517
928	593
928	599
928	644
928	654
928	684
928	785
928	823
928	868
928	873
928	879
928	918
928	934
928	964
928	979
928	983
928	985
928	990
929	386
929	450
929	526
929	548
929	588
929	600
929	610
929	615
929	658
929	668
929	713
929	771
929	777
929	825
929	883
929	885
929	894
929	897
929	920
929	944
929	965
929	976
929	987
929	988
929	997
930	174
930	232
930	247
930	491
930	497
930	506
930	554
930	601
930	633
930	634
930	649
930	668
930	681
930	719
930	749
930	761
930	848
930	886
930	890
930	905
930	908
930	919
930	943
930	958
930	980
931	52
931	83
931	287
931	301
931	330
931	472
931	520
931	528
931	545
931	574
931	713
931	721
931	723
931	819
931	824
931	884
931	885
931	913
931	922
931	954
931	962
931	965
931	981
931	985
931	990
932	308
932	318
932	322
932	323
932	331
932	465
932	529
932	576
932	595
932	604
932	621
932	636
932	682
932	755
932	769
932	791
932	838
932	849
932	871
932	895
932	937
932	939
932	963
932	973
932	976
933	24
933	55
933	133
933	138
933	251
933	412
933	420
933	482
933	513
933	581
933	589
933	602
933	675
933	684
933	687
933	699
933	727
933	769
933	778
933	829
933	903
933	914
933	926
933	971
933	989
934	54
934	139
934	327
934	337
934	357
934	389
934	507
934	532
934	551
934	611
934	631
934	644
934	662
934	680
934	765
934	834
934	879
934	917
934	928
934	936
934	979
934	983
934	990
934	992
934	997
935	66
935	126
935	128
935	181
935	228
935	463
935	467
935	479
935	496
935	573
935	583
935	592
935	626
935	669
935	679
935	694
935	710
935	753
935	797
935	880
935	888
935	909
935	922
935	969
935	970
935	994
936	8
936	59
936	195
936	472
936	538
936	647
936	735
936	812
936	819
936	820
936	824
936	837
936	844
936	874
936	885
936	907
936	923
936	924
936	934
936	954
936	973
936	980
936	981
936	985
936	987
936	994
937	181
937	266
937	331
937	362
937	520
937	619
937	706
937	722
937	729
937	744
937	773
937	778
937	809
937	811
937	825
937	833
937	836
937	844
937	900
937	902
937	903
937	932
937	988
937	992
937	994
937	999
938	141
938	161
938	281
938	288
938	344
938	438
938	491
938	573
938	609
938	663
938	693
938	740
938	794
938	800
938	809
938	856
938	897
938	907
938	916
938	946
938	951
938	967
938	972
938	993
938	996
938	1000
939	2
939	275
939	300
939	309
939	317
939	385
939	473
939	494
939	509
939	552
939	597
939	622
939	705
939	730
939	749
939	752
939	760
939	816
939	841
939	852
939	926
939	932
939	953
939	969
939	973
939	987
940	184
940	315
940	360
940	370
940	491
940	559
940	623
940	635
940	672
940	693
940	724
940	740
940	770
940	779
940	832
940	911
940	916
940	945
940	951
940	962
940	972
940	977
940	984
940	987
940	995
940	996
941	47
941	105
941	375
941	426
941	434
941	480
941	489
941	568
941	596
941	605
941	653
941	697
941	743
941	751
941	850
941	862
941	910
941	911
941	915
941	920
941	927
941	971
941	978
941	988
941	989
941	998
942	34
942	37
942	42
942	143
942	222
942	243
942	267
942	274
942	316
942	318
942	350
942	417
942	503
942	522
942	538
942	673
942	694
942	776
942	789
942	852
942	858
942	865
942	883
942	900
942	946
942	996
943	128
943	135
943	186
943	247
943	271
943	431
943	469
943	507
943	601
943	634
943	635
943	637
943	657
943	717
943	726
943	761
943	848
943	872
943	886
943	908
943	919
943	930
943	956
943	965
943	980
943	999
944	245
944	292
944	349
944	526
944	578
944	610
944	631
944	658
944	764
944	766
944	771
944	773
944	782
944	804
944	861
944	897
944	914
944	920
944	925
944	927
944	929
944	974
944	976
944	986
944	987
944	995
944	997
945	51
945	72
945	86
945	91
945	207
945	252
945	285
945	344
945	364
945	687
945	770
945	807
945	818
945	821
945	838
945	857
945	866
945	877
945	911
945	916
945	940
945	951
945	962
945	969
945	972
945	981
945	990
946	32
946	147
946	205
946	257
946	334
946	343
946	373
946	378
946	417
946	474
946	512
946	522
946	659
946	673
946	775
946	789
946	827
946	858
946	865
946	883
946	900
946	938
946	942
946	949
946	957
946	960
946	967
946	987
947	44
947	72
947	90
947	145
947	273
947	368
947	379
947	432
947	463
947	544
947	560
947	651
947	695
947	696
947	698
947	744
947	762
947	768
947	788
947	855
947	870
947	894
947	960
947	986
947	987
947	995
947	996
947	997
948	9
948	70
948	114
948	134
948	163
948	223
948	242
948	277
948	282
948	484
948	646
948	666
948	672
948	716
948	724
948	744
948	785
948	807
948	839
948	860
948	874
948	888
948	909
948	966
948	974
948	989
948	990
948	998
949	30
949	308
949	410
949	435
949	454
949	524
949	532
949	595
949	619
949	627
949	643
949	716
949	725
949	746
949	834
949	836
949	844
949	858
949	881
949	895
949	903
949	946
949	963
949	964
949	976
949	982
949	984
949	992
949	994
950	16
950	156
950	290
950	302
950	392
950	433
950	452
950	458
950	504
950	654
950	702
950	726
950	739
950	799
950	803
950	840
950	841
950	846
950	853
950	859
950	917
950	957
950	975
950	977
950	987
950	991
950	994
950	998
950	1000
951	83
951	85
951	240
951	269
951	315
951	361
951	390
951	401
951	530
951	571
951	574
951	577
951	638
951	650
951	740
951	755
951	770
951	818
951	856
951	877
951	911
951	916
951	938
951	940
951	945
951	982
951	984
951	992
951	993
952	9
952	70
952	88
952	154
952	244
952	277
952	282
952	298
952	351
952	464
952	474
952	484
952	597
952	599
952	633
952	646
952	666
952	724
952	775
952	785
952	807
952	825
952	858
952	874
952	888
952	926
952	966
952	986
952	995
953	17
953	28
953	65
953	93
953	267
953	279
953	309
953	317
953	325
953	338
953	385
953	419
953	473
953	494
953	503
953	565
953	597
953	598
953	703
953	752
953	760
953	791
953	815
953	816
953	823
953	852
953	939
953	973
953	995
953	996
954	48
954	92
954	146
954	367
954	408
954	459
954	511
954	538
954	557
954	723
954	737
954	791
954	819
954	820
954	826
954	842
954	844
954	859
954	868
954	876
954	885
954	898
954	900
954	921
954	923
954	924
954	931
954	936
954	981
954	985
955	165
955	377
955	405
955	466
955	516
955	536
955	550
955	620
955	648
955	685
955	708
955	725
955	732
955	743
955	768
955	781
955	805
955	806
955	835
955	843
955	854
955	870
955	882
955	887
955	890
955	956
955	961
955	969
955	986
955	990
955	994
956	25
956	137
956	260
956	261
956	430
956	443
956	492
956	497
956	506
956	582
956	637
956	649
956	657
956	666
956	668
956	701
956	719
956	726
956	761
956	772
956	864
956	868
956	886
956	912
956	919
956	927
956	943
956	955
956	962
956	975
956	980
956	985
957	176
957	376
957	393
957	433
957	504
957	524
957	527
957	572
957	579
957	580
957	597
957	613
957	624
957	654
957	702
957	723
957	739
957	799
957	800
957	803
957	840
957	846
957	853
957	886
957	911
957	917
957	946
957	950
957	970
957	975
957	991
957	1000
958	39
958	82
958	103
958	224
958	229
958	300
958	360
958	375
958	434
958	451
958	551
958	605
958	616
958	637
958	656
958	688
958	700
958	717
958	747
958	766
958	783
958	823
958	875
958	878
958	880
958	883
958	910
958	912
958	930
958	978
958	998
958	999
959	18
959	36
959	61
959	216
959	217
959	227
959	266
959	276
959	319
959	324
959	425
959	449
959	533
959	547
959	563
959	575
959	613
959	635
959	677
959	707
959	717
959	731
959	745
959	757
959	759
959	772
959	899
959	902
959	984
959	986
959	990
959	992
960	64
960	130
960	173
960	187
960	268
960	291
960	377
960	400
960	402
960	422
960	443
960	569
960	577
960	621
960	651
960	688
960	760
960	762
960	777
960	806
960	810
960	825
960	843
960	845
960	850
960	854
960	855
960	917
960	925
960	946
960	947
960	986
960	999
961	13
961	202
961	204
961	211
961	254
961	284
961	315
961	321
961	335
961	477
961	478
961	483
961	519
961	566
961	602
961	689
961	705
961	710
961	712
961	734
961	754
961	757
961	798
961	828
961	838
961	862
961	866
961	890
961	896
961	926
961	955
961	967
961	991
962	76
962	121
962	252
962	281
962	288
962	353
962	441
962	448
962	623
962	667
962	779
962	784
962	792
962	796
962	800
962	830
962	846
962	847
962	856
962	857
962	874
962	880
962	916
962	918
962	931
962	940
962	945
962	956
962	972
962	984
962	986
962	993
962	996
963	2
963	77
963	122
963	165
963	190
963	255
963	350
963	380
963	427
963	448
963	508
963	650
963	703
963	706
963	725
963	729
963	776
963	793
963	811
963	851
963	883
963	900
963	903
963	904
963	918
963	922
963	932
963	949
963	974
963	976
963	988
963	992
963	994
964	4
964	87
964	134
964	447
964	464
964	508
964	519
964	529
964	576
964	591
964	643
964	679
964	689
964	695
964	703
964	706
964	725
964	732
964	769
964	818
964	821
964	822
964	824
964	871
964	901
964	904
964	928
964	949
964	971
964	976
964	982
964	992
964	994
965	35
965	40
965	62
965	82
965	333
965	353
965	394
965	413
965	426
965	468
965	541
965	549
965	585
965	653
965	676
965	678
965	679
965	711
965	713
965	766
965	790
965	804
965	817
965	861
965	870
965	914
965	920
965	924
965	929
965	931
965	943
965	974
965	995
965	997
966	88
966	114
966	134
966	154
966	163
966	176
966	244
966	250
966	277
966	464
966	474
966	484
966	519
966	599
966	646
966	666
966	689
966	697
966	700
966	716
966	724
966	785
966	800
966	807
966	813
966	815
966	839
966	852
966	874
966	888
966	901
966	905
966	948
966	952
967	65
967	98
967	127
967	184
967	428
967	455
967	499
967	535
967	540
967	602
967	605
967	612
967	617
967	627
967	641
967	650
967	651
967	689
967	692
967	754
967	778
967	798
967	815
967	858
967	862
967	872
967	880
967	892
967	923
967	926
967	938
967	946
967	961
967	968
968	4
968	10
968	58
968	220
968	292
968	323
968	335
968	424
968	470
968	499
968	503
968	551
968	603
968	618
968	627
968	642
968	658
968	705
968	728
968	754
968	759
968	763
968	789
968	819
968	842
968	862
968	867
968	888
968	890
968	896
968	926
968	967
968	984
968	991
969	93
969	150
969	228
969	230
969	233
969	307
969	347
969	496
969	552
969	563
969	583
969	584
969	592
969	607
969	614
969	657
969	694
969	710
969	718
969	738
969	810
969	813
969	833
969	835
969	845
969	863
969	896
969	908
969	909
969	922
969	935
969	939
969	945
969	955
969	997
970	76
970	150
970	194
970	197
970	200
970	209
970	265
970	272
970	307
970	341
970	407
970	442
970	496
970	556
970	563
970	586
970	614
970	623
970	705
970	710
970	718
970	720
970	753
970	757
970	760
970	797
970	802
970	816
970	833
970	863
970	906
970	909
970	935
970	957
970	985
970	995
971	55
971	78
971	133
971	135
971	193
971	251
971	312
971	345
971	374
971	403
971	406
971	420
971	439
971	482
971	513
971	564
971	581
971	582
971	585
971	589
971	606
971	675
971	684
971	687
971	699
971	727
971	735
971	738
971	829
971	849
971	892
971	933
971	941
971	964
971	974
971	983
972	91
972	141
972	175
972	185
972	196
972	198
972	221
972	232
972	320
972	389
972	452
972	505
972	634
972	648
972	665
972	672
972	685
972	697
972	763
972	779
972	786
972	792
972	794
972	800
972	827
972	847
972	877
972	889
972	911
972	916
972	938
972	940
972	945
972	962
972	984
972	987
972	996
973	17
973	28
973	43
973	219
973	279
973	300
973	309
973	317
973	338
973	385
973	418
973	419
973	473
973	494
973	556
973	597
973	598
973	622
973	639
973	719
973	730
973	749
973	752
973	765
973	782
973	816
973	823
973	841
973	852
973	876
973	932
973	936
973	939
973	953
973	983
973	995
973	999
974	116
974	226
974	245
974	310
974	349
974	355
974	385
974	387
974	541
974	548
974	549
974	588
974	632
974	638
974	658
974	728
974	741
974	764
974	771
974	782
974	804
974	806
974	836
974	861
974	877
974	882
974	889
974	911
974	920
974	944
974	948
974	963
974	965
974	971
974	987
974	988
974	995
974	997
975	1
975	22
975	95
975	99
975	248
975	382
975	452
975	458
975	504
975	527
975	572
975	578
975	579
975	580
975	590
975	637
975	654
975	683
975	702
975	739
975	758
975	766
975	799
975	803
975	840
975	846
975	853
975	859
975	917
975	920
975	950
975	956
975	957
975	982
975	983
975	991
975	998
975	1000
976	11
976	62
976	77
976	119
976	120
976	199
976	210
976	304
976	322
976	325
976	397
976	406
976	506
976	562
976	575
976	587
976	619
976	636
976	643
976	690
976	725
976	750
976	811
976	849
976	871
976	895
976	901
976	903
976	904
976	929
976	932
976	944
976	949
976	963
976	964
976	982
976	992
976	994
977	6
977	20
977	33
977	73
977	94
977	108
977	118
977	177
977	191
977	243
977	253
977	255
977	289
977	356
977	365
977	371
977	388
977	437
977	498
977	542
977	625
977	629
977	655
977	680
977	733
977	739
977	758
977	786
977	799
977	801
977	816
977	832
977	893
977	905
977	940
977	950
977	988
977	997
977	1000
978	8
978	16
978	79
978	91
978	103
978	229
978	299
978	360
978	369
978	434
978	471
978	487
978	500
978	574
978	591
978	605
978	612
978	616
978	670
978	691
978	700
978	748
978	757
978	759
978	760
978	842
978	860
978	875
978	880
978	910
978	915
978	927
978	941
978	958
978	988
978	989
978	992
978	998
978	1000
979	69
979	114
979	153
979	214
979	217
979	231
979	242
979	366
979	409
979	415
979	457
979	478
979	489
979	509
979	568
979	593
979	631
979	639
979	644
979	681
979	753
979	788
979	796
979	809
979	814
979	831
979	834
979	864
979	868
979	873
979	888
979	915
979	918
979	924
979	925
979	928
979	934
979	983
979	990
979	996
980	25
980	158
980	207
980	271
980	361
980	412
980	443
980	456
980	492
980	497
980	506
980	507
980	561
980	582
980	601
980	633
980	634
980	637
980	642
980	649
980	652
980	668
980	701
980	717
980	719
980	735
980	761
980	820
980	841
980	842
980	848
980	872
980	882
980	886
980	919
980	930
980	936
980	943
980	956
980	998
981	52
981	111
981	129
981	131
981	164
981	221
981	303
981	339
981	396
981	451
981	476
981	481
981	528
981	539
981	546
981	557
981	647
981	664
981	665
981	762
981	780
981	781
981	802
981	819
981	824
981	874
981	876
981	884
981	885
981	898
981	903
981	905
981	923
981	924
981	931
981	936
981	945
981	954
981	983
981	985
982	79
982	84
982	107
982	121
982	124
982	190
982	258
982	267
982	301
982	308
982	346
982	350
982	420
982	432
982	521
982	529
982	532
982	617
982	643
982	690
982	722
982	744
982	755
982	815
982	818
982	821
982	822
982	836
982	844
982	849
982	871
982	901
982	910
982	922
982	949
982	951
982	964
982	975
982	976
982	986
982	992
982	994
983	5
983	23
983	155
983	205
983	234
983	238
983	250
983	358
983	421
983	459
983	462
983	466
983	568
983	584
983	586
983	611
983	632
983	662
983	663
983	669
983	681
983	714
983	742
983	746
983	756
983	772
983	778
983	788
983	792
983	814
983	834
983	873
983	888
983	928
983	934
983	971
983	973
983	975
983	979
983	981
983	990
983	998
984	91
984	148
984	178
984	190
984	202
984	212
984	313
984	315
984	454
984	524
984	559
984	571
984	573
984	590
984	604
984	665
984	672
984	745
984	784
984	789
984	794
984	830
984	832
984	844
984	847
984	856
984	857
984	911
984	913
984	940
984	949
984	951
984	959
984	962
984	968
984	972
984	988
984	993
984	995
984	996
984	998
984	1000
985	59
985	77
985	101
985	111
985	203
985	263
985	265
985	329
985	386
985	445
985	481
985	501
985	511
985	538
985	545
985	574
985	598
985	601
985	647
985	721
985	723
985	780
985	791
985	811
985	812
985	820
985	824
985	826
985	832
985	884
985	885
985	891
985	898
985	907
985	923
985	928
985	931
985	936
985	954
985	956
985	970
985	981
985	991
985	994
985	999
986	71
986	171
986	187
986	219
986	256
986	277
986	291
986	316
986	484
986	486
986	516
986	517
986	550
986	577
986	621
986	628
986	688
986	696
986	698
986	741
986	762
986	767
986	768
986	781
986	805
986	810
986	835
986	843
986	845
986	850
986	853
986	854
986	877
986	882
986	894
986	944
986	947
986	952
986	955
986	959
986	960
986	962
986	982
986	992
986	998
987	19
987	35
987	82
987	129
987	166
987	168
987	200
987	245
987	304
987	355
987	369
987	457
987	461
987	468
987	481
987	505
987	510
987	541
987	584
987	600
987	676
987	678
987	683
987	711
987	713
987	763
987	764
987	771
987	790
987	808
987	881
987	897
987	920
987	925
987	929
987	936
987	939
987	940
987	944
987	946
987	947
987	950
987	972
987	974
987	994
987	995
988	7
988	8
988	9
988	39
988	92
988	299
988	321
988	332
988	426
988	451
988	471
988	483
988	587
988	605
988	607
988	616
988	619
988	630
988	650
988	691
988	711
988	748
988	750
988	751
988	766
988	836
988	875
988	880
988	908
988	910
988	912
988	919
988	924
988	925
988	927
988	929
988	937
988	941
988	963
988	974
988	977
988	978
988	984
988	992
988	998
988	999
989	15
989	39
989	63
989	104
989	109
989	182
989	246
989	305
989	332
989	414
989	416
989	439
989	478
989	490
989	496
989	500
989	522
989	587
989	604
989	605
989	616
989	650
989	692
989	699
989	715
989	747
989	748
989	750
989	757
989	783
989	795
989	849
989	875
989	877
989	900
989	908
989	910
989	912
989	915
989	927
989	933
989	941
989	948
989	978
989	996
989	998
990	23
990	89
990	140
990	214
990	231
990	358
990	366
990	369
990	410
990	466
990	485
990	525
990	629
990	631
990	639
990	654
990	663
990	669
990	756
990	765
990	772
990	787
990	788
990	794
990	801
990	809
990	814
990	831
990	833
990	834
990	853
990	860
990	868
990	869
990	873
990	912
990	928
990	931
990	934
990	945
990	948
990	955
990	959
990	979
990	983
990	993
991	1
991	22
991	99
991	156
991	163
991	166
991	290
991	296
991	362
991	376
991	382
991	393
991	433
991	435
991	452
991	458
991	527
991	535
991	572
991	578
991	579
991	580
991	631
991	654
991	678
991	702
991	739
991	741
991	781
991	799
991	803
991	808
991	825
991	840
991	846
991	853
991	859
991	876
991	887
991	917
991	950
991	957
991	961
991	968
991	975
991	985
991	1000
992	53
992	75
992	190
992	256
992	258
992	289
992	325
992	435
992	447
992	465
992	477
992	508
992	521
992	537
992	560
992	690
992	703
992	706
992	725
992	732
992	769
992	798
992	811
992	821
992	822
992	825
992	844
992	849
992	850
992	871
992	895
992	901
992	903
992	910
992	918
992	934
992	937
992	949
992	951
992	959
992	963
992	964
992	976
992	978
992	982
992	986
992	988
992	994
993	27
993	50
993	101
993	115
993	161
993	182
993	186
993	204
993	281
993	315
993	320
993	352
993	353
993	364
993	416
993	423
993	443
993	530
993	553
993	590
993	609
993	638
993	649
993	674
993	746
993	767
993	774
993	792
993	800
993	818
993	832
993	838
993	847
993	853
993	856
993	857
993	867
993	870
993	875
993	877
993	911
993	916
993	938
993	951
993	962
993	984
993	990
993	999
994	152
994	222
994	295
994	322
994	354
994	381
994	399
994	454
994	465
994	488
994	532
994	534
994	538
994	546
994	562
994	576
994	591
994	602
994	619
994	620
994	636
994	719
994	732
994	755
994	811
994	821
994	836
994	844
994	871
994	895
994	901
994	903
994	904
994	912
994	925
994	935
994	936
994	937
994	949
994	950
994	955
994	963
994	964
994	976
994	982
994	985
994	987
994	992
995	117
995	183
995	193
995	237
995	244
995	295
995	319
995	326
995	342
995	349
995	357
995	383
995	386
995	394
995	461
995	467
995	505
995	541
995	567
995	600
995	610
995	615
995	675
995	679
995	683
995	729
995	741
995	763
995	764
995	796
995	806
995	808
995	889
995	897
995	908
995	925
995	940
995	944
995	947
995	952
995	953
995	965
995	970
995	973
995	974
995	984
995	987
995	997
996	38
996	161
996	170
996	173
996	212
996	229
996	252
996	370
996	491
996	495
996	523
996	524
996	559
996	561
996	604
996	638
996	648
996	665
996	674
996	693
996	698
996	737
996	740
996	770
996	776
996	784
996	792
996	800
996	830
996	832
996	856
996	857
996	882
996	895
996	909
996	911
996	913
996	926
996	938
996	940
996	942
996	947
996	953
996	962
996	972
996	979
996	984
996	989
997	40
997	50
997	139
997	157
997	168
997	191
997	226
997	242
997	249
997	307
997	383
997	384
997	386
997	430
997	434
997	446
997	460
997	467
997	468
997	526
997	548
997	610
997	615
997	658
997	678
997	683
997	711
997	713
997	741
997	763
997	808
997	810
997	838
997	861
997	889
997	897
997	914
997	921
997	922
997	923
997	925
997	929
997	934
997	944
997	947
997	965
997	969
997	974
997	977
997	995
998	6
998	15
998	16
998	49
998	61
998	63
998	81
998	87
998	97
998	103
998	104
998	125
998	180
998	218
998	287
998	293
998	332
998	375
998	426
998	439
998	451
998	509
998	646
998	647
998	653
998	747
998	748
998	751
998	757
998	868
998	875
998	878
998	908
998	910
998	912
998	915
998	941
998	948
998	950
998	958
998	975
998	978
998	980
998	983
998	984
998	986
998	988
998	989
998	999
998	1000
999	15
999	36
999	79
999	105
999	206
999	218
999	225
999	287
999	311
999	332
999	388
999	418
999	434
999	451
999	471
999	480
999	587
999	596
999	607
999	613
999	653
999	656
999	691
999	699
999	724
999	747
999	750
999	751
999	757
999	766
999	783
999	814
999	849
999	875
999	878
999	880
999	907
999	908
999	910
999	912
999	915
999	937
999	943
999	958
999	960
999	973
999	985
999	988
999	993
999	998
1000	22
1000	38
1000	88
1000	99
1000	156
1000	176
1000	182
1000	207
1000	290
1000	296
1000	326
1000	362
1000	376
1000	382
1000	393
1000	433
1000	452
1000	458
1000	504
1000	527
1000	553
1000	572
1000	578
1000	579
1000	580
1000	642
1000	654
1000	702
1000	727
1000	739
1000	751
1000	799
1000	803
1000	812
1000	840
1000	846
1000	853
1000	859
1000	903
1000	910
1000	917
1000	938
1000	950
1000	957
1000	975
1000	977
1000	978
1000	984
1000	991
1000	998
