1	465
1	792
1	955
1	980
2	733
2	839
2	851
2	898
3	770
3	928
3	960
3	968
4	913
4	965
4	972
4	985
5	87
5	643
5	720
5	925
6	698
6	950
6	984
6	988
7	903
7	982
7	984
7	988
8	823
8	839
8	861
8	877
9	802
9	911
9	966
9	994
10	113
10	647
10	700
10	977
11	468
11	477
11	757
11	960
12	809
12	885
12	896
12	969
13	684
13	789
13	824
13	899
14	388
14	745
14	972
14	995
15	290
15	732
15	938
15	971
16	328
16	607
16	808
16	997
17	138
17	165
17	924
17	962
18	28
18	697
18	937
18	974
19	814
19	816
19	964
19	970
20	895
20	969
20	975
20	1000
21	444
21	663
21	844
21	952
22	843
22	980
22	982
22	984
23	222
23	584
23	631
23	992
24	60
24	679
24	720
24	924
25	454
25	674
25	707
25	839
26	434
26	485
26	725
26	817
27	173
27	362
27	433
27	470
28	18
28	468
28	849
28	986
29	422
29	589
29	761
29	850
30	893
30	980
30	984
30	988
31	870
31	984
31	988
31	996
32	189
32	291
32	321
32	995
33	258
33	317
33	416
33	467
34	731
34	783
34	990
34	998
35	112
35	172
35	891
35	997
36	143
36	445
36	793
36	997
37	792
37	961
37	982
37	984
38	285
38	358
38	715
38	851
39	879
39	982
39	988
39	996
40	51
40	463
40	917
40	918
41	295
41	710
41	969
41	986
42	902
42	931
42	935
42	959
43	323
43	489
43	643
43	946
44	610
44	764
44	935
44	983
45	619
45	858
45	864
45	869
46	486
46	552
46	863
46	956
47	703
47	883
47	958
47	998
48	671
48	788
48	929
48	952
49	906
49	982
49	984
49	996
50	828
50	879
50	982
50	984
51	40
51	525
51	532
51	957
52	748
52	856
52	969
52	1000
53	602
53	789
53	836
53	929
54	714
54	788
54	978
54	992
55	569
55	844
55	952
55	956
56	591
56	729
56	888
56	999
57	76
57	467
57	718
57	843
58	832
58	856
58	886
58	978
59	430
59	626
59	851
59	876
60	24
60	336
60	945
60	999
61	928
61	959
61	960
61	983
62	695
62	958
62	975
62	976
63	878
63	907
63	934
63	939
64	297
64	665
64	690
64	760
65	214
65	468
65	592
65	861
66	778
66	841
66	868
66	968
67	828
67	958
67	971
67	990
68	685
68	822
68	886
68	946
69	141
69	234
69	588
69	772
70	635
70	764
70	906
70	950
71	660
71	789
71	798
71	899
72	736
72	843
72	896
72	998
73	494
73	851
73	912
73	932
74	869
74	910
74	975
74	998
75	200
75	750
75	925
75	946
76	57
76	620
76	753
76	906
77	928
77	931
77	959
77	960
78	95
78	693
78	891
78	997
79	389
79	796
79	837
79	994
80	607
80	956
80	993
80	997
81	144
81	808
81	896
81	997
82	965
82	977
82	985
82	1000
83	774
83	958
83	971
83	990
84	438
84	488
84	841
84	868
85	515
85	840
85	866
85	882
86	737
86	793
86	864
86	915
87	5
87	831
87	925
87	994
88	953
88	983
88	991
88	1000
89	504
89	860
89	963
89	994
90	694
90	813
90	957
90	999
91	426
91	800
91	974
91	986
92	347
92	480
92	484
92	745
93	580
93	802
93	962
93	981
94	918
94	943
94	978
94	992
95	78
95	637
95	648
95	956
96	881
96	956
96	982
96	984
97	737
97	848
97	981
97	994
98	338
98	460
98	678
98	991
99	438
99	624
99	753
99	944
100	252
100	861
100	900
100	952
101	359
101	812
101	825
101	994
102	270
102	647
102	786
102	803
103	562
103	563
103	731
103	997
104	500
104	982
104	988
104	996
105	219
105	434
105	836
105	837
106	265
106	878
106	934
106	945
107	537
107	654
107	834
107	971
108	767
108	861
108	865
108	989
109	246
109	261
109	613
109	884
110	617
110	652
110	794
110	900
111	779
111	803
111	862
111	998
112	35
112	359
112	843
112	945
113	10
113	619
113	868
113	970
114	441
114	583
114	635
114	708
115	438
115	498
115	961
115	982
116	653
116	801
116	912
116	940
117	862
117	888
117	924
117	981
118	781
118	926
118	944
118	993
119	505
119	596
119	849
119	950
120	869
120	916
120	950
120	992
121	510
121	733
121	851
121	898
122	721
122	765
122	873
122	952
123	346
123	364
123	421
123	546
124	732
124	790
124	873
124	883
125	503
125	979
125	989
125	993
126	679
126	947
126	949
126	950
127	182
127	244
127	861
127	877
128	613
128	734
128	835
128	967
129	423
129	706
129	746
129	868
130	568
130	720
130	843
130	891
131	579
131	834
131	849
131	953
132	462
132	976
132	978
132	992
133	860
133	908
133	979
133	1000
134	143
134	434
134	747
134	818
135	305
135	628
135	680
135	761
136	779
136	881
136	893
136	988
137	729
137	933
137	953
137	983
138	17
138	419
138	553
138	963
139	711
139	917
139	936
139	955
140	691
140	738
140	820
140	989
141	69
141	677
141	971
141	975
142	623
142	648
142	873
142	890
143	36
143	134
143	300
143	784
144	81
144	608
144	952
144	997
145	848
145	934
145	986
145	1000
146	366
146	426
146	778
146	841
147	541
147	727
147	911
147	983
148	360
148	711
148	936
148	957
149	892
149	895
149	969
149	1000
150	510
150	782
150	816
150	984
151	158
151	939
151	985
151	987
152	162
152	185
152	872
152	967
153	847
153	887
153	977
153	987
154	956
154	982
154	984
154	996
155	330
155	420
155	701
155	998
156	847
156	872
156	880
156	978
157	478
157	857
157	890
157	958
158	151
158	761
158	850
158	992
159	522
159	828
159	988
159	996
160	822
160	968
160	986
160	991
161	719
161	783
161	879
161	996
162	152
162	216
162	239
162	884
163	955
163	982
163	984
163	996
164	514
164	973
164	985
164	987
165	17
165	947
165	994
165	999
166	355
166	577
166	973
166	987
167	879
167	903
167	988
167	996
168	351
168	920
168	969
168	1000
169	684
169	843
169	981
169	985
170	232
170	838
170	956
170	997
171	455
171	882
171	959
171	960
172	35
172	360
172	956
172	997
173	27
173	680
173	887
173	894
174	259
174	381
174	505
174	968
175	299
175	980
175	982
175	996
176	274
176	346
176	639
176	687
177	663
177	707
177	754
177	776
178	233
178	244
178	682
178	978
179	491
179	955
179	961
179	996
180	591
180	917
180	927
180	949
181	189
181	918
181	978
181	992
182	127
182	887
182	985
182	987
183	420
183	703
183	971
183	975
184	226
184	685
184	908
184	933
185	152
185	740
185	835
185	852
186	326
186	849
186	867
186	882
187	459
187	754
187	844
187	862
188	708
188	722
188	725
188	908
189	32
189	181
189	575
189	995
190	475
190	479
190	910
190	990
191	217
191	436
191	458
191	528
192	233
192	823
192	846
192	894
193	624
193	784
193	906
193	988
194	518
194	624
194	708
194	846
195	228
195	806
195	973
195	977
196	308
196	814
196	880
196	990
197	203
197	253
197	729
197	911
198	211
198	681
198	714
198	886
199	550
199	932
199	967
199	988
200	75
200	479
200	653
200	932
201	362
201	682
201	757
201	852
202	577
202	814
202	865
202	921
203	197
203	902
203	959
203	960
204	758
204	785
204	941
204	975
205	359
205	456
205	859
205	915
206	920
206	942
206	949
206	981
207	279
207	540
207	840
207	882
208	505
208	750
208	916
208	985
209	430
209	506
209	847
209	866
210	926
210	989
210	993
210	995
211	198
211	970
211	985
211	987
212	541
212	871
212	925
212	967
213	331
213	461
213	664
213	877
214	65
214	407
214	664
214	823
215	645
215	702
215	917
215	936
216	162
216	925
216	946
216	967
217	191
217	558
217	918
217	978
218	855
218	889
218	931
218	972
219	105
219	456
219	515
219	724
220	714
220	749
220	932
220	946
221	687
221	979
221	993
221	995
222	23
222	540
222	806
222	866
223	609
223	806
223	840
223	876
224	475
224	912
224	971
224	998
225	564
225	902
225	931
225	960
226	184
226	653
226	831
226	871
227	519
227	572
227	784
227	878
228	195
228	965
228	985
228	987
229	641
229	704
229	991
229	1000
230	679
230	694
230	760
230	888
231	324
231	404
231	914
231	989
232	170
232	706
232	956
232	997
233	178
233	192
233	289
233	680
234	69
234	464
234	466
234	981
235	789
235	919
235	977
235	987
236	394
236	663
236	832
236	909
237	307
237	559
237	837
237	902
238	408
238	784
238	818
238	944
239	162
239	769
239	787
239	934
240	461
240	935
240	986
240	991
241	736
241	880
241	970
241	989
242	714
242	954
242	963
242	985
242	987
243	472
243	883
243	947
243	963
243	966
244	127
244	178
244	757
244	799
244	998
245	746
245	824
245	851
245	898
245	899
246	109
246	902
246	931
246	959
246	960
247	941
247	967
247	975
247	976
247	990
248	250
248	506
248	525
248	777
248	905
249	332
249	520
249	690
249	759
249	957
250	248
250	296
250	324
250	711
250	777
251	512
251	938
251	941
251	971
251	995
252	100
252	419
252	629
252	862
252	952
253	197
253	527
253	549
253	609
253	911
254	752
254	913
254	939
254	977
254	998
255	621
255	701
255	715
255	789
255	839
256	319
256	488
256	778
256	806
256	868
257	400
257	533
257	793
257	796
257	830
258	33
258	821
258	846
258	858
258	909
259	174
259	549
259	826
259	875
259	908
260	282
260	524
260	874
260	924
260	927
261	109
261	334
261	479
261	678
261	944
262	589
262	608
262	637
262	863
262	997
263	631
263	774
263	806
263	840
263	882
264	562
264	732
264	808
264	863
264	997
265	106
265	827
265	895
265	907
265	934
266	742
266	931
266	947
266	959
266	960
267	421
267	769
267	829
267	907
267	934
268	681
268	737
268	930
268	966
268	999
269	576
269	630
269	761
269	918
269	992
270	102
270	595
270	719
270	873
270	990
271	440
271	723
271	819
271	825
271	892
272	382
272	933
272	935
272	991
272	1000
273	574
273	593
273	665
273	936
273	957
274	176
274	725
274	837
274	864
274	916
275	865
275	923
275	948
275	989
275	999
276	788
276	838
276	863
276	956
276	997
277	657
277	739
277	917
277	938
277	957
278	574
278	739
278	777
278	908
278	936
279	207
279	666
279	958
279	975
279	998
280	524
280	713
280	725
280	949
280	962
281	400
281	573
281	708
281	916
281	918
282	260
282	699
282	848
282	986
282	991
283	760
283	805
283	853
283	917
283	932
284	704
284	783
284	909
284	935
284	991
285	38
285	497
285	855
285	898
285	899
286	724
286	965
286	985
286	987
286	995
287	469
287	800
287	906
287	968
287	986
288	743
288	887
288	973
288	977
288	987
289	233
289	479
289	662
289	946
289	967
290	15
290	392
290	705
290	912
290	967
291	32
291	323
291	678
291	701
291	946
292	337
292	625
292	913
292	939
292	977
293	416
293	867
293	895
293	935
293	969
294	353
294	690
294	723
294	905
294	936
295	41
295	463
295	739
295	917
295	957
296	250
296	587
296	783
296	951
296	988
297	64
297	645
297	805
297	910
297	936
298	730
298	891
298	956
298	990
298	997
299	175
299	517
299	810
299	901
299	937
300	143
300	556
300	583
300	950
300	968
301	504
301	552
301	682
301	813
301	962
302	315
302	442
302	953
302	969
302	976
303	448
303	675
303	816
303	987
303	995
304	642
304	756
304	804
304	875
304	946
305	135
305	765
305	823
305	861
305	894
306	398
306	488
306	601
306	686
306	941
307	237
307	450
307	464
307	858
307	950
308	196
308	365
308	741
308	901
308	926
309	413
309	486
309	808
309	899
309	997
310	376
310	760
310	853
310	917
310	959
311	439
311	816
311	872
311	926
311	970
312	886
312	970
312	974
312	983
312	1000
313	443
313	478
313	968
313	986
313	991
314	367
314	910
314	975
314	976
314	990
315	302
315	685
315	831
315	908
315	968
316	815
316	836
316	932
316	943
316	978
317	33
317	460
317	589
317	845
317	884
318	421
318	754
318	862
318	919
318	952
319	256
319	686
319	759
319	842
319	996
320	690
320	795
320	806
320	936
320	957
321	32
321	344
321	875
321	889
321	989
322	539
322	606
322	739
322	917
322	946
323	43
323	291
323	392
323	845
323	971
324	231
324	250
324	606
324	645
324	669
325	546
325	655
325	695
325	943
325	992
326	186
326	627
326	670
326	699
326	728
327	713
327	783
327	980
327	982
327	996
328	16
328	506
328	577
328	691
328	775
329	575
329	825
329	927
329	942
329	994
330	155
330	415
330	736
330	938
330	971
331	213
331	555
331	799
331	877
331	894
332	249
332	665
332	810
332	853
332	905
333	824
333	839
333	898
333	899
333	914
334	261
334	653
334	778
334	925
334	940
335	872
335	948
335	970
335	979
335	984
336	60
336	502
336	751
336	891
336	981
337	292
337	636
337	921
337	922
337	989
338	98
338	652
338	662
338	705
338	871
339	558
339	576
339	816
339	937
339	999
340	505
340	624
340	723
340	821
340	977
341	652
341	837
341	846
341	855
341	944
342	446
342	606
342	689
342	795
342	957
343	429
343	657
343	689
343	905
343	936
344	321
344	892
344	970
344	972
344	989
345	522
345	716
345	766
345	820
345	951
346	123
346	176
346	865
346	929
346	992
347	92
347	522
347	738
347	872
347	956
348	506
348	866
348	876
348	882
348	950
349	928
349	931
349	944
349	959
349	960
350	767
350	889
350	989
350	993
350	997
351	168
351	848
351	968
351	974
351	980
352	512
352	980
352	982
352	984
352	996
353	294
353	520
353	689
353	941
353	957
354	480
354	482
354	951
354	970
354	995
355	166
355	735
355	756
355	973
355	987
356	371
356	392
356	653
356	825
356	835
357	700
357	819
357	926
357	993
357	995
358	38
358	530
358	851
358	898
358	899
359	101
359	112
359	205
359	810
359	927
360	148
360	172
360	516
360	542
360	853
361	518
361	831
361	875
361	912
361	967
362	27
362	201
362	725
362	861
362	894
363	490
363	843
363	930
363	991
363	999
364	123
364	555
364	929
364	930
364	992
365	308
365	401
365	599
365	782
365	993
366	146
366	706
366	778
366	831
366	868
367	314
367	457
367	560
367	973
367	987
368	746
368	759
368	842
368	868
368	969
369	879
369	895
369	955
369	988
369	996
370	648
370	873
370	904
370	942
370	975
371	356
371	382
371	561
371	678
371	937
372	419
372	559
372	663
372	721
372	952
373	662
373	804
373	932
373	946
373	988
374	377
374	834
374	889
374	938
374	976
375	409
375	826
375	881
375	951
375	955
376	310
376	760
376	777
376	940
376	957
377	374
377	840
377	958
377	990
377	998
378	572
378	618
378	827
378	907
378	934
379	634
379	792
379	931
379	959
379	960
380	565
380	613
380	696
380	831
380	835
381	174
381	880
381	969
381	974
381	983
382	272
382	371
382	756
382	833
382	925
383	734
383	818
383	906
383	944
383	993
384	807
384	919
384	954
384	965
384	977
385	530
385	684
385	942
385	949
385	981
386	838
386	852
386	891
386	964
386	997
387	390
387	534
387	663
387	810
387	901
388	14
388	951
388	980
388	984
388	988
389	79
389	616
389	622
389	859
389	916
390	387
390	713
390	791
390	897
390	930
391	552
391	768
391	850
391	962
391	999
392	290
392	323
392	356
392	835
392	979
393	422
393	520
393	836
393	978
393	992
394	236
394	742
394	895
394	908
394	968
394	991
395	410
395	685
395	696
395	911
395	986
395	1000
396	787
396	793
396	827
396	829
396	878
396	934
397	405
397	546
397	671
397	833
397	850
397	992
398	306
398	706
398	841
398	842
398	868
398	994
399	572
399	902
399	928
399	931
399	959
399	960
400	257
400	281
400	542
400	864
400	916
400	997
401	365
401	569
401	776
401	794
401	844
401	900
402	471
402	740
402	804
402	826
402	833
402	967
403	416
403	474
403	664
403	757
403	799
403	894
404	231
404	491
404	925
404	964
404	993
404	995
405	397
405	571
405	665
405	943
405	978
405	987
406	503
406	739
406	901
406	949
406	963
406	994
407	214
407	879
407	903
407	980
407	984
407	996
408	238
408	436
408	452
408	734
408	821
408	950
409	375
409	642
409	845
409	884
409	912
409	940
410	395
410	635
410	688
410	886
410	953
410	974
411	884
411	920
411	924
411	945
411	966
411	994
412	541
412	968
412	969
412	974
412	983
412	998
413	309
413	580
413	607
413	644
413	730
413	997
414	644
414	705
414	749
414	860
414	932
414	967
415	330
415	751
415	768
415	791
415	819
415	945
416	33
416	293
416	403
416	611
416	916
416	950
417	490
417	751
417	785
417	812
417	963
417	966
418	422
418	511
418	588
418	693
418	874
418	945
419	138
419	252
419	372
419	721
419	754
419	952
420	155
420	183
420	617
420	676
420	904
420	976
421	123
421	267
421	318
421	765
421	900
421	952
422	29
422	393
422	418
422	876
422	943
422	978
423	129
423	593
423	746
423	759
423	795
423	868
424	710
424	715
424	811
424	947
424	962
424	994
425	501
425	726
425	787
425	829
425	904
425	934
426	91
426	146
426	860
426	935
426	953
426	983
427	508
427	637
427	774
427	888
427	894
427	997
428	571
428	633
428	651
428	761
428	815
428	850
429	343
429	695
429	696
429	943
429	978
429	992
430	59
430	209
430	668
430	840
430	876
430	882
431	602
431	767
431	900
431	918
431	943
431	992
432	473
432	770
432	906
432	928
432	931
432	959
433	27
433	682
433	698
433	861
433	877
433	894
434	26
434	105
434	134
434	718
434	915
434	993
435	806
435	840
435	866
435	876
435	882
435	1000
436	191
436	408
436	454
436	614
436	656
436	788
437	642
437	662
437	749
437	923
437	946
437	967
438	84
438	99
438	115
438	582
438	655
438	842
439	311
439	726
439	734
439	829
439	878
439	907
440	271
440	627
440	902
440	903
440	942
440	999
441	114
441	731
441	904
441	910
441	941
441	971
442	302
442	688
442	820
442	875
442	953
442	991
443	313
443	634
443	867
443	933
443	953
443	986
444	21
444	799
444	961
444	980
444	988
444	996
445	36
445	611
445	784
445	846
445	940
445	944
446	342
446	661
446	742
446	928
446	959
446	960
447	513
447	801
447	939
447	960
447	973
447	987
448	303
448	613
448	738
448	889
448	926
448	979
449	694
449	788
449	817
449	843
449	924
449	999
450	307
450	554
450	834
450	837
450	858
450	950
451	486
451	690
451	838
451	852
451	956
451	997
452	408
452	515
452	635
452	723
452	823
452	846
453	779
453	830
453	844
453	910
453	971
453	975
454	25
454	436
454	787
454	878
454	907
454	934
455	171
455	489
455	830
455	928
455	959
455	960
456	205
456	219
456	531
456	848
456	859
456	944
457	367
457	798
457	859
457	954
457	985
457	987
458	191
458	521
458	850
458	877
458	978
458	992
459	187
459	492
459	776
459	844
459	862
459	900
460	98
460	317
460	518
460	827
460	946
460	949
461	213
461	240
461	670
461	860
461	909
461	968
462	132
462	501
462	719
462	788
462	807
462	929
463	40
463	295
463	669
463	795
463	917
463	926
464	234
464	307
464	811
464	817
464	843
464	963
465	1
465	636
465	855
465	914
465	972
465	995
466	234
466	833
466	835
466	884
466	912
466	940
467	33
467	57
467	722
467	906
467	950
467	993
468	11
468	28
468	65
468	633
468	867
468	894
469	287
469	549
469	822
469	848
469	882
469	968
470	27
470	559
470	753
470	836
470	837
470	869
471	402
471	716
471	740
471	799
471	932
471	967
472	243
472	610
472	694
472	871
472	888
472	945
473	432
473	600
473	779
473	890
473	971
473	976
474	403
474	628
474	757
474	803
474	823
474	861
475	190
475	224
475	758
475	833
475	958
475	998
476	713
476	791
476	812
476	962
476	966
476	972
477	11
477	799
477	861
477	877
477	894
477	992
478	157
478	313
478	666
478	809
478	883
478	998
479	190
479	200
479	261
479	289
479	940
479	946
480	92
480	354
480	654
480	877
480	989
480	993
481	684
481	693
481	809
481	813
481	843
481	999
482	354
482	692
482	820
482	865
482	914
482	972
483	516
483	539
483	606
483	669
483	853
483	869
483	905
484	92
484	741
484	782
484	926
484	948
484	979
484	996
485	26
485	622
485	722
485	864
485	915
485	916
485	986
486	46
486	309
486	451
486	508
486	838
486	854
486	997
487	714
487	752
487	860
487	954
487	973
487	985
487	987
488	84
488	256
488	306
488	582
488	759
488	841
488	856
489	43
489	455
489	902
489	928
489	931
489	959
489	960
490	363
490	417
490	679
490	937
490	945
490	994
490	996
491	179
491	404
491	646
491	843
491	920
491	945
491	981
492	459
492	567
492	620
492	734
492	837
492	846
492	849
493	680
493	902
493	928
493	931
493	959
493	960
493	991
494	73
494	701
494	756
494	881
494	912
494	940
494	946
495	577
495	626
495	646
495	775
495	866
495	876
495	882
496	537
496	694
496	812
496	817
496	920
496	927
496	958
497	285
497	547
497	650
497	660
497	789
497	794
497	898
498	115
498	763
498	792
498	803
498	828
498	984
498	996
499	638
499	887
499	911
499	965
499	973
499	985
499	987
500	104
500	538
500	592
500	729
500	800
500	968
500	986
501	425
501	462
501	614
501	687
501	719
501	929
501	978
502	336
502	870
502	942
502	947
502	963
502	981
502	999
503	125
503	406
503	693
503	888
503	915
503	920
503	937
504	89
504	301
504	684
504	874
504	927
504	948
504	949
505	119
505	174
505	208
505	340
505	796
505	906
505	950
506	209
506	248
506	328
506	348
506	582
506	691
506	882
507	541
507	858
507	867
507	945
507	969
507	986
507	991
508	427
508	486
508	852
508	863
508	891
508	962
508	997
509	656
509	850
509	918
509	929
509	978
509	984
509	992
510	121
510	150
510	632
510	922
510	948
510	964
510	987
511	418
511	556
511	750
511	810
511	947
511	966
511	999
512	251
512	352
512	595
512	623
512	890
512	941
512	998
513	447
513	539
513	919
513	954
513	985
513	987
513	999
514	164
514	720
514	825
514	857
514	901
514	947
514	981
515	85
515	219
515	452
515	753
515	859
515	875
515	950
516	360
516	483
516	702
516	711
516	869
516	885
516	957
517	299
517	802
517	819
517	892
517	924
517	963
517	991
518	194
518	361
518	460
518	662
518	831
518	912
518	932
519	227
519	726
519	787
519	810
519	827
519	907
519	934
520	249
520	353
520	393
520	525
520	727
520	771
520	777
521	458
521	527
521	788
521	879
521	943
521	978
521	992
522	159
522	345
522	347
522	948
522	970
522	979
522	993
523	830
523	834
523	884
523	885
523	938
523	971
523	990
524	260
524	280
524	568
524	688
524	772
524	901
524	962
525	51
525	248
525	520
525	608
525	690
525	917
525	936
526	765
526	776
526	794
526	816
526	844
526	900
526	952
527	253
527	521
527	630
527	788
527	836
527	918
527	978
528	191
528	857
528	883
528	896
528	971
528	990
528	998
529	597
529	670
529	844
529	867
529	935
529	968
529	1000
530	358
530	385
530	581
530	637
530	730
530	956
530	997
531	456
531	750
531	828
531	858
531	916
531	927
531	944
532	51
532	536
532	854
532	855
532	880
532	964
532	979
533	257
533	725
533	765
533	784
533	796
533	859
533	950
534	387
534	731
534	791
534	942
534	947
534	963
534	966
535	650
535	660
535	707
535	733
535	851
535	899
535	965
536	532
536	734
536	923
536	926
536	964
536	970
536	979
537	107
537	496
537	857
537	892
537	924
537	942
537	999
538	500
538	860
538	875
538	942
538	970
538	974
538	986
539	322
539	483
539	513
539	739
539	853
539	905
539	957
540	207
540	222
540	577
540	631
540	840
540	867
540	876
541	147
541	212
541	412
541	507
541	764
541	848
541	953
542	360
542	400
542	645
542	760
542	805
542	853
542	936
543	585
543	890
543	896
543	975
543	976
543	990
543	998
544	628
544	633
544	757
544	823
544	877
544	894
544	952
545	562
545	840
545	852
545	863
545	956
545	981
545	997
546	123
546	325
546	397
546	687
546	695
546	852
546	978
547	497
547	635
547	709
547	897
547	979
547	989
547	993
548	553
548	825
548	888
548	947
548	980
548	994
548	999
549	253
549	259
549	469
549	861
549	866
549	974
549	983
550	199
550	565
550	701
550	756
550	884
550	909
550	967
551	584
551	626
551	691
551	775
551	806
551	866
551	928
552	46
552	301
552	391
552	553
552	610
552	924
552	962
553	138
553	548
553	552
553	646
553	711
553	737
553	865
554	450
554	591
554	723
554	753
554	793
554	796
554	981
555	331
555	364
555	639
555	649
555	676
555	978
555	992
556	300
556	511
556	734
556	859
556	869
556	915
556	944
557	766
557	878
557	897
557	964
557	970
557	972
557	997
558	217
558	339
558	568
558	588
558	901
558	981
558	994
559	237
559	372
559	470
559	750
559	869
559	915
559	944
560	367
560	752
560	777
560	887
560	965
560	973
560	987
561	371
561	831
561	912
561	932
561	940
561	967
561	982
562	103
562	264
562	545
562	581
562	610
562	891
562	956
563	103
563	608
563	628
563	863
563	891
563	956
563	997
564	225
564	578
564	585
564	721
564	900
564	919
564	952
565	380
565	550
565	701
565	773
565	871
565	940
565	967
566	913
566	939
566	954
566	955
566	965
566	973
566	977
567	492
567	573
567	652
567	718
567	805
567	835
567	916
568	130
568	524
568	558
568	726
568	857
568	920
568	999
569	55
569	401
569	578
569	850
569	862
569	900
569	952
570	629
570	769
570	829
570	878
570	907
570	925
570	934
570	988
571	405
571	428
571	651
571	695
571	719
571	742
571	986
571	992
572	227
572	378
572	399
572	629
572	827
572	907
572	934
572	951
573	281
573	567
573	634
573	722
573	723
573	869
573	916
573	964
574	273
574	278
574	665
574	739
574	771
574	781
574	853
574	997
575	189
575	329
575	675
575	744
575	745
575	762
575	993
575	995
576	269
576	339
576	588
576	813
576	850
576	901
576	927
576	966
577	166
577	202
577	328
577	495
577	540
577	866
577	876
577	882
578	564
578	569
578	617
578	776
578	844
578	862
578	942
578	952
579	131
579	638
579	649
579	699
579	710
579	935
579	968
579	1000
580	93
580	413
580	838
580	863
580	891
580	956
580	989
580	997
581	530
581	562
581	748
581	838
581	891
581	937
581	956
581	997
582	438
582	488
582	506
582	686
582	706
582	841
582	842
582	868
583	114
583	300
583	592
583	620
583	718
583	722
583	859
583	869
584	23
584	551
584	772
584	775
584	794
584	806
584	840
584	866
585	543
585	564
585	617
585	794
585	844
585	857
585	900
585	952
586	619
586	781
586	880
586	963
586	979
586	989
586	993
586	1000
587	296
587	790
587	950
587	951
587	955
587	977
587	988
587	996
588	69
588	418
588	558
588	576
588	866
588	868
588	937
588	945
589	29
589	262
589	317
589	643
589	884
589	932
589	946
589	967
590	605
590	640
590	860
590	886
590	895
590	974
590	999
590	1000
591	56
591	180
591	554
591	920
591	962
591	963
591	966
591	993
592	65
592	500
592	583
592	849
592	860
592	895
592	953
592	969
593	273
593	423
593	655
593	706
593	759
593	766
593	841
593	842
594	617
594	683
594	699
594	801
594	924
594	965
594	977
594	987
595	270
595	512
595	638
595	654
595	904
595	915
595	926
595	976
596	119
596	622
596	721
596	725
596	906
596	944
596	948
596	950
597	529
597	728
597	867
597	884
597	895
597	972
597	991
597	1000
598	718
598	849
598	883
598	969
598	974
598	983
598	986
598	991
599	365
599	672
599	797
599	916
599	923
599	930
599	970
599	989
600	473
600	732
600	758
600	910
600	951
600	975
600	990
600	998
601	306
601	655
601	686
601	746
601	778
601	841
601	842
601	991
602	53
602	431
602	614
602	676
602	900
602	943
602	978
602	992
603	785
603	826
603	951
603	955
603	971
603	982
603	984
603	988
604	692
604	802
604	817
604	825
604	857
604	920
604	927
604	941
605	590
605	899
605	911
605	953
605	969
605	974
605	995
605	1000
606	322
606	324
606	342
606	483
606	633
606	782
606	905
606	957
607	16
607	80
607	413
607	626
607	730
607	774
607	891
607	996
608	144
608	262
608	525
608	563
608	808
608	956
608	988
608	997
609	223
609	253
609	856
609	909
609	911
609	968
609	974
609	991
610	44
610	472
610	552
610	562
610	684
610	751
610	857
610	927
611	416
611	445
611	725
611	753
611	874
611	880
611	906
611	950
612	764
612	822
612	867
612	895
612	969
612	986
612	995
612	1000
613	109
613	128
613	380
613	448
613	701
613	712
613	749
613	967
614	436
614	501
614	602
614	684
614	687
614	978
614	992
614	1000
615	624
615	750
615	755
615	818
615	859
615	864
615	944
615	950
616	389
616	801
616	939
616	954
616	965
616	973
616	977
616	985
617	110
617	420
617	578
617	585
617	594
617	663
617	900
617	952
618	378
618	713
618	888
618	920
618	924
618	942
618	994
618	999
619	45
619	113
619	586
619	854
619	897
619	948
619	964
619	995
620	76
620	492
620	583
620	818
620	858
620	869
620	915
620	990
621	255
621	644
621	674
621	839
621	851
621	898
621	899
621	954
622	389
622	485
622	596
622	708
622	725
622	773
622	878
622	944
623	142
623	512
623	749
623	767
623	890
623	971
623	975
623	976
624	99
624	193
624	194
624	340
624	615
624	664
624	718
624	837
625	292
625	689
625	776
625	919
625	954
625	977
625	985
625	987
626	59
626	495
626	551
626	607
626	761
626	775
626	840
626	876
627	326
627	440
627	751
627	947
627	962
627	963
627	990
627	999
628	135
628	474
628	544
628	563
628	823
628	861
628	877
628	973
629	252
629	570
629	572
629	827
629	878
629	907
629	934
629	936
629	947
630	269
630	527
630	650
630	651
630	671
630	695
630	719
630	829
630	918
631	23
631	263
631	540
631	691
631	806
631	871
631	876
631	882
631	911
632	510
632	720
632	847
632	880
632	948
632	970
632	972
632	995
632	1000
633	428
633	468
633	544
633	606
633	664
633	823
633	861
633	877
633	894
634	379
634	443
634	573
634	658
634	770
634	902
634	928
634	959
634	960
635	70
635	114
635	410
635	452
635	547
635	750
635	858
635	944
635	950
636	337
636	465
636	681
636	807
636	922
636	948
636	964
636	970
636	972
637	95
637	262
637	427
637	530
637	774
637	838
637	852
637	982
637	997
638	499
638	579
638	595
638	673
638	736
638	786
638	971
638	976
638	998
639	176
639	555
639	761
639	762
639	836
639	929
639	943
639	989
639	992
640	590
640	767
640	880
640	945
640	970
640	972
640	979
640	993
640	995
641	229
641	670
641	768
641	800
641	832
641	917
641	933
641	974
641	991
642	304
642	409
642	437
642	643
642	755
642	756
642	884
642	890
642	958
643	5
643	43
643	589
643	642
643	701
643	804
643	845
643	940
643	967
644	413
644	414
644	621
644	833
644	871
644	884
644	912
644	940
644	946
645	215
645	297
645	324
645	542
645	711
645	899
645	905
645	957
645	987
646	491
646	495
646	553
646	694
646	791
646	937
646	949
646	981
646	994
647	10
647	102
647	865
647	889
647	897
647	948
647	960
647	989
647	995
648	95
648	142
648	370
648	779
648	830
648	881
648	896
648	958
648	976
649	555
649	579
649	848
649	867
649	875
649	935
649	971
649	986
649	991
650	497
650	535
650	630
650	789
650	839
650	851
650	896
650	898
650	899
651	428
651	571
651	630
651	687
651	836
651	848
651	850
651	963
651	978
652	110
652	338
652	341
652	567
652	793
652	846
652	869
652	915
652	944
653	116
653	200
653	226
653	334
653	356
653	756
653	879
653	924
653	946
654	107
654	480
654	595
654	717
654	904
654	941
654	976
654	990
654	998
655	325
655	438
655	593
655	601
655	686
655	746
655	778
655	841
655	842
656	436
656	509
656	815
656	836
656	850
656	883
656	918
656	974
656	992
657	277
657	343
657	690
657	727
657	777
657	905
657	917
657	931
657	955
658	634
658	770
658	773
658	863
658	902
658	928
658	931
658	959
658	960
659	735
659	873
659	913
659	919
659	921
659	965
659	973
659	977
659	985
660	71
660	497
660	535
660	707
660	845
660	851
660	898
660	899
660	975
661	446
661	680
661	742
661	902
661	928
661	931
661	959
661	960
661	976
662	289
662	338
662	373
662	437
662	518
662	708
662	740
662	932
662	940
663	21
663	177
663	236
663	372
663	387
663	617
663	765
663	776
663	862
664	213
664	214
664	403
664	624
664	633
664	799
664	823
664	894
664	960
665	64
665	273
665	332
665	405
665	574
665	711
665	771
665	917
665	922
666	279
666	478
666	717
666	751
666	758
666	830
666	938
666	976
666	990
667	758
667	763
667	893
667	951
667	955
667	984
667	988
667	996
667	999
668	430
668	848
668	908
668	922
668	953
668	969
668	974
668	986
668	991
669	324
669	463
669	483
669	677
669	702
669	727
669	795
669	888
669	936
670	326
670	461
670	529
670	641
670	826
670	845
670	933
670	935
670	991
671	48
671	397
671	630
671	754
671	815
671	929
671	943
671	953
671	992
672	599
672	709
672	716
672	762
672	769
672	807
672	964
672	965
672	989
673	638
673	786
673	885
673	896
673	904
673	941
673	975
673	978
673	998
674	25
674	621
674	707
674	824
674	839
674	898
674	899
674	943
674	967
675	303
675	575
675	744
675	855
675	930
675	953
675	964
675	970
675	995
676	420
676	555
676	602
676	850
676	902
676	929
676	943
676	978
676	992
677	141
677	669
677	736
677	770
677	896
677	910
677	975
677	990
677	998
678	98
678	261
678	291
678	371
678	694
678	743
678	831
678	835
678	967
679	24
679	126
679	230
679	490
679	737
679	781
679	802
679	942
679	989
680	135
680	173
680	233
680	493
680	661
680	757
680	799
680	877
680	894
681	198
681	268
681	636
681	735
681	913
681	939
681	965
681	977
681	985
682	178
682	201
682	301
682	433
682	757
682	799
682	823
682	861
682	877
683	594
683	735
683	798
683	886
683	919
683	954
683	973
683	977
683	985
684	13
684	169
684	385
684	481
684	504
684	610
684	614
684	930
684	949
684	981
685	68
685	184
685	315
685	395
685	704
685	848
685	849
685	860
685	877
685	914
686	306
686	319
686	582
686	601
686	655
686	759
686	778
686	841
686	961
686	965
687	176
687	221
687	501
687	546
687	614
687	651
687	929
687	939
687	943
687	978
688	410
688	442
688	524
688	828
688	875
688	909
688	953
688	969
688	986
688	1000
689	342
689	343
689	353
689	625
689	739
689	795
689	805
689	908
689	936
689	957
690	64
690	249
690	294
690	320
690	451
690	525
690	657
690	771
690	905
690	965
691	140
691	328
691	506
691	551
691	631
691	775
691	806
691	866
691	882
691	952
692	482
692	604
692	752
692	919
692	939
692	954
692	965
692	977
692	985
692	987
693	78
693	418
693	481
693	503
693	754
693	888
693	927
693	947
693	994
693	999
694	90
694	230
694	449
694	472
694	496
694	646
694	678
694	889
694	966
694	994
695	62
695	325
695	429
695	546
695	571
695	630
695	815
695	829
695	943
695	992
696	380
696	395
696	429
696	719
696	815
696	918
696	929
696	943
696	978
696	992
697	18
697	728
697	832
697	848
697	909
697	936
697	963
697	969
697	974
697	1000
698	6
698	433
698	790
698	870
698	951
698	955
698	961
698	976
698	980
698	996
699	282
699	326
699	579
699	594
699	800
699	856
699	983
699	987
699	991
699	1000
700	10
700	357
700	781
700	802
700	854
700	923
700	926
700	972
700	974
700	979
701	155
701	255
701	291
701	494
701	550
701	565
701	613
701	643
701	804
701	925
702	215
702	516
702	669
702	726
702	727
702	771
702	868
702	917
702	936
702	957
703	47
703	183
703	736
703	779
703	786
703	796
703	805
703	873
703	941
703	976
704	229
704	284
704	685
704	782
704	886
704	911
704	933
704	935
704	969
704	972
705	290
705	338
705	414
705	743
705	755
705	853
705	884
705	912
705	925
705	999
706	129
706	232
706	366
706	398
706	582
706	593
706	759
706	842
706	868
706	953
707	25
707	177
707	535
707	660
707	674
707	789
707	824
707	839
707	898
707	929
708	114
708	188
708	194
708	281
708	622
708	662
708	756
708	818
708	821
708	906
709	547
709	672
709	807
709	879
709	923
709	948
709	979
709	981
709	989
709	993
710	41
710	424
710	579
710	728
710	908
710	933
710	941
710	968
710	983
710	1000
711	139
711	148
711	250
711	516
711	553
711	645
711	665
711	771
711	777
711	968
712	613
712	797
712	879
712	881
712	893
712	903
712	955
712	980
712	982
712	984
713	280
713	327
713	390
713	476
713	618
713	857
713	888
713	942
713	955
713	962
714	54
714	198
714	220
714	242
714	487
714	735
714	887
714	954
714	973
714	985
715	38
715	255
715	424
715	733
715	789
715	824
715	851
715	897
715	898
715	899
716	345
716	471
716	672
716	797
716	816
716	895
716	921
716	926
716	972
716	989
716	993
717	654
717	666
717	731
717	830
717	896
717	938
717	974
717	976
717	985
717	990
717	998
718	57
718	434
718	567
718	583
718	598
718	624
718	793
718	859
718	864
718	918
718	944
719	161
719	270
719	462
719	501
719	571
719	630
719	696
719	918
719	943
719	961
719	992
720	5
720	24
720	130
720	514
720	632
720	857
720	863
720	930
720	966
720	981
720	999
721	122
721	372
721	419
721	564
721	596
721	765
721	794
721	819
721	862
721	900
721	952
722	188
722	467
722	485
722	573
722	583
722	796
722	864
722	912
722	915
722	950
722	971
723	271
723	294
723	340
723	452
723	554
723	573
723	753
723	858
723	906
723	915
723	944
724	219
724	286
724	735
724	801
724	858
724	939
724	954
724	965
724	977
724	985
724	987
725	26
725	188
725	274
725	280
725	362
725	533
725	596
725	611
725	622
725	750
725	773
726	425
726	439
726	519
726	568
726	702
726	769
726	787
726	827
726	829
726	907
726	934
727	147
727	520
727	657
727	669
727	702
727	760
727	853
727	905
727	936
727	957
727	999
728	326
728	597
728	697
728	710
728	729
728	910
728	983
728	986
728	991
728	995
728	1000
729	56
729	137
729	197
729	500
729	728
729	895
729	909
729	942
729	969
729	986
729	1000
730	298
730	413
730	530
730	607
730	808
730	863
730	891
730	904
730	956
730	962
730	997
731	34
731	103
731	441
731	534
731	717
731	809
731	883
731	910
731	975
731	990
731	998
732	15
732	124
732	264
732	600
732	786
732	873
732	880
732	910
732	958
732	976
732	990
733	2
733	121
733	535
733	715
733	789
733	824
733	839
733	851
733	899
733	913
733	987
734	128
734	383
734	408
734	439
734	492
734	536
734	556
734	858
734	859
734	915
734	950
735	355
735	659
735	681
735	683
735	714
735	724
735	745
735	878
735	939
735	965
735	973
736	72
736	241
736	330
736	638
736	677
736	703
736	758
736	821
736	834
736	941
736	990
737	86
737	97
737	268
737	553
737	679
737	888
737	901
737	963
737	980
737	992
737	994
738	140
738	347
738	448
738	762
738	814
738	865
738	948
738	964
738	995
738	997
738	1000
739	277
739	278
739	295
739	322
739	406
739	539
739	574
739	689
739	795
739	798
739	905
740	185
740	402
740	471
740	662
740	749
740	755
740	833
740	913
740	946
740	952
740	967
741	308
741	484
741	744
741	747
741	855
741	865
741	872
741	922
741	962
741	964
741	979
742	266
742	394
742	446
742	571
742	661
742	770
742	902
742	928
742	931
742	959
742	960
743	288
743	678
743	705
743	835
743	871
743	912
743	925
743	932
743	946
743	967
743	972
744	575
744	675
744	741
744	780
744	782
744	854
744	881
744	914
744	979
744	995
744	996
745	14
745	92
745	575
745	735
745	780
745	889
745	914
745	963
745	979
745	993
745	995
746	129
746	245
746	368
746	423
746	601
746	655
746	759
746	778
746	816
746	841
746	842
747	134
747	741
747	773
747	784
747	818
747	821
747	885
747	906
747	916
747	937
747	944
748	52
748	581
748	834
748	856
748	860
748	875
748	885
748	886
748	933
748	983
748	1000
749	220
749	414
749	437
749	613
749	623
749	740
749	804
749	833
749	925
749	940
749	973
750	75
750	208
750	511
750	531
750	559
750	615
750	635
750	725
750	846
750	869
750	915
751	336
751	415
751	417
751	610
751	627
751	666
751	772
751	835
751	874
751	937
751	966
751	985
752	254
752	487
752	560
752	692
752	815
752	832
752	919
752	954
752	965
752	977
752	985
752	987
753	76
753	99
753	470
753	515
753	554
753	611
753	723
753	773
753	784
753	840
753	864
753	975
754	177
754	187
754	318
754	419
754	671
754	693
754	765
754	776
754	794
754	862
754	900
754	901
755	615
755	642
755	705
755	740
755	831
755	845
755	871
755	912
755	939
755	940
755	946
755	966
756	304
756	355
756	382
756	494
756	550
756	642
756	653
756	708
756	833
756	835
756	932
756	940
757	11
757	201
757	244
757	403
757	474
757	544
757	680
757	682
757	799
757	877
757	885
757	959
758	204
758	475
758	600
758	666
758	667
758	736
758	778
758	904
758	910
758	922
758	975
758	998
759	249
759	319
759	368
759	423
759	488
759	593
759	686
759	706
759	746
759	841
759	842
759	946
760	64
760	230
760	283
760	310
760	376
760	542
760	727
760	805
760	905
760	943
760	957
760	958
761	29
761	135
761	158
761	269
761	428
761	626
761	639
761	786
761	815
761	918
761	978
761	992
762	575
762	639
762	672
762	738
762	781
762	914
762	921
762	925
762	957
762	972
762	979
762	993
763	498
763	667
763	796
763	903
763	916
763	946
763	955
763	961
763	980
763	984
763	988
763	996
764	44
764	70
764	541
764	612
764	779
764	933
764	953
764	968
764	969
764	983
764	986
764	991
765	122
765	305
765	421
765	526
765	533
765	663
765	721
765	754
765	794
765	844
765	862
765	952
766	345
766	557
766	593
766	782
766	847
766	880
766	926
766	928
766	964
766	972
766	989
766	995
767	108
767	350
767	431
767	623
767	640
767	807
767	914
767	921
767	923
767	926
767	966
767	979
768	391
768	415
768	641
768	772
768	787
768	867
768	874
768	927
768	930
768	947
768	981
768	994
769	239
769	267
769	570
769	672
769	726
769	787
769	827
769	829
769	849
769	878
769	934
769	1000
770	3
770	432
770	634
770	658
770	677
770	742
770	792
770	902
770	928
770	931
770	959
770	960
771	520
771	574
771	665
771	690
771	702
771	711
771	805
771	809
771	853
771	957
771	968
771	979
772	69
772	524
772	584
772	751
772	768
772	874
772	920
772	927
772	938
772	962
772	966
772	994
773	565
773	622
773	658
773	725
773	747
773	753
773	821
773	858
773	864
773	869
773	915
773	950
774	83
774	263
774	427
774	607
774	637
774	808
774	852
774	863
774	891
774	956
774	979
774	997
775	328
775	495
775	551
775	584
775	626
775	691
775	801
775	840
775	866
775	876
775	882
775	980
776	177
776	401
776	459
776	526
776	578
776	625
776	663
776	754
776	862
776	928
776	952
776	966
777	248
777	250
777	278
777	376
777	520
777	560
777	657
777	711
777	795
777	853
777	888
777	957
778	66
778	146
778	256
778	334
778	366
778	601
778	655
778	686
778	746
778	758
778	842
778	868
779	111
779	136
779	453
779	473
779	648
779	703
779	764
779	803
779	896
779	958
779	971
779	984
779	990
780	744
780	745
780	789
780	800
780	847
780	872
780	889
780	897
780	914
780	922
780	926
780	934
780	995
781	118
781	574
781	586
781	679
781	700
781	762
781	809
781	820
781	872
781	964
781	989
781	993
781	995
782	150
782	365
782	484
782	606
782	704
782	744
782	766
782	889
782	923
782	948
782	972
782	979
782	989
783	34
783	161
783	284
783	296
783	327
783	893
783	903
783	951
783	955
783	961
783	982
783	984
783	996
784	143
784	193
784	227
784	238
784	445
784	533
784	747
784	753
784	793
784	817
784	821
784	846
784	874
785	204
785	417
785	603
785	870
785	881
785	893
785	955
785	961
785	980
785	982
785	984
785	988
785	996
786	102
786	638
786	673
786	703
786	732
786	761
786	800
786	809
786	873
786	890
786	896
786	976
786	990
787	239
787	396
787	425
787	454
787	519
787	726
787	768
787	769
787	829
787	878
787	907
787	927
787	934
788	48
788	54
788	276
788	436
788	449
788	462
788	521
788	527
788	850
788	866
788	929
788	943
788	992
789	13
789	53
789	71
789	235
789	255
789	497
789	650
789	707
789	715
789	733
789	780
789	824
789	898
790	124
790	587
790	698
790	826
790	870
790	881
790	903
790	940
790	951
790	961
790	973
790	980
790	988
791	390
791	415
791	476
791	534
791	646
791	818
791	892
791	930
791	942
791	962
791	980
791	994
791	999
792	1
792	37
792	379
792	498
792	770
792	828
792	893
792	955
792	961
792	980
792	982
792	988
792	995
793	36
793	86
793	257
793	396
793	554
793	652
793	718
793	784
793	796
793	846
793	858
793	918
793	933
794	110
794	401
794	497
794	526
794	584
794	585
794	721
794	754
794	765
794	811
794	844
794	900
794	952
795	320
795	342
795	423
795	463
795	669
795	689
795	739
795	777
795	853
795	854
795	917
795	928
795	936
796	79
796	257
796	505
796	533
796	554
796	703
796	722
796	763
796	793
796	858
796	859
796	950
796	999
797	599
797	712
797	716
797	816
797	872
797	914
797	920
797	948
797	964
797	979
797	983
797	989
797	995
798	71
798	457
798	683
798	739
798	913
798	919
798	933
798	939
798	954
798	965
798	973
798	985
798	987
799	244
799	331
799	403
799	444
799	471
799	477
799	664
799	680
799	682
799	757
799	861
799	877
799	897
800	91
800	287
800	500
800	641
800	699
800	780
800	786
800	832
800	908
800	909
800	933
800	948
800	983
801	116
801	447
801	594
801	616
801	724
801	775
801	913
801	939
801	954
801	965
801	973
801	977
801	987
802	9
802	93
802	517
802	604
802	679
802	700
802	812
802	817
802	892
802	901
802	932
802	962
802	985
803	102
803	111
803	474
803	498
803	779
803	809
803	885
803	891
803	896
803	938
803	958
803	990
803	998
804	304
804	373
804	402
804	643
804	701
804	749
804	871
804	905
804	912
804	925
804	932
804	951
804	967
805	283
805	297
805	542
805	567
805	689
805	703
805	760
805	771
805	905
805	917
805	936
805	951
805	957
806	195
806	222
806	223
806	256
806	263
806	320
806	435
806	551
806	584
806	631
806	691
806	876
806	882
807	384
807	462
807	636
807	672
807	709
807	767
807	855
807	897
807	912
807	970
807	979
807	989
807	995
808	16
808	81
808	264
808	309
808	608
808	730
808	774
808	838
808	852
808	863
808	904
808	994
808	997
809	12
809	478
809	481
809	731
809	771
809	781
809	786
809	803
809	883
809	885
809	975
809	976
809	998
810	299
810	332
810	359
810	387
810	511
810	519
810	817
810	843
810	874
810	927
810	945
810	974
810	999
811	424
811	464
811	794
811	813
811	819
811	937
811	945
811	949
811	963
811	966
811	988
811	995
811	999
812	101
812	417
812	476
812	496
812	802
812	835
812	888
812	921
812	924
812	927
812	942
812	945
812	993
812	999
813	90
813	301
813	481
813	576
813	811
813	824
813	857
813	868
813	892
813	924
813	937
813	947
813	949
813	985
814	19
814	196
814	202
814	738
814	847
814	865
814	891
814	894
814	921
814	923
814	926
814	948
814	989
814	998
815	316
815	428
815	656
815	671
815	695
815	696
815	752
815	761
815	836
815	918
815	929
815	960
815	989
815	992
816	19
816	150
816	303
816	311
816	339
816	526
816	716
816	746
816	797
816	847
816	872
816	889
816	972
816	993
817	26
817	449
817	464
817	496
817	604
817	784
817	802
817	810
817	857
817	892
817	945
817	954
817	994
817	999
818	134
818	238
818	383
818	615
818	620
818	708
818	747
818	791
818	837
818	864
818	869
818	950
818	975
818	982
819	271
819	357
819	415
819	517
819	721
819	811
819	825
819	892
819	924
819	937
819	950
819	962
819	963
819	981
820	140
820	345
820	442
820	482
820	781
820	864
820	889
820	923
820	956
820	964
820	970
820	972
820	979
820	993
821	258
821	340
821	408
821	708
821	736
821	747
821	773
821	784
821	846
821	906
821	907
821	915
821	916
821	946
822	68
822	160
822	469
822	612
822	875
822	895
822	909
822	933
822	958
822	974
822	986
822	990
822	991
822	1000
823	8
823	192
823	214
823	305
823	452
823	474
823	544
823	628
823	633
823	664
823	682
823	894
823	976
823	997
824	13
824	245
824	333
824	674
824	707
824	715
824	733
824	789
824	813
824	839
824	898
824	899
824	935
824	953
825	101
825	271
825	329
825	356
825	514
825	548
825	604
825	819
825	882
825	888
825	901
825	930
825	947
825	957
825	966
826	259
826	375
826	402
826	603
826	670
826	790
826	828
826	870
826	903
826	951
826	961
826	980
826	984
826	988
826	996
827	265
827	378
827	396
827	460
827	519
827	572
827	629
827	726
827	769
827	829
827	878
827	907
827	934
827	961
827	987
828	50
828	67
828	159
828	498
828	531
828	688
828	792
828	826
828	881
828	951
828	955
828	961
828	980
828	982
828	996
829	267
829	396
829	425
829	439
829	570
829	630
829	695
829	726
829	769
829	787
829	827
829	878
829	898
829	907
829	934
830	257
830	453
830	455
830	523
830	648
830	666
830	717
830	873
830	885
830	922
830	938
830	941
830	958
830	971
830	998
831	87
831	226
831	315
831	361
831	366
831	380
831	518
831	561
831	678
831	755
831	833
831	871
831	925
831	946
831	981
832	58
832	236
832	641
832	697
832	752
832	800
832	856
832	895
832	927
832	935
832	963
832	974
832	983
832	986
832	1000
833	382
833	397
833	402
833	466
833	475
833	644
833	740
833	749
833	756
833	831
833	845
833	925
833	932
833	940
833	992
834	107
834	131
834	374
834	450
834	523
834	736
834	748
834	873
834	883
834	885
834	904
834	941
834	958
834	990
834	998
835	128
835	185
835	356
835	380
835	392
835	466
835	567
835	678
835	743
835	751
835	756
835	812
835	845
835	932
835	940
836	53
836	105
836	316
836	393
836	470
836	527
836	639
836	651
836	656
836	815
836	850
836	929
836	962
836	978
836	992
837	79
837	105
837	237
837	274
837	341
837	450
837	470
837	492
837	624
837	818
837	906
837	916
837	955
837	974
837	984
838	170
838	276
838	386
838	451
838	486
838	580
838	581
838	637
838	808
838	852
838	934
838	954
838	956
838	973
838	997
839	2
839	8
839	25
839	255
839	333
839	621
839	650
839	674
839	707
839	733
839	824
839	898
839	899
839	962
839	998
840	85
840	207
840	223
840	263
840	377
840	430
840	435
840	540
840	545
840	584
840	626
840	753
840	775
840	866
840	876
840	991
841	66
841	84
841	146
841	398
841	488
841	582
841	593
841	601
841	655
841	686
841	746
841	759
841	868
841	893
841	952
841	996
842	319
842	368
842	398
842	438
842	582
842	593
842	601
842	655
842	706
842	746
842	759
842	778
842	868
842	914
842	988
842	990
843	22
843	57
843	72
843	112
843	130
843	169
843	363
843	449
843	464
843	481
843	491
843	810
843	963
843	966
843	994
843	999
844	21
844	55
844	187
844	401
844	453
844	459
844	526
844	529
844	578
844	585
844	765
844	794
844	862
844	873
844	900
844	952
845	317
845	323
845	409
845	643
845	660
845	670
845	755
845	833
845	835
845	871
845	884
845	925
845	940
845	941
845	953
845	967
846	192
846	194
846	258
846	341
846	445
846	452
846	492
846	652
846	750
846	784
846	793
846	821
846	876
846	915
846	916
846	988
847	153
847	156
847	209
847	632
847	766
847	780
847	814
847	816
847	865
847	872
847	880
847	926
847	945
847	972
847	989
847	993
848	97
848	145
848	282
848	351
848	456
848	469
848	541
848	649
848	651
848	668
848	685
848	697
848	863
848	867
848	983
848	991
849	28
849	119
849	131
849	186
849	492
849	592
849	598
849	685
849	769
849	856
849	909
849	968
849	974
849	983
849	991
849	1000
850	29
850	158
850	391
850	397
850	428
850	458
850	509
850	569
850	576
850	651
850	656
850	676
850	788
850	836
850	918
850	978
851	2
851	38
851	59
851	73
851	121
851	245
851	358
851	535
851	621
851	650
851	660
851	715
851	733
851	899
851	994
851	998
852	185
852	201
852	386
852	451
852	508
852	545
852	546
852	637
852	774
852	808
852	838
852	863
852	873
852	891
852	956
852	997
853	283
853	310
853	332
853	360
853	483
853	539
853	542
853	574
853	705
853	727
853	771
853	777
853	795
853	905
853	908
853	931
854	486
854	532
854	619
854	700
854	744
854	795
854	914
854	921
854	923
854	964
854	970
854	972
854	979
854	989
854	993
854	998
855	218
855	285
855	341
855	465
855	532
855	675
855	741
855	807
855	872
855	921
855	923
855	964
855	972
855	979
855	984
855	993
855	996
856	52
856	58
856	488
856	609
856	699
856	748
856	832
856	849
856	875
856	908
856	920
856	922
856	923
856	968
856	969
856	974
856	986
857	157
857	514
857	528
857	537
857	568
857	585
857	604
857	610
857	713
857	720
857	813
857	817
857	930
857	945
857	963
857	966
857	994
858	45
858	258
858	307
858	450
858	507
858	531
858	620
858	635
858	723
858	724
858	734
858	773
858	793
858	796
858	906
858	943
858	944
859	205
859	389
859	456
859	457
859	515
859	533
859	556
859	583
859	615
859	718
859	734
859	796
859	864
859	869
859	915
859	957
859	977
860	89
860	133
860	414
860	426
860	461
860	487
860	538
860	590
860	592
860	685
860	748
860	911
860	953
860	968
860	983
860	991
860	1000
861	8
861	65
861	100
861	108
861	127
861	305
861	362
861	433
861	474
861	477
861	549
861	628
861	633
861	682
861	799
861	877
861	894
862	111
862	117
862	187
862	252
862	318
862	459
862	569
862	578
862	663
862	721
862	754
862	765
862	776
862	844
862	900
862	952
862	983
863	46
863	262
863	264
863	276
863	508
863	545
863	563
863	580
863	658
863	720
863	730
863	774
863	808
863	848
863	852
863	956
863	997
864	45
864	86
864	274
864	400
864	485
864	615
864	718
864	722
864	753
864	773
864	818
864	820
864	859
864	944
864	959
864	997
864	999
865	108
865	202
865	275
865	346
865	482
865	553
865	647
865	738
865	741
865	814
865	847
865	886
865	907
865	921
865	922
865	970
865	989
866	85
866	209
866	222
866	348
866	435
866	495
866	549
866	551
866	577
866	584
866	588
866	691
866	775
866	788
866	840
866	876
866	882
867	186
867	293
867	443
867	468
867	507
867	529
867	540
867	597
867	612
867	649
867	768
867	848
867	908
867	911
867	983
867	986
867	1000
868	66
868	84
868	113
868	129
868	256
868	366
868	368
868	398
868	423
868	582
868	588
868	702
868	706
868	778
868	813
868	841
868	842
869	45
869	74
869	120
869	470
869	483
869	516
869	556
869	559
869	573
869	583
869	620
869	652
869	750
869	773
869	818
869	859
869	906
870	31
870	502
870	698
870	785
870	790
870	826
870	879
870	893
870	910
870	928
870	951
870	955
870	961
870	980
870	982
870	984
870	988
870	996
871	212
871	226
871	338
871	472
871	565
871	631
871	644
871	743
871	755
871	804
871	831
871	845
871	884
871	912
871	925
871	929
871	932
871	940
872	152
872	156
872	311
872	335
872	347
872	741
872	780
872	781
872	797
872	816
872	847
872	855
872	890
872	914
872	922
872	964
872	965
872	972
873	122
873	124
873	142
873	270
873	370
873	659
873	703
873	732
873	786
873	830
873	834
873	844
873	852
873	883
873	912
873	941
873	975
873	998
874	260
874	418
874	504
874	611
874	751
874	768
874	772
874	784
874	810
874	892
874	896
874	937
874	942
874	947
874	962
874	964
874	981
874	994
875	259
875	304
875	321
875	361
875	442
875	515
875	538
875	649
875	688
875	748
875	822
875	856
875	909
875	911
875	935
875	968
875	974
875	983
876	59
876	223
876	348
876	422
876	430
876	435
876	495
876	540
876	577
876	626
876	631
876	775
876	806
876	840
876	846
876	866
876	882
876	969
877	8
877	127
877	213
877	331
877	433
877	458
877	477
877	480
877	544
877	628
877	633
877	680
877	682
877	685
877	757
877	799
877	861
877	894
878	63
878	106
878	227
878	396
878	439
878	454
878	557
878	570
878	622
878	629
878	735
878	769
878	787
878	827
878	829
878	907
878	934
878	937
879	39
879	50
879	161
879	167
879	369
879	407
879	521
879	653
879	709
879	712
879	870
879	903
879	955
879	961
879	980
879	982
879	988
879	989
879	996
880	156
880	196
880	241
880	381
880	532
880	586
880	611
880	632
880	640
880	732
880	766
880	847
880	889
880	914
880	922
880	948
880	964
880	993
880	995
881	96
881	136
881	375
881	494
881	648
881	712
881	744
881	785
881	790
881	828
881	893
881	951
881	961
881	976
881	980
881	982
881	984
881	988
881	996
882	85
882	171
882	186
882	207
882	263
882	348
882	430
882	435
882	469
882	495
882	506
882	577
882	631
882	691
882	775
882	806
882	825
882	866
882	876
883	47
883	124
883	243
883	478
883	528
883	598
883	656
883	731
883	809
883	834
883	873
883	904
883	936
883	938
883	941
883	971
883	975
883	976
883	990
884	109
884	162
884	317
884	409
884	411
884	466
884	523
884	550
884	589
884	597
884	642
884	644
884	705
884	845
884	871
884	932
884	940
884	967
884	979
885	12
885	516
885	523
885	673
885	747
885	748
885	757
885	803
885	809
885	830
885	834
885	910
885	938
885	941
885	958
885	975
885	976
885	990
885	998
886	58
886	68
886	198
886	312
886	410
886	590
886	683
886	704
886	748
886	865
886	908
886	935
886	953
886	968
886	969
886	974
886	986
886	999
886	1000
887	153
887	173
887	182
887	288
887	499
887	560
887	714
887	903
887	913
887	919
887	939
887	948
887	954
887	965
887	973
887	977
887	981
887	985
887	987
888	56
888	117
888	230
888	427
888	472
888	503
888	548
888	618
888	669
888	693
888	713
888	737
888	777
888	812
888	825
888	937
888	942
888	959
888	994
889	218
889	321
889	350
889	374
889	448
889	647
889	694
889	745
889	780
889	782
889	816
889	820
889	880
889	897
889	922
889	923
889	982
889	989
889	995
890	142
890	157
890	473
890	512
890	543
890	623
890	642
890	786
890	872
890	896
890	903
890	904
890	910
890	925
890	938
890	958
890	976
890	990
890	998
891	35
891	78
891	130
891	298
891	336
891	386
891	508
891	562
891	563
891	580
891	581
891	607
891	730
891	774
891	803
891	814
891	852
891	956
891	997
892	149
892	271
892	344
892	517
892	537
892	791
892	802
892	813
892	817
892	819
892	874
892	924
892	937
892	949
892	961
892	963
892	969
892	981
892	994
893	30
893	136
893	667
893	712
893	783
893	785
893	792
893	841
893	870
893	881
893	900
893	903
893	951
893	961
893	980
893	982
893	984
893	988
893	994
894	173
894	192
894	305
894	331
894	362
894	403
894	427
894	433
894	468
894	477
894	544
894	633
894	664
894	680
894	814
894	823
894	861
894	877
894	929
894	986
895	20
895	149
895	265
895	293
895	369
895	394
895	590
895	592
895	597
895	612
895	716
895	729
895	822
895	832
895	903
895	935
895	953
895	974
895	983
895	991
896	12
896	72
896	81
896	528
896	543
896	648
896	650
896	673
896	677
896	717
896	779
896	786
896	803
896	874
896	890
896	898
896	904
896	976
896	990
896	998
897	390
897	547
897	557
897	619
897	647
897	715
897	780
897	799
897	807
897	889
897	922
897	923
897	948
897	964
897	970
897	972
897	983
897	989
897	993
897	995
898	2
898	121
898	245
898	285
898	333
898	358
898	497
898	621
898	650
898	660
898	674
898	707
898	715
898	789
898	824
898	829
898	839
898	896
898	971
898	1000
899	13
899	71
899	245
899	285
899	309
899	333
899	358
899	535
899	605
899	621
899	645
899	650
899	660
899	674
899	715
899	733
899	824
899	839
899	851
899	949
900	100
900	110
900	401
900	421
900	431
900	459
900	526
900	564
900	569
900	585
900	602
900	617
900	721
900	754
900	794
900	844
900	862
900	893
900	950
900	952
901	299
901	308
901	387
901	406
901	514
901	524
901	558
901	576
901	737
901	754
901	802
901	825
901	920
901	923
901	930
901	931
901	945
901	947
901	981
901	999
902	42
902	203
902	225
902	237
902	246
902	399
902	440
902	489
902	493
902	634
902	658
902	661
902	676
902	742
902	770
902	928
902	931
902	959
902	960
902	977
903	7
903	167
903	407
903	440
903	712
903	763
903	783
903	790
903	826
903	879
903	887
903	890
903	893
903	895
903	951
903	961
903	980
903	982
903	988
903	996
904	370
904	420
904	425
904	441
904	595
904	654
904	673
904	730
904	758
904	808
904	834
904	883
904	890
904	896
904	938
904	942
904	971
904	975
904	976
904	990
905	248
905	294
905	332
905	343
905	483
905	539
905	606
905	645
905	657
905	690
905	727
905	739
905	760
905	804
905	805
905	853
905	936
905	967
905	982
905	986
906	49
906	70
906	76
906	193
906	287
906	383
906	432
906	467
906	505
906	596
906	611
906	708
906	723
906	747
906	821
906	837
906	858
906	869
906	944
906	981
907	63
907	265
907	267
907	378
907	439
907	454
907	519
907	570
907	572
907	629
907	726
907	787
907	821
907	827
907	829
907	865
907	878
907	923
907	934
907	993
908	133
908	184
908	188
908	259
908	278
908	315
908	394
908	668
908	689
908	710
908	800
908	853
908	856
908	867
908	886
908	909
908	911
908	933
908	969
908	991
908	1000
909	236
909	258
909	284
909	461
909	550
909	609
909	688
909	697
909	729
909	800
909	822
909	849
909	875
909	908
909	914
909	935
909	958
909	969
909	983
909	991
909	1000
910	74
910	190
910	297
910	314
910	441
910	453
910	600
910	677
910	728
910	731
910	732
910	758
910	870
910	885
910	890
910	938
910	958
910	965
910	971
910	975
910	990
911	9
911	147
911	197
911	253
911	395
911	499
911	605
911	609
911	631
911	704
911	860
911	867
911	875
911	908
911	933
911	935
911	936
911	953
911	969
911	986
911	1000
912	73
912	116
912	224
912	290
912	361
912	409
912	466
912	494
912	518
912	561
912	644
912	705
912	722
912	743
912	755
912	804
912	807
912	871
912	873
912	932
912	946
913	4
913	254
913	292
913	566
913	659
913	681
913	733
913	740
913	798
913	801
913	887
913	919
913	925
913	935
913	939
913	954
913	965
913	973
913	977
913	985
913	987
914	231
914	333
914	465
914	482
914	685
914	744
914	745
914	762
914	767
914	780
914	797
914	842
914	854
914	872
914	880
914	909
914	921
914	948
914	970
914	977
914	993
915	86
915	205
915	434
915	485
915	503
915	556
915	559
915	595
915	620
915	652
915	722
915	723
915	734
915	750
915	773
915	821
915	846
915	859
915	916
915	930
915	933
916	120
916	208
916	274
916	281
916	389
916	400
916	416
916	485
916	531
916	567
916	573
916	599
916	747
916	763
916	821
916	837
916	846
916	915
916	944
916	975
916	986
917	40
917	139
917	180
917	215
917	277
917	283
917	295
917	310
917	322
917	463
917	525
917	641
917	657
917	665
917	702
917	795
917	805
917	926
917	936
917	957
917	979
918	40
918	94
918	181
918	217
918	269
918	281
918	431
918	509
918	527
918	630
918	656
918	696
918	718
918	719
918	761
918	793
918	815
918	850
918	929
918	943
918	981
918	992
919	235
919	318
919	384
919	513
919	564
919	625
919	659
919	683
919	692
919	752
919	798
919	887
919	913
919	921
919	939
919	954
919	973
919	977
919	979
919	983
919	985
919	987
920	168
920	206
920	411
920	491
920	496
920	503
920	568
920	591
920	604
920	618
920	772
920	797
920	856
920	901
920	927
920	947
920	949
920	954
920	963
920	966
920	994
920	999
921	202
921	337
921	659
921	716
921	762
921	767
921	812
921	814
921	854
921	855
921	865
921	914
921	919
921	922
921	923
921	948
921	970
921	972
921	992
921	993
921	995
921	1000
922	337
922	510
922	636
922	665
922	668
922	741
922	758
922	780
922	830
922	856
922	865
922	872
922	880
922	889
922	897
922	921
922	926
922	970
922	972
922	979
922	993
922	995
923	275
923	437
923	536
923	599
923	700
923	709
923	767
923	782
923	814
923	820
923	854
923	855
923	856
923	889
923	897
923	901
923	907
923	921
923	926
923	964
923	972
923	995
924	17
924	24
924	117
924	260
924	411
924	449
924	517
924	537
924	552
924	594
924	618
924	653
924	812
924	813
924	819
924	892
924	942
924	944
924	963
924	966
924	981
924	993
924	999
925	5
925	75
925	87
925	212
925	216
925	334
925	382
925	404
925	570
925	701
925	705
925	743
925	749
925	762
925	804
925	831
925	833
925	845
925	871
925	890
925	913
925	940
925	967
926	118
926	210
926	308
926	311
926	357
926	448
926	463
926	484
926	536
926	595
926	700
926	716
926	766
926	767
926	780
926	814
926	847
926	917
926	922
926	923
926	964
926	994
926	995
927	180
927	260
927	329
927	359
927	496
927	504
927	531
927	576
927	604
927	610
927	693
927	768
927	772
927	787
927	810
927	812
927	832
927	920
927	930
927	934
927	962
927	974
927	981
928	3
928	61
928	77
928	349
928	399
928	432
928	446
928	455
928	489
928	493
928	551
928	634
928	658
928	661
928	742
928	766
928	770
928	776
928	795
928	870
928	902
928	931
928	960
929	48
929	53
929	346
929	364
929	462
929	501
929	509
929	639
929	671
929	676
929	687
929	696
929	707
929	788
929	815
929	836
929	871
929	894
929	918
929	938
929	943
929	968
929	978
929	992
930	268
930	363
930	364
930	390
930	599
930	675
930	684
930	720
930	768
930	791
930	825
930	857
930	901
930	915
930	927
930	937
930	939
930	945
930	949
930	962
930	963
930	981
930	994
930	999
931	42
931	77
931	218
931	225
931	246
931	266
931	349
931	379
931	399
931	432
931	489
931	493
931	657
931	658
931	661
931	742
931	770
931	853
931	901
931	902
931	928
931	949
931	959
931	960
932	73
932	199
932	200
932	220
932	283
932	316
932	373
932	414
932	471
932	518
932	561
932	589
932	662
932	743
932	756
932	802
932	804
932	833
932	835
932	871
932	884
932	912
932	943
932	962
933	137
933	184
933	272
933	443
933	641
933	670
933	704
933	710
933	748
933	764
933	793
933	798
933	800
933	822
933	908
933	911
933	915
933	935
933	944
933	968
933	980
933	983
933	986
933	991
933	1000
934	63
934	106
934	145
934	239
934	265
934	267
934	378
934	396
934	425
934	454
934	519
934	570
934	572
934	629
934	726
934	769
934	780
934	787
934	827
934	829
934	838
934	878
934	907
934	927
934	993
935	42
935	44
935	240
935	272
935	284
935	293
935	426
935	529
935	579
935	649
935	670
935	704
935	824
935	832
935	875
935	886
935	895
935	909
935	911
935	913
935	933
935	939
935	945
935	953
935	991
936	139
936	148
936	215
936	273
936	278
936	294
936	297
936	320
936	343
936	525
936	542
936	629
936	669
936	689
936	697
936	702
936	727
936	795
936	805
936	883
936	905
936	911
936	917
936	957
936	985
937	18
937	299
937	339
937	371
937	490
937	503
937	581
937	588
937	646
937	747
937	751
937	811
937	813
937	819
937	874
937	878
937	888
937	892
937	930
937	942
937	947
937	963
937	966
937	994
937	999
938	15
938	251
938	277
938	330
938	374
938	523
938	666
938	717
938	772
938	803
938	830
938	883
938	885
938	890
938	904
938	910
938	929
938	941
938	958
938	966
938	971
938	976
938	990
938	992
938	998
939	63
939	151
939	254
939	292
939	447
939	566
939	616
939	681
939	687
939	692
939	724
939	735
939	755
939	798
939	801
939	887
939	913
939	919
939	930
939	935
939	954
939	965
939	973
939	977
939	985
940	116
940	334
940	376
940	409
940	445
940	466
940	479
940	494
940	561
940	565
940	643
940	644
940	662
940	749
940	755
940	756
940	790
940	833
940	835
940	845
940	871
940	884
940	925
940	947
940	949
941	204
941	247
941	251
941	306
941	353
941	441
941	512
941	604
941	654
941	673
941	703
941	710
941	736
941	830
941	834
941	845
941	873
941	883
941	885
941	938
941	958
941	971
941	975
941	990
941	998
942	206
942	329
942	370
942	385
942	440
942	502
942	534
942	537
942	538
942	578
942	618
942	679
942	713
942	729
942	791
942	812
942	874
942	888
942	904
942	924
942	937
942	962
942	963
942	981
942	994
943	94
943	316
943	325
943	405
943	422
943	429
943	431
943	521
943	602
943	639
943	671
943	674
943	676
943	687
943	695
943	696
943	719
943	760
943	788
943	858
943	918
943	929
943	932
943	978
943	979
943	992
944	99
944	118
944	238
944	261
944	341
944	349
944	383
944	445
944	456
944	531
944	556
944	559
944	596
944	615
944	622
944	635
944	652
944	718
944	723
944	747
944	858
944	864
944	906
944	916
944	924
944	933
945	60
945	106
945	112
945	411
945	415
945	418
945	472
945	490
945	491
945	507
945	588
945	640
945	810
945	811
945	812
945	817
945	847
945	857
945	901
945	930
945	935
945	949
945	963
945	966
945	981
945	999
946	43
946	68
946	75
946	216
946	220
946	289
946	291
946	304
946	322
946	373
946	437
946	460
946	479
946	494
946	589
946	644
946	653
946	740
946	743
946	755
946	759
946	763
946	821
946	831
946	912
946	967
947	126
947	165
947	243
947	266
947	424
947	502
947	511
947	514
947	534
947	548
947	627
947	629
947	693
947	768
947	813
947	825
947	874
947	901
947	920
947	937
947	940
947	949
947	966
947	980
947	981
947	986
948	275
948	335
948	484
948	504
948	510
948	522
948	596
948	619
948	632
948	636
948	647
948	709
948	738
948	782
948	797
948	800
948	814
948	880
948	887
948	897
948	914
948	921
948	969
948	989
948	993
948	995
949	126
949	180
949	206
949	280
949	385
949	406
949	460
949	504
949	646
949	684
949	811
949	813
949	892
949	899
949	920
949	930
949	931
949	940
949	945
949	947
949	961
949	962
949	963
949	981
949	986
949	994
949	999
950	6
950	70
950	119
950	120
950	126
950	300
950	307
950	348
950	408
950	416
950	450
950	467
950	505
950	515
950	533
950	587
950	596
950	611
950	615
950	635
950	722
950	734
950	773
950	796
950	818
950	819
950	900
951	296
951	345
951	354
951	375
951	388
951	572
951	587
951	600
951	603
951	667
951	698
951	783
951	790
951	804
951	805
951	826
951	828
951	870
951	881
951	893
951	903
951	955
951	961
951	980
951	982
951	984
951	988
951	996
952	21
952	48
952	55
952	100
952	122
952	144
952	252
952	318
952	372
952	419
952	421
952	526
952	544
952	564
952	569
952	578
952	585
952	617
952	691
952	721
952	740
952	765
952	776
952	794
952	841
952	844
952	862
952	900
953	88
953	131
953	137
953	302
953	410
953	426
953	442
953	443
953	541
953	592
953	605
953	668
953	671
953	675
953	688
953	706
953	764
953	824
953	845
953	860
953	886
953	895
953	911
953	935
953	974
953	975
953	983
953	991
954	242
954	384
954	457
954	487
954	513
954	566
954	616
954	621
954	625
954	683
954	692
954	714
954	724
954	752
954	798
954	801
954	817
954	838
954	887
954	913
954	919
954	920
954	939
954	964
954	965
954	973
954	977
954	980
954	985
955	1
955	139
955	163
955	179
955	369
955	375
955	566
955	587
955	603
955	657
955	667
955	698
955	712
955	713
955	763
955	783
955	785
955	792
955	828
955	837
955	870
955	879
955	951
955	961
955	980
955	982
955	984
955	988
955	996
956	46
956	55
956	80
956	95
956	96
956	154
956	170
956	172
956	232
956	276
956	298
956	347
956	451
956	530
956	545
956	562
956	563
956	580
956	581
956	608
956	730
956	774
956	820
956	838
956	852
956	863
956	891
956	967
956	997
957	51
957	90
957	148
957	249
957	273
957	277
957	295
957	320
957	342
957	353
957	376
957	516
957	539
957	606
957	645
957	689
957	702
957	727
957	760
957	762
957	771
957	777
957	805
957	825
957	859
957	917
957	936
957	971
957	995
958	47
958	62
958	67
958	83
958	157
958	279
958	377
958	475
958	496
958	642
958	648
958	732
958	760
958	779
958	803
958	822
958	830
958	834
958	885
958	890
958	909
958	910
958	938
958	941
958	975
958	976
958	990
958	991
958	998
959	42
959	61
959	77
959	171
959	203
959	246
959	266
959	310
959	349
959	379
959	399
959	432
959	446
959	455
959	489
959	493
959	634
959	658
959	661
959	742
959	757
959	770
959	864
959	888
959	902
959	931
959	960
959	973
959	998
960	3
960	11
960	61
960	77
960	171
960	203
960	225
960	246
960	266
960	349
960	379
960	399
960	446
960	447
960	455
960	489
960	493
960	634
960	647
960	658
960	661
960	664
960	742
960	770
960	815
960	902
960	928
960	931
960	959
960	972
961	37
961	115
961	179
961	444
961	686
961	698
961	719
961	763
961	783
961	785
961	790
961	792
961	826
961	827
961	828
961	870
961	879
961	881
961	892
961	893
961	903
961	949
961	951
961	955
961	976
961	980
961	982
961	984
961	988
961	996
962	17
962	93
962	280
962	301
962	391
962	424
962	476
962	508
962	524
962	552
962	591
962	627
962	713
962	730
962	741
962	772
962	791
962	802
962	819
962	836
962	839
962	874
962	927
962	930
962	932
962	942
962	949
962	966
962	994
962	997
962	999
963	89
963	138
963	242
963	243
963	406
963	417
963	464
963	502
963	517
963	534
963	586
963	591
963	627
963	651
963	697
963	737
963	745
963	811
963	819
963	832
963	843
963	857
963	892
963	920
963	924
963	930
963	937
963	942
963	945
963	949
963	994
964	19
964	386
964	404
964	510
964	532
964	536
964	557
964	573
964	619
964	636
964	672
964	675
964	738
964	741
964	766
964	781
964	797
964	820
964	854
964	855
964	872
964	874
964	880
964	897
964	923
964	926
964	954
964	967
964	969
964	979
964	993
964	995
965	4
965	82
965	228
965	286
965	384
965	499
965	535
965	560
965	566
965	594
965	616
965	659
965	672
965	681
965	686
965	690
965	692
965	724
965	735
965	752
965	798
965	801
965	872
965	887
965	910
965	913
965	939
965	954
965	973
965	977
965	985
965	987
966	9
966	243
966	268
966	411
966	417
966	476
966	511
966	534
966	576
966	591
966	694
966	720
966	751
966	755
966	767
966	772
966	776
966	811
966	825
966	843
966	857
966	920
966	924
966	937
966	938
966	945
966	947
966	962
966	970
966	984
966	994
966	999
967	128
967	152
967	199
967	212
967	216
967	247
967	289
967	290
967	361
967	402
967	414
967	437
967	471
967	550
967	561
967	565
967	589
967	613
967	643
967	674
967	678
967	740
967	743
967	804
967	845
967	884
967	905
967	925
967	946
967	956
967	964
967	970
967	989
968	3
968	66
968	160
968	174
968	287
968	300
968	313
968	315
968	351
968	394
968	412
968	461
968	469
968	500
968	529
968	579
968	609
968	710
968	711
968	764
968	771
968	849
968	856
968	860
968	875
968	886
968	929
968	933
968	969
968	974
968	983
968	986
968	996
969	12
969	20
969	41
969	52
969	149
969	168
969	293
969	302
969	368
969	381
969	412
969	507
969	592
969	598
969	605
969	612
969	668
969	688
969	697
969	704
969	729
969	764
969	856
969	876
969	886
969	892
969	908
969	909
969	911
969	948
969	964
969	968
969	983
969	1000
970	19
970	113
970	211
970	241
970	311
970	312
970	335
970	344
970	354
970	522
970	536
970	538
970	557
970	599
970	632
970	636
970	640
970	675
970	807
970	820
970	854
970	865
970	897
970	914
970	921
970	922
970	966
970	967
970	979
970	989
970	990
970	993
970	995
970	998
971	15
971	67
971	83
971	107
971	141
971	183
971	224
971	251
971	323
971	330
971	441
971	453
971	473
971	523
971	528
971	603
971	623
971	638
971	649
971	722
971	779
971	830
971	883
971	898
971	904
971	910
971	938
971	941
971	957
971	975
971	976
971	990
971	992
971	998
972	4
972	14
972	218
972	344
972	465
972	476
972	482
972	557
972	597
972	632
972	636
972	640
972	700
972	704
972	716
972	743
972	762
972	766
972	782
972	816
972	820
972	847
972	854
972	855
972	872
972	897
972	921
972	922
972	923
972	960
972	979
972	989
972	992
972	993
973	164
973	166
973	195
973	288
973	355
973	367
973	447
973	487
973	499
973	560
973	566
973	616
973	628
973	659
973	683
973	714
973	735
973	749
973	790
973	798
973	801
973	838
973	887
973	913
973	919
973	939
973	954
973	959
973	965
973	977
973	978
973	985
973	987
973	999
974	18
974	91
974	312
974	351
974	381
974	410
974	412
974	538
974	549
974	590
974	598
974	605
974	609
974	641
974	656
974	668
974	697
974	700
974	717
974	810
974	822
974	832
974	837
974	849
974	856
974	875
974	886
974	895
974	927
974	953
974	968
974	983
974	984
974	991
974	1000
975	20
975	62
975	74
975	141
975	183
975	204
975	247
975	279
975	314
975	370
975	453
975	543
975	600
975	623
975	660
975	673
975	677
975	731
975	753
975	758
975	809
975	818
975	873
975	883
975	885
975	904
975	910
975	916
975	941
975	953
975	958
975	971
975	976
975	985
975	990
975	998
976	62
976	132
976	247
976	302
976	314
976	374
976	420
976	473
976	543
976	595
976	623
976	638
976	648
976	654
976	661
976	666
976	698
976	703
976	717
976	732
976	786
976	809
976	823
976	881
976	883
976	885
976	890
976	896
976	904
976	938
976	958
976	961
976	971
976	975
976	990
976	998
977	10
977	82
977	153
977	195
977	235
977	254
977	288
977	292
977	340
977	384
977	566
977	587
977	594
977	616
977	625
977	659
977	681
977	683
977	692
977	724
977	752
977	801
977	859
977	887
977	902
977	913
977	914
977	919
977	939
977	954
977	965
977	973
977	985
977	987
977	991
977	996
978	54
978	58
978	94
978	132
978	156
978	178
978	181
978	217
978	316
978	393
978	405
978	422
978	429
978	458
978	501
978	509
978	521
978	527
978	546
978	555
978	602
978	614
978	651
978	673
978	676
978	687
978	696
978	761
978	836
978	850
978	929
978	943
978	973
978	986
978	989
978	992
979	125
979	133
979	221
979	335
979	392
979	448
979	484
979	522
979	532
979	536
979	547
979	586
979	640
979	700
979	709
979	741
979	744
979	745
979	762
979	767
979	771
979	774
979	782
979	797
979	807
979	820
979	854
979	855
979	884
979	917
979	919
979	922
979	943
979	964
979	970
979	972
979	993
980	1
980	22
980	30
980	175
980	327
980	351
980	352
980	388
980	407
980	444
980	548
980	698
980	712
980	737
980	763
980	775
980	785
980	790
980	791
980	792
980	826
980	828
980	870
980	879
980	881
980	893
980	903
980	933
980	947
980	951
980	954
980	955
980	961
980	982
980	984
980	988
980	996
981	93
981	97
981	117
981	169
981	206
981	234
981	336
981	385
981	491
981	502
981	514
981	545
981	554
981	558
981	646
981	684
981	709
981	720
981	768
981	819
981	831
981	874
981	887
981	892
981	901
981	906
981	918
981	924
981	927
981	930
981	942
981	945
981	947
981	949
981	989
981	994
981	999
982	7
982	22
982	37
982	39
982	49
982	50
982	96
982	104
982	115
982	154
982	163
982	175
982	327
982	352
982	561
982	603
982	637
982	712
982	783
982	785
982	792
982	818
982	828
982	870
982	879
982	881
982	889
982	893
982	903
982	905
982	951
982	955
982	961
982	980
982	983
982	984
982	988
982	994
982	996
983	44
983	61
983	88
983	137
983	147
983	312
983	381
983	412
983	426
983	549
983	598
983	699
983	710
983	728
983	748
983	764
983	797
983	800
983	832
983	848
983	849
983	860
983	862
983	867
983	875
983	895
983	897
983	909
983	919
983	933
983	953
983	968
983	969
983	974
983	982
983	986
983	994
983	995
983	1000
984	6
984	7
984	22
984	30
984	31
984	37
984	49
984	50
984	96
984	150
984	154
984	163
984	335
984	352
984	388
984	407
984	498
984	509
984	603
984	667
984	712
984	763
984	779
984	783
984	785
984	826
984	837
984	855
984	870
984	881
984	893
984	951
984	955
984	961
984	966
984	974
984	980
984	982
984	988
984	996
985	4
985	82
985	151
985	164
985	169
985	182
985	208
985	211
985	228
985	242
985	286
985	457
985	487
985	499
985	513
985	616
985	625
985	659
985	681
985	683
985	692
985	714
985	717
985	724
985	751
985	752
985	798
985	802
985	813
985	887
985	913
985	919
985	936
985	939
985	954
985	965
985	973
985	975
985	977
985	987
986	28
986	41
986	91
986	145
986	160
986	240
986	282
986	287
986	313
986	395
986	443
986	485
986	500
986	507
986	538
986	571
986	598
986	612
986	649
986	668
986	688
986	728
986	729
986	764
986	822
986	832
986	856
986	867
986	886
986	894
986	905
986	911
986	916
986	933
986	947
986	949
986	968
986	978
986	983
986	991
987	151
987	153
987	164
987	166
987	182
987	211
987	228
987	235
987	242
987	286
987	288
987	303
987	355
987	367
987	405
987	447
987	457
987	487
987	499
987	510
987	513
987	560
987	594
987	625
987	645
987	692
987	699
987	724
987	733
987	752
987	798
987	801
987	827
987	887
987	913
987	919
987	965
987	973
987	977
987	985
987	990
988	6
988	7
988	30
988	31
988	39
988	104
988	136
988	159
988	167
988	193
988	199
988	296
988	369
988	373
988	388
988	444
988	570
988	587
988	603
988	608
988	667
988	763
988	785
988	790
988	792
988	811
988	826
988	842
988	846
988	870
988	879
988	881
988	893
988	903
988	951
988	955
988	961
988	980
988	982
988	984
988	991
988	996
989	108
989	125
989	140
989	210
989	231
989	241
989	275
989	321
989	337
989	344
989	350
989	480
989	547
989	580
989	586
989	599
989	639
989	647
989	672
989	679
989	709
989	716
989	766
989	781
989	782
989	797
989	807
989	814
989	815
989	847
989	854
989	865
989	879
989	889
989	897
989	948
989	967
989	970
989	972
989	978
989	981
989	993
989	995
990	34
990	67
990	83
990	190
990	196
990	247
990	270
990	298
990	314
990	377
990	523
990	528
990	543
990	600
990	620
990	627
990	654
990	666
990	677
990	717
990	731
990	732
990	736
990	779
990	786
990	803
990	822
990	834
990	842
990	883
990	885
990	890
990	896
990	904
990	910
990	938
990	941
990	958
990	970
990	971
990	975
990	976
990	987
991	88
991	98
991	160
991	229
991	240
991	272
991	282
991	284
991	313
991	363
991	394
991	442
991	493
991	507
991	517
991	597
991	598
991	601
991	609
991	641
991	649
991	668
991	670
991	699
991	728
991	764
991	822
991	840
991	848
991	849
991	860
991	895
991	908
991	909
991	933
991	935
991	953
991	958
991	974
991	977
991	986
991	988
991	1000
992	23
992	54
992	94
992	120
992	132
992	158
992	181
992	269
992	325
992	346
992	364
992	393
992	397
992	429
992	431
992	458
992	477
992	509
992	521
992	555
992	571
992	602
992	614
992	639
992	656
992	671
992	676
992	695
992	696
992	719
992	737
992	761
992	788
992	815
992	833
992	836
992	918
992	921
992	929
992	938
992	943
992	971
992	972
992	978
993	80
993	118
993	125
993	210
993	221
993	350
993	357
993	365
993	383
993	404
993	434
993	467
993	480
993	522
993	547
993	575
993	586
993	591
993	640
993	709
993	716
993	745
993	762
993	781
993	812
993	816
993	820
993	847
993	854
993	855
993	880
993	897
993	907
993	914
993	921
993	922
993	924
993	934
993	948
993	964
993	970
993	972
993	979
993	989
993	995
994	9
994	79
994	87
994	89
994	97
994	101
994	165
994	329
994	398
994	406
994	411
994	424
994	490
994	548
994	558
994	618
994	646
994	693
994	694
994	737
994	768
994	772
994	791
994	808
994	817
994	843
994	851
994	857
994	874
994	888
994	892
994	893
994	920
994	926
994	930
994	937
994	942
994	949
994	962
994	963
994	966
994	981
994	982
994	983
994	999
995	14
995	32
995	189
995	210
995	221
995	251
995	286
995	303
995	354
995	357
995	404
995	465
995	575
995	605
995	612
995	619
995	632
995	640
995	647
995	675
995	728
995	738
995	744
995	745
995	766
995	780
995	781
995	792
995	797
995	807
995	811
995	880
995	889
995	897
995	921
995	922
995	923
995	926
995	948
995	957
995	964
995	970
995	983
995	989
995	993
996	31
996	39
996	49
996	104
996	154
996	159
996	161
996	163
996	167
996	175
996	179
996	319
996	327
996	352
996	369
996	407
996	444
996	484
996	490
996	498
996	587
996	607
996	667
996	698
996	744
996	763
996	783
996	785
996	826
996	828
996	841
996	855
996	870
996	879
996	881
996	903
996	951
996	955
996	961
996	968
996	977
996	980
996	982
996	984
996	988
997	16
997	35
997	36
997	78
997	80
997	81
997	103
997	144
997	170
997	172
997	232
997	262
997	264
997	276
997	298
997	309
997	350
997	386
997	400
997	413
997	427
997	451
997	486
997	508
997	530
997	545
997	557
997	563
997	574
997	580
997	581
997	608
997	637
997	730
997	738
997	774
997	808
997	823
997	838
997	852
997	863
997	864
997	891
997	956
997	962
998	34
998	47
998	72
998	74
998	111
998	155
998	224
998	244
998	254
998	279
998	377
998	412
998	475
998	478
998	512
998	528
998	543
998	600
998	638
998	654
998	673
998	677
998	717
998	731
998	758
998	803
998	809
998	814
998	830
998	834
998	839
998	851
998	854
998	873
998	885
998	890
998	896
998	938
998	941
998	958
998	959
998	970
998	971
998	975
998	976
999	56
999	60
999	90
999	165
999	268
999	275
999	339
999	363
999	391
999	440
999	449
999	481
999	502
999	511
999	513
999	537
999	548
999	568
999	590
999	618
999	627
999	667
999	693
999	705
999	720
999	727
999	791
999	796
999	810
999	811
999	812
999	817
999	843
999	864
999	886
999	901
999	920
999	924
999	930
999	937
999	945
999	949
999	962
999	966
999	973
999	981
999	994
1000	20
1000	52
1000	82
1000	88
1000	133
1000	145
1000	149
1000	168
1000	229
1000	272
1000	312
1000	395
1000	435
1000	529
1000	579
1000	586
1000	590
1000	597
1000	605
1000	612
1000	614
1000	632
1000	688
1000	697
1000	699
1000	710
1000	728
1000	729
1000	738
1000	748
1000	769
1000	822
1000	832
1000	849
1000	860
1000	867
1000	886
1000	898
1000	908
1000	909
1000	911
1000	921
1000	933
1000	969
1000	974
1000	983
1000	991
