1	235
1	806
1	991
1	993
2	543
2	755
2	910
2	934
3	557
3	808
3	828
3	975
4	433
4	750
4	858
4	975
5	199
5	963
5	976
5	983
6	643
6	880
6	900
6	915
7	27
7	384
7	591
7	993
8	585
8	788
8	962
8	990
9	850
9	859
9	951
9	990
10	93
10	539
10	565
10	976
11	337
11	962
11	982
11	990
12	474
12	913
12	962
12	990
13	357
13	407
13	645
13	808
14	401
14	560
14	917
14	933
15	484
15	911
15	944
15	955
16	477
16	748
16	935
16	937
17	836
17	845
17	930
17	977
18	162
18	509
18	973
18	989
19	703
19	920
19	968
19	985
20	466
20	649
20	837
20	972
21	262
21	425
21	649
21	971
22	164
22	317
22	359
22	838
23	862
23	874
23	901
23	949
24	371
24	387
24	584
24	801
25	295
25	495
25	841
25	908
26	503
26	757
26	856
26	928
27	7
27	933
27	971
27	990
28	428
28	497
28	648
28	883
29	616
29	620
29	644
29	895
30	859
30	910
30	941
30	950
31	416
31	960
31	967
31	991
32	92
32	758
32	762
32	817
33	248
33	759
33	801
33	889
34	187
34	527
34	813
34	878
35	283
35	979
35	986
35	999
36	838
36	895
36	912
36	956
37	394
37	829
37	850
37	959
38	417
38	522
38	719
38	987
39	486
39	818
39	826
39	967
40	97
40	969
40	973
40	989
41	501
41	543
41	855
41	995
42	763
42	783
42	904
42	923
43	709
43	844
43	902
43	1000
44	811
44	830
44	978
44	980
45	439
45	927
45	982
45	998
46	637
46	667
46	899
46	977
47	586
47	687
47	856
47	928
48	77
48	336
48	881
48	983
49	511
49	695
49	800
49	972
50	838
50	849
50	963
50	969
51	339
51	694
51	724
51	959
52	372
52	534
52	729
52	968
53	526
53	759
53	850
53	945
54	895
54	946
54	973
54	984
55	279
55	792
55	852
55	940
56	287
56	431
56	623
56	909
57	821
57	869
57	923
57	944
58	652
58	960
58	987
58	990
59	203
59	772
59	949
59	958
60	414
60	839
60	876
60	911
61	979
61	986
61	993
61	999
62	381
62	738
62	952
62	998
63	413
63	472
63	801
63	978
64	177
64	263
64	690
64	926
65	223
65	593
65	676
65	835
66	175
66	606
66	662
66	978
67	335
67	763
67	936
67	972
68	400
68	506
68	954
68	975
69	521
69	828
69	920
69	978
70	892
70	904
70	930
70	934
71	849
71	961
71	974
71	1000
72	751
72	920
72	964
72	996
73	803
73	808
73	901
73	991
74	701
74	867
74	881
74	919
75	467
75	707
75	927
75	995
76	942
76	979
76	986
76	996
77	48
77	239
77	943
77	946
78	688
78	826
78	862
78	874
79	908
79	964
79	996
79	997
80	860
80	959
80	982
80	995
81	675
81	820
81	954
81	972
82	742
82	798
82	877
82	998
83	628
83	802
83	931
83	973
84	703
84	898
84	903
84	914
85	589
85	637
85	905
85	977
86	409
86	610
86	777
86	915
87	597
87	823
87	954
87	972
88	793
88	884
88	949
88	958
89	121
89	356
89	813
89	875
90	502
90	688
90	699
90	963
91	442
91	924
91	932
91	985
92	32
92	936
92	954
92	972
93	10
93	916
93	968
93	985
94	484
94	591
94	784
94	950
95	916
95	943
95	966
95	977
96	894
96	944
96	947
96	955
97	40
97	427
97	964
97	965
98	458
98	643
98	983
98	997
99	503
99	924
99	932
99	966
100	714
100	755
100	770
100	829
101	476
101	704
101	783
101	889
102	326
102	600
102	911
102	944
103	678
103	766
103	967
103	975
104	111
104	436
104	749
104	944
105	614
105	622
105	901
105	945
106	342
106	780
106	850
106	965
107	908
107	947
107	964
107	981
108	714
108	776
108	857
108	887
109	929
109	937
109	978
109	988
110	145
110	497
110	969
110	989
111	104
111	717
111	889
111	984
112	114
112	747
112	983
112	999
113	777
113	842
113	968
113	985
114	112
114	945
114	983
114	997
115	120
115	677
115	896
115	936
116	415
116	595
116	784
116	997
117	527
117	604
117	659
117	822
118	701
118	853
118	861
118	977
119	713
119	759
119	945
119	987
120	115
120	767
120	782
120	843
121	89
121	698
121	782
121	896
122	152
122	754
122	806
122	950
123	617
123	795
123	999
123	1000
124	247
124	548
124	864
124	983
125	309
125	403
125	447
125	967
126	197
126	219
126	581
126	842
127	236
127	471
127	967
127	975
128	590
128	950
128	957
128	983
129	536
129	622
129	981
129	1000
130	741
130	868
130	870
130	976
131	855
131	949
131	982
131	995
132	404
132	727
132	919
132	992
133	476
133	757
133	980
133	985
134	777
134	809
134	839
134	983
135	830
135	897
135	952
135	994
136	709
136	739
136	896
136	999
137	847
137	957
137	967
137	986
138	327
138	772
138	949
138	958
139	326
139	581
139	745
139	964
140	518
140	893
140	985
140	992
141	477
141	609
141	911
141	967
142	174
142	413
142	889
142	939
143	379
143	623
143	648
143	903
144	260
144	820
144	940
144	996
145	110
145	764
145	981
145	1000
146	715
146	797
146	969
146	991
147	529
147	748
147	839
147	939
148	295
148	389
148	457
148	919
149	736
149	837
149	936
149	954
150	431
150	468
150	828
150	984
151	712
151	774
151	819
151	982
152	122
152	343
152	479
152	541
153	221
153	635
153	638
153	973
154	354
154	812
154	844
154	922
155	845
155	884
155	949
155	958
156	382
156	827
156	853
156	997
157	517
157	669
157	792
157	826
158	317
158	855
158	982
158	995
159	837
159	936
159	946
159	972
160	434
160	632
160	845
160	996
161	832
161	851
161	983
161	990
162	18
162	930
162	954
162	972
163	909
163	950
163	995
163	997
164	22
164	247
164	813
164	863
165	277
165	911
165	931
165	957
166	571
166	840
166	891
166	943
167	575
167	733
167	893
167	974
168	325
168	618
168	872
168	928
169	534
169	948
169	950
169	977
170	743
170	830
170	968
170	985
171	694
171	882
171	907
171	997
172	422
172	558
172	973
172	989
173	399
173	454
173	809
173	971
174	142
174	355
174	717
174	889
175	66
175	852
175	945
175	985
176	566
176	895
176	989
176	993
177	64
177	739
177	768
177	919
178	770
178	895
178	928
178	965
179	846
179	936
179	954
179	972
180	924
180	942
180	950
180	987
181	511
181	565
181	831
181	859
182	856
182	871
182	992
182	1000
183	459
183	708
183	930
183	954
184	603
184	677
184	934
184	948
185	653
185	799
185	964
185	965
186	253
186	920
186	960
186	999
187	34
187	861
187	934
187	977
188	489
188	694
188	816
188	995
189	613
189	728
189	885
189	889
190	561
190	792
190	833
190	870
191	395
191	456
191	857
191	940
192	270
192	604
192	939
192	978
193	355
193	460
193	600
193	642
194	911
194	917
194	951
194	967
195	442
195	567
195	837
195	975
196	356
196	515
196	520
196	928
197	126
197	839
197	876
197	935
198	446
198	567
198	718
198	996
199	5
199	846
199	869
199	897
200	440
200	803
200	821
200	980
201	396
201	647
201	795
201	997
202	676
202	931
202	935
202	965
203	59
203	951
203	984
203	994
204	874
204	882
204	945
204	995
205	442
205	942
205	944
205	992
206	430
206	808
206	916
206	984
207	707
207	788
207	827
207	866
208	456
208	918
208	965
208	974
209	755
209	854
209	868
209	995
210	732
210	953
210	962
210	990
211	777
211	824
211	922
211	967
212	567
212	813
212	963
212	968
213	911
213	943
213	966
213	985
214	362
214	707
214	865
214	926
215	290
215	556
215	615
215	629
216	604
216	851
216	931
216	953
217	464
217	730
217	732
217	983
218	466
218	870
218	920
218	974
219	126
219	460
219	745
219	781
220	789
220	845
220	996
220	997
221	153
221	851
221	933
221	997
222	552
222	982
222	986
222	998
223	65
223	528
223	612
223	920
224	579
224	659
224	921
224	991
225	386
225	674
225	931
225	979
226	423
226	930
226	959
226	982
227	483
227	680
227	901
227	916
228	450
228	623
228	897
228	948
229	403
229	642
229	882
229	996
230	397
230	832
230	872
230	988
231	475
231	501
231	677
231	773
232	265
232	608
232	903
232	988
233	470
233	633
233	683
233	795
234	410
234	848
234	913
234	990
235	1
235	319
235	694
235	846
235	977
236	127
236	755
236	909
236	982
236	998
237	602
237	872
237	923
237	933
237	956
238	897
238	936
238	970
238	979
238	981
239	77
239	402
239	574
239	683
239	944
240	396
240	411
240	633
240	647
240	967
241	274
241	785
241	875
241	957
241	980
242	862
242	884
242	885
242	949
242	958
243	530
243	829
243	845
243	964
243	996
244	737
244	760
244	951
244	964
244	994
245	696
245	922
245	934
245	980
245	993
246	699
246	714
246	941
246	983
246	997
247	124
247	164
247	569
247	720
247	830
248	33
248	472
248	688
248	704
248	732
249	510
249	546
249	939
249	944
249	969
250	617
250	648
250	737
250	844
250	957
251	891
251	929
251	936
251	954
251	972
252	361
252	860
252	887
252	951
252	994
253	186
253	753
253	904
253	906
253	994
254	524
254	777
254	825
254	944
254	950
255	749
255	892
255	925
255	953
255	990
256	566
256	714
256	819
256	928
256	956
257	839
257	866
257	935
257	943
257	989
258	412
258	557
258	736
258	807
258	909
259	490
259	641
259	899
259	944
259	974
260	144
260	443
260	525
260	928
260	988
261	414
261	691
261	807
261	854
261	855
262	21
262	653
262	703
262	826
262	951
263	64
263	788
263	848
263	921
263	961
264	735
264	781
264	884
264	950
264	958
265	232
265	493
265	829
265	898
265	912
266	884
266	885
266	949
266	958
266	991
267	789
267	907
267	929
267	964
267	996
268	809
268	814
268	867
268	948
268	983
269	567
269	828
269	831
269	946
269	984
270	192
270	401
270	688
270	877
270	963
271	407
271	935
271	981
271	992
271	1000
272	381
272	943
272	968
272	985
272	997
273	390
273	411
273	810
273	878
273	991
274	241
274	594
274	659
274	819
274	899
275	485
275	840
275	899
275	920
275	977
276	886
276	890
276	902
276	954
276	972
277	165
277	504
277	632
277	975
277	980
278	883
278	928
278	940
278	956
278	969
279	55
279	359
279	893
279	902
279	905
280	285
280	869
280	875
280	980
280	987
281	750
281	805
281	938
281	955
281	974
282	498
282	563
282	859
282	974
282	994
283	35
283	842
283	931
283	944
283	976
284	308
284	458
284	568
284	948
284	993
285	280
285	345
285	516
285	768
285	914
286	350
286	910
286	913
286	940
286	988
287	56
287	489
287	957
287	967
287	991
288	354
288	609
288	736
288	975
288	987
289	344
289	353
289	518
289	947
289	955
290	215
290	766
290	919
290	981
290	996
291	448
291	470
291	829
291	988
291	1000
292	548
292	554
292	614
292	924
292	958
293	390
293	628
293	898
293	953
293	990
294	430
294	505
294	867
294	875
294	971
295	25
295	148
295	577
295	646
295	665
296	500
296	953
296	962
296	963
296	990
297	494
297	608
297	685
297	860
297	940
298	735
298	837
298	970
298	986
298	987
299	612
299	697
299	790
299	833
299	864
300	343
300	495
300	630
300	900
300	981
301	605
301	681
301	924
301	943
301	985
302	559
302	822
302	823
302	863
302	943
303	379
303	380
303	814
303	899
303	981
304	530
304	821
304	965
304	969
304	996
305	642
305	970
305	979
305	986
305	999
306	699
306	761
306	878
306	963
306	985
307	435
307	462
307	786
307	846
307	876
308	284
308	782
308	800
308	936
308	972
309	125
309	890
309	936
309	954
309	993
310	508
310	690
310	732
310	893
310	934
311	431
311	804
311	845
311	965
311	996
312	325
312	488
312	618
312	955
312	974
313	821
313	884
313	973
313	987
313	989
314	961
314	962
314	983
314	992
314	1000
315	827
315	932
315	948
315	983
315	997
316	398
316	537
316	866
316	934
316	961
317	22
317	158
317	828
317	835
317	946
318	494
318	725
318	770
318	827
318	988
319	235
319	738
319	823
319	843
319	973
320	494
320	898
320	925
320	953
320	990
321	367
321	920
321	924
321	932
321	943
322	704
322	746
322	832
322	964
322	996
323	341
323	575
323	822
323	840
323	950
324	452
324	475
324	716
324	864
324	971
325	168
325	312
325	700
325	815
325	988
326	102
326	139
326	541
326	630
326	957
327	138
327	577
327	588
327	959
327	998
328	520
328	836
328	860
328	925
328	994
329	471
329	493
329	505
329	737
329	906
330	525
330	630
330	771
330	923
330	973
331	532
331	809
331	905
331	933
331	976
332	743
332	815
332	932
332	957
332	985
333	651
333	872
333	938
333	939
333	986
334	668
334	708
334	783
334	927
334	982
335	67
335	724
335	858
335	883
335	980
336	48
336	701
336	919
336	928
336	961
337	11
337	663
337	866
337	925
337	990
338	743
338	801
338	932
338	960
338	966
339	51
339	679
339	784
339	835
339	995
340	477
340	569
340	678
340	942
340	960
341	323
341	771
341	930
341	965
341	993
342	106
342	719
342	877
342	973
342	989
343	152
343	300
343	739
343	782
343	896
344	289
344	851
344	862
344	913
344	990
345	285
345	619
345	685
345	938
345	971
346	794
346	802
346	930
346	952
346	970
347	536
347	775
347	878
347	886
347	979
348	693
348	746
348	804
348	934
348	996
349	698
349	751
349	924
349	966
349	989
350	286
350	452
350	684
350	928
350	956
351	380
351	595
351	813
351	957
351	991
352	669
352	900
352	904
352	981
352	986
353	289
353	775
353	907
353	967
353	991
354	154
354	288
354	947
354	952
354	990
355	174
355	193
355	785
355	975
355	986
356	89
356	196
356	362
356	710
356	991
357	13
357	931
357	932
357	945
357	985
358	810
358	845
358	902
358	965
358	996
359	22
359	279
359	686
359	831
359	951
360	423
360	571
360	580
360	984
360	994
361	252
361	626
361	785
361	872
361	988
362	214
362	356
362	768
362	806
362	938
363	648
363	790
363	883
363	948
363	991
364	714
364	863
364	943
364	966
364	968
365	512
365	521
365	882
365	917
365	931
366	448
366	799
366	918
366	979
366	999
367	321
367	674
367	741
367	922
367	997
368	890
368	914
368	954
368	972
368	978
369	892
369	958
369	977
369	993
369	1000
370	482
370	595
370	815
370	912
370	960
371	24
371	389
371	728
371	889
371	961
372	52
372	768
372	906
372	957
372	977
373	678
373	823
373	925
373	970
373	987
374	605
374	859
374	866
374	891
374	896
375	424
375	622
375	667
375	885
375	976
376	437
376	719
376	789
376	844
376	971
377	564
377	924
377	927
377	982
377	998
378	657
378	744
378	927
378	970
378	986
379	143
379	303
379	864
379	899
379	933
379	971
380	303
380	351
380	529
380	798
380	903
380	952
381	62
381	272
381	450
381	666
381	811
381	952
382	156
382	786
382	841
382	876
382	937
382	970
383	409
383	499
383	585
383	709
383	936
383	997
384	7
384	620
384	856
384	960
384	979
384	999
385	750
385	801
385	846
385	880
385	899
385	935
386	225
386	610
386	655
386	824
386	870
386	963
387	24
387	791
387	817
387	910
387	950
387	983
388	898
388	913
388	925
388	953
388	979
388	983
389	148
389	371
389	798
389	822
389	914
389	970
390	273
390	293
390	787
390	969
390	973
390	989
391	692
391	925
391	928
391	953
391	962
391	990
392	585
392	702
392	749
392	963
392	978
392	995
393	547
393	612
393	722
393	915
393	969
393	989
394	37
394	740
394	751
394	774
394	875
394	959
395	191
395	664
395	752
395	902
395	938
395	988
396	201
396	240
396	649
396	736
396	958
396	967
397	230
397	456
397	506
397	776
397	852
397	921
398	316
398	414
398	520
398	628
398	786
398	839
399	173
399	478
399	577
399	952
399	954
399	967
400	68
400	813
400	866
400	911
400	931
400	975
401	14
401	270
401	807
401	933
401	995
401	997
402	239
402	562
402	791
402	808
402	987
402	993
403	125
403	229
403	590
403	737
403	975
403	980
404	132
404	407
404	735
404	810
404	924
404	968
405	599
405	751
405	773
405	918
405	970
405	999
406	692
406	744
406	893
406	936
406	939
406	961
407	13
407	271
407	404
407	705
407	868
407	882
408	537
408	682
408	775
408	866
408	876
408	935
409	86
409	383
409	603
409	730
409	875
409	997
410	234
410	443
410	462
410	594
410	881
410	993
411	240
411	273
411	649
411	765
411	970
411	996
412	258
412	816
412	909
412	943
412	978
412	990
413	63
413	142
413	525
413	758
413	803
413	889
414	60
414	261
414	398
414	627
414	827
414	991
415	116
415	693
415	894
415	907
415	933
415	997
416	31
416	579
416	694
416	877
416	995
416	998
417	38
417	524
417	714
417	729
417	820
417	912
418	428
418	610
418	639
418	677
418	948
418	983
419	806
419	934
419	947
419	974
419	981
419	982
420	589
420	675
420	925
420	962
420	966
420	990
421	563
421	757
421	833
421	920
421	963
421	978
422	172
422	770
422	776
422	829
422	831
422	988
423	226
423	360
423	755
423	954
423	959
423	998
424	375
424	793
424	853
424	872
424	895
424	956
425	21
425	516
425	701
425	730
425	794
425	845
426	632
426	754
426	890
426	926
426	951
426	965
427	97
427	446
427	612
427	965
427	973
427	996
428	28
428	418
428	838
428	868
428	920
428	978
429	589
429	750
429	880
429	924
429	926
429	964
430	206
430	294
430	432
430	861
430	970
430	986
431	56
431	150
431	311
431	741
431	954
431	994
432	430
432	616
432	661
432	752
432	835
432	864
433	4
433	458
433	488
433	589
433	993
433	997
434	160
434	858
434	901
434	925
434	962
434	990
435	307
435	441
435	642
435	748
435	788
435	978
436	104
436	638
436	833
436	842
436	862
436	991
437	376
437	496
437	679
437	802
437	814
437	987
438	452
438	799
438	834
438	902
438	995
438	998
439	45
439	673
439	769
439	910
439	966
439	968
440	200
440	557
440	815
440	967
440	980
440	987
441	435
441	797
441	806
441	816
441	969
441	973
442	91
442	195
442	205
442	761
442	926
442	978
443	260
443	410
443	733
443	880
443	967
443	993
444	660
444	769
444	800
444	878
444	957
444	980
445	700
445	743
445	766
445	882
445	919
445	993
446	198
446	427
446	550
446	814
446	883
446	956
447	125
447	774
447	803
447	901
447	911
447	991
448	291
448	366
448	850
448	871
448	986
448	987
449	541
449	698
449	739
449	896
449	918
449	963
450	228
450	381
450	495
450	621
450	773
450	989
451	768
451	902
451	915
451	958
451	974
451	1000
452	324
452	350
452	438
452	665
452	843
452	971
453	612
453	690
453	738
453	862
453	929
453	931
454	173
454	494
454	666
454	903
454	969
454	971
455	752
455	775
455	876
455	883
455	957
455	980
456	191
456	208
456	397
456	643
456	734
456	900
457	148
457	756
457	883
457	885
457	949
457	958
458	98
458	284
458	433
458	886
458	892
458	993
459	183
459	824
459	849
459	868
459	931
459	961
460	193
460	219
460	967
460	973
460	975
460	980
461	505
461	588
461	645
461	693
461	724
461	847
462	307
462	410
462	523
462	808
462	909
462	994
463	756
463	884
463	949
463	958
463	981
463	987
464	217
464	717
464	732
464	850
464	889
464	919
465	752
465	822
465	921
465	929
465	938
465	971
466	20
466	218
466	517
466	760
466	764
466	984
467	75
467	548
467	923
467	939
467	973
467	989
468	150
468	725
468	745
468	897
468	920
468	980
469	794
469	898
469	941
469	953
469	962
469	988
470	233
470	291
470	829
470	857
470	879
470	956
471	127
471	329
471	904
471	928
471	979
471	991
472	63
472	248
472	682
472	728
472	889
472	984
473	767
473	770
473	782
473	896
473	985
473	992
474	12
474	524
474	751
474	884
474	885
474	949
474	958
475	231
475	324
475	483
475	506
475	773
475	896
475	987
476	101
476	133
476	556
476	916
476	968
476	974
476	985
477	16
477	141
477	340
477	669
477	781
477	858
477	975
478	399
478	488
478	573
478	599
478	644
478	798
478	823
479	152
479	483
479	514
479	660
479	698
479	782
479	854
480	731
480	804
480	837
480	847
480	890
480	954
480	972
481	675
481	734
481	882
481	918
481	950
481	960
481	999
482	370
482	586
482	834
482	869
482	877
482	995
482	998
483	227
483	475
483	479
483	514
483	767
483	938
483	989
484	15
484	94
484	557
484	749
484	882
484	920
484	978
485	275
485	712
485	763
485	834
485	870
485	955
485	982
486	39
486	648
486	660
486	737
486	877
486	941
486	991
487	589
487	765
487	856
487	886
487	915
487	932
487	985
488	312
488	433
488	478
488	631
488	819
488	892
488	941
489	188
489	287
489	686
489	754
489	881
489	899
489	934
490	259
490	779
490	792
490	893
490	961
490	969
490	977
491	711
491	879
491	887
491	897
491	906
491	918
491	999
492	561
492	573
492	696
492	802
492	903
492	952
492	977
493	265
493	329
493	629
493	771
493	787
493	821
493	934
494	297
494	318
494	320
494	454
494	820
494	928
494	988
495	25
495	300
495	450
495	694
495	891
495	915
495	981
496	437
496	531
496	670
496	685
496	856
496	940
496	956
497	28
497	110
497	722
497	836
497	861
497	928
497	951
498	282
498	717
498	746
498	760
498	850
498	946
498	984
499	383
499	634
499	712
499	922
499	933
499	937
499	941
500	296
500	607
500	865
500	942
500	946
500	960
500	999
501	41
501	231
501	605
501	678
501	906
501	946
501	994
502	90
502	650
502	735
502	796
502	842
502	862
502	976
503	26
503	99
503	599
503	835
503	877
503	959
503	998
504	277
504	694
504	762
504	928
504	950
504	959
504	982
505	294
505	329
505	461
505	693
505	785
505	851
505	975
506	68
506	397
506	475
506	871
506	942
506	970
506	986
507	762
507	855
507	885
507	959
507	981
507	982
507	998
508	310
508	636
508	654
508	665
508	700
508	750
508	852
509	18
509	578
509	629
509	713
509	874
509	925
509	969
510	249
510	615
510	701
510	768
510	941
510	977
510	999
511	49
511	181
511	561
511	792
511	900
511	908
511	947
512	365
512	703
512	716
512	802
512	807
512	812
512	863
513	756
513	849
513	865
513	885
513	949
513	958
513	970
514	479
514	483
514	677
514	684
514	739
514	902
514	998
515	196
515	600
515	741
515	791
515	831
515	901
515	906
516	285
516	425
516	666
516	794
516	802
516	831
516	929
517	157
517	466
517	867
517	887
517	946
517	961
517	984
518	140
518	289
518	577
518	841
518	888
518	938
518	961
519	529
519	545
519	788
519	827
519	935
519	937
519	939
520	196
520	328
520	398
520	579
520	791
520	834
520	984
521	69
521	365
521	758
521	901
521	920
521	929
521	999
522	38
522	561
522	735
522	762
522	797
522	923
522	989
523	462
523	594
523	687
523	821
523	827
523	935
523	937
524	254
524	417
524	474
524	795
524	927
524	941
524	983
525	260
525	330
525	413
525	704
525	801
525	922
525	933
526	53
526	574
526	805
526	907
526	964
526	989
526	991
527	34
527	117
527	693
527	702
527	710
527	741
527	813
528	223
528	570
528	687
528	884
528	949
528	958
528	975
529	147
529	380
529	519
529	935
529	937
529	982
529	994
530	243
530	304
530	558
530	746
530	790
530	832
530	964
531	496
531	727
531	832
531	901
531	953
531	962
531	990
532	331
532	644
532	646
532	747
532	908
532	961
532	992
533	572
533	865
533	898
533	942
533	966
533	979
533	987
534	52
534	169
534	589
534	697
534	766
534	850
534	974
535	551
535	668
535	685
535	928
535	972
535	982
535	988
536	129
536	347
536	679
536	957
536	980
536	991
536	997
537	316
537	408
537	627
537	800
537	825
537	935
537	937
538	568
538	617
538	812
538	823
538	914
538	968
538	971
539	10
539	749
539	830
539	907
539	929
539	981
539	991
540	600
540	679
540	686
540	872
540	911
540	955
540	975
541	152
541	326
541	449
541	767
541	802
541	896
541	927
542	662
542	692
542	720
542	828
542	845
542	965
542	996
543	2
543	41
543	748
543	855
543	966
543	982
543	998
544	665
544	716
544	723
544	730
544	914
544	972
544	993
545	519
545	917
545	939
545	941
545	944
545	974
545	1000
546	249
546	717
546	817
546	904
546	913
546	921
546	946
547	393
547	624
547	836
547	927
547	966
547	989
547	998
548	124
548	292
548	467
548	598
548	703
548	831
548	903
549	591
549	927
549	940
549	953
549	982
549	995
549	998
550	446
550	671
550	814
550	905
550	964
550	965
550	996
551	535
551	696
551	697
551	700
551	777
551	806
551	919
552	222
552	838
552	880
552	958
552	982
552	995
552	998
553	593
553	625
553	824
553	879
553	979
553	987
553	999
554	292
554	621
554	814
554	855
554	907
554	926
554	971
555	725
555	776
555	856
555	857
555	884
555	924
555	928
556	215
556	476
556	632
556	647
556	846
556	955
556	993
557	3
557	258
557	440
557	484
557	580
557	633
557	826
558	172
558	530
558	592
558	785
558	854
558	917
558	922
559	302
559	736
559	803
559	830
559	895
559	903
559	952
560	14
560	834
560	857
560	959
560	982
560	995
560	998
561	190
561	492
561	511
561	522
561	665
561	802
561	903
562	402
562	658
562	775
562	816
562	909
562	934
562	951
563	282
563	421
563	748
563	832
563	953
563	962
563	990
564	377
564	599
564	759
564	920
564	970
564	986
564	987
565	10
565	181
565	683
565	764
565	912
565	967
565	984
565	994
566	176
566	256
566	646
566	681
566	729
566	895
566	962
566	988
567	195
567	198
567	212
567	269
567	574
567	667
567	738
567	945
568	284
568	538
568	772
568	840
568	846
568	919
568	972
568	977
569	247
569	340
569	739
569	924
569	932
569	943
569	968
569	985
570	528
570	632
570	781
570	885
570	949
570	958
570	966
570	979
571	166
571	360
571	741
571	805
571	808
571	860
571	911
571	915
572	533
572	691
572	853
572	894
572	940
572	948
572	959
572	997
573	478
573	492
573	585
573	715
573	844
573	853
573	971
573	980
574	239
574	526
574	567
574	705
574	707
574	811
574	838
574	843
575	167
575	323
575	699
575	700
575	721
575	840
575	846
575	881
576	726
576	736
576	761
576	907
576	931
576	945
576	960
576	978
577	295
577	327
577	399
577	518
577	903
577	914
577	949
577	952
578	509
578	598
578	731
578	742
578	888
578	923
578	969
578	973
579	224
579	416
579	520
579	753
579	850
579	877
579	887
579	906
580	360
580	557
580	781
580	811
580	906
580	951
580	989
580	994
581	126
581	139
581	583
581	805
581	833
581	868
581	962
581	974
582	800
582	858
582	890
582	894
582	936
582	942
582	954
582	972
583	581
583	623
583	869
583	935
583	970
583	979
583	986
583	999
584	24
584	664
584	727
584	889
584	904
584	934
584	961
584	1000
585	8
585	383
585	392
585	573
585	641
585	833
585	929
585	945
586	47
586	482
586	596
586	689
586	857
586	903
586	965
586	988
587	711
587	726
587	880
587	942
587	961
587	979
587	986
587	987
588	327
588	461
588	655
588	749
588	774
588	980
588	995
588	998
589	85
589	420
589	429
589	433
589	487
589	534
589	880
589	928
590	128
590	403
590	825
590	905
590	922
590	933
590	952
590	953
591	7
591	94
591	549
591	596
591	729
591	730
591	794
591	952
592	558
592	769
592	825
592	845
592	854
592	867
592	910
592	917
593	65
593	553
593	653
593	790
593	945
593	976
593	978
593	982
594	274
594	410
594	523
594	690
594	885
594	911
594	926
594	993
595	116
595	351
595	370
595	657
595	747
595	895
595	956
595	988
596	586
596	591
596	647
596	715
596	798
596	802
596	844
596	954
597	87
597	784
597	800
597	843
597	936
597	954
597	964
597	972
598	548
598	578
598	758
598	877
598	959
598	994
598	995
598	998
599	405
599	478
599	503
599	564
599	918
599	970
599	974
599	979
600	102
600	193
600	515
600	540
600	865
600	948
600	980
600	991
601	690
601	706
601	718
601	873
601	948
601	956
601	964
601	996
602	237
602	802
602	829
602	904
602	928
602	956
602	960
602	988
603	184
603	409
603	663
603	730
603	930
603	934
603	977
603	993
604	117
604	192
604	216
604	645
604	842
604	859
604	870
604	963
605	301
605	374
605	501
605	760
605	859
605	951
605	981
605	991
606	66
606	685
606	687
606	864
606	901
606	920
606	963
606	978
607	500
607	714
607	722
607	787
607	836
607	925
607	969
607	989
608	232
608	297
608	620
608	668
608	869
608	956
608	964
608	988
609	141
609	288
609	703
609	766
609	823
609	898
609	952
609	971
610	86
610	386
610	418
610	789
610	917
610	925
610	941
610	948
611	673
611	769
611	807
611	834
611	943
611	953
611	966
611	985
612	223
612	299
612	393
612	427
612	453
612	667
612	795
612	963
613	189
613	656
613	689
613	836
613	860
613	891
613	946
613	984
614	105
614	292
614	708
614	738
614	894
614	903
614	952
614	971
615	215
615	510
615	637
615	841
615	869
615	880
615	894
615	930
616	29
616	432
616	623
616	698
616	867
616	942
616	960
616	984
616	986
617	123
617	250
617	538
617	702
617	877
617	905
617	943
617	948
617	997
618	168
618	312
618	939
618	961
618	974
618	981
618	983
618	984
618	992
619	345
619	666
619	711
619	740
619	794
619	830
619	863
619	971
619	974
620	29
620	384
620	608
620	692
620	750
620	867
620	960
620	986
620	999
621	450
621	554
621	738
621	810
621	814
621	929
621	935
621	952
621	976
622	105
622	129
622	375
622	637
622	705
622	824
622	854
622	868
622	977
623	56
623	143
623	228
623	583
623	616
623	730
623	914
623	971
623	992
624	547
624	652
624	778
624	834
624	888
624	923
624	936
624	939
624	989
625	553
625	727
625	944
625	968
625	974
625	975
625	981
625	992
625	1000
626	361
626	653
626	668
626	702
626	815
626	895
626	940
626	946
626	956
627	414
627	537
627	707
627	792
627	827
627	866
627	882
627	937
627	952
628	83
628	293
628	398
628	641
628	862
628	874
628	878
628	929
628	976
629	215
629	493
629	509
629	806
629	836
629	861
629	878
629	888
629	923
630	300
630	326
630	330
630	659
630	710
630	788
630	883
630	985
630	991
631	488
631	708
631	814
631	899
631	905
631	919
631	934
631	977
631	989
632	160
632	277
632	426
632	556
632	570
632	766
632	881
632	925
632	993
633	233
633	240
633	557
633	635
633	666
633	721
633	887
633	891
633	994
634	499
634	838
634	841
634	854
634	893
634	910
634	917
634	950
634	997
635	153
635	633
635	744
635	852
635	895
635	944
635	955
635	973
635	1000
636	508
636	774
636	835
636	877
636	945
636	962
636	982
636	995
636	998
637	46
637	85
637	615
637	622
637	659
637	919
637	933
637	934
637	994
638	153
638	436
638	778
638	797
638	861
638	864
638	907
638	923
638	989
639	418
639	748
639	791
639	827
639	866
639	876
639	878
639	937
639	988
640	684
640	756
640	885
640	896
640	897
640	911
640	949
640	958
640	995
641	259
641	585
641	628
641	674
641	796
641	842
641	883
641	901
641	907
642	193
642	229
642	305
642	435
642	746
642	789
642	873
642	965
642	996
643	6
643	98
643	456
643	852
643	859
643	893
643	908
643	927
643	1000
644	29
644	478
644	532
644	829
644	856
644	938
644	939
644	955
644	1000
645	13
645	461
645	604
645	646
645	750
645	819
645	833
645	838
645	968
646	295
646	532
646	566
646	645
646	805
646	828
646	849
646	920
646	976
647	201
647	240
647	556
647	596
647	660
647	813
647	957
647	975
647	991
648	28
648	143
648	250
648	363
648	486
648	770
648	813
648	910
648	940
649	20
649	21
649	396
649	411
649	710
649	753
649	847
649	980
649	991
650	502
650	879
650	893
650	904
650	947
650	951
650	955
650	994
650	1000
651	333
651	815
651	822
651	884
651	904
651	921
651	981
651	987
651	992
652	58
652	624
652	771
652	821
652	888
652	907
652	923
652	954
652	969
653	185
653	262
653	593
653	626
653	828
653	860
653	891
653	946
653	978
654	508
654	707
654	710
654	751
654	773
654	846
654	926
654	977
654	993
655	386
655	588
655	694
655	755
655	799
655	909
655	925
655	982
655	998
656	613
656	753
656	808
656	876
656	891
656	956
656	984
656	994
656	995
657	378
657	595
657	667
657	871
657	875
657	897
657	960
657	986
657	993
658	562
658	841
658	858
658	898
658	913
658	919
658	953
658	962
658	990
659	117
659	224
659	274
659	630
659	637
659	686
659	878
659	901
659	980
660	444
660	479
660	486
660	647
660	803
660	843
660	847
660	967
660	981
661	432
661	879
661	889
661	960
661	979
661	986
661	992
661	995
661	999
662	66
662	542
662	675
662	691
662	785
662	879
662	960
662	987
662	999
663	337
663	603
663	898
663	913
663	925
663	959
663	962
663	980
663	990
664	395
664	584
664	740
664	779
664	844
664	847
664	848
664	915
664	988
664	994
665	295
665	452
665	508
665	544
665	561
665	765
665	830
665	844
665	868
665	997
666	381
666	454
666	516
666	619
666	633
666	730
666	798
666	910
666	981
666	991
667	46
667	375
667	567
667	612
667	657
667	849
667	872
667	907
667	929
667	994
668	334
668	535
668	608
668	626
668	714
668	729
668	870
668	872
668	874
668	939
669	157
669	352
669	477
669	785
669	813
669	858
669	878
669	938
669	980
669	991
670	496
670	706
670	720
670	834
670	839
670	873
670	952
670	964
670	965
670	996
671	550
671	675
671	679
671	710
671	813
671	858
671	975
671	991
671	993
671	998
672	879
672	934
672	942
672	956
672	960
672	970
672	972
672	979
672	987
672	991
673	439
673	611
673	696
673	886
673	924
673	966
673	968
673	981
673	985
673	994
674	225
674	367
674	641
674	905
674	917
674	922
674	941
674	948
674	962
674	983
675	81
675	420
675	481
675	662
675	671
675	830
675	897
675	942
675	987
675	999
676	65
676	202
676	712
676	718
676	789
676	829
676	873
676	964
676	965
676	996
677	115
677	184
677	231
677	418
677	514
677	739
677	767
677	896
677	941
677	951
678	103
678	340
678	373
678	501
678	875
678	897
678	953
678	972
678	979
678	999
679	339
679	437
679	536
679	540
679	671
679	728
679	785
679	858
679	911
679	935
680	227
680	695
680	728
680	838
680	841
680	864
680	907
680	963
680	976
680	978
681	301
681	566
681	731
681	800
681	844
681	890
681	936
681	948
681	954
681	972
682	408
682	472
682	715
682	716
682	736
682	821
682	843
682	844
682	903
682	930
683	233
683	239
683	565
683	820
683	831
683	852
683	906
683	952
683	977
683	994
684	350
684	514
684	640
684	717
684	781
684	791
684	884
684	885
684	949
684	958
685	297
685	345
685	496
685	535
685	606
685	829
685	928
685	960
685	970
685	988
686	359
686	489
686	540
686	659
686	708
686	881
686	903
686	930
686	977
686	993
687	47
687	523
687	528
687	606
687	788
687	839
687	876
687	896
687	935
687	937
688	78
688	90
688	248
688	270
688	728
688	833
688	961
688	963
688	971
688	976
689	586
689	613
689	793
689	820
689	856
689	864
689	912
689	956
689	978
689	988
690	64
690	310
690	453
690	594
690	601
690	806
690	822
690	880
690	908
690	919
691	261
691	572
691	662
691	710
691	807
691	853
691	894
691	910
691	916
691	983
692	391
692	406
692	542
692	620
692	720
692	873
692	956
692	964
692	965
692	996
693	348
693	415
693	461
693	505
693	527
693	883
693	956
693	965
693	980
693	991
694	51
694	171
694	188
694	235
694	416
694	495
694	504
694	655
694	742
694	927
695	49
695	680
695	730
695	744
695	837
695	890
695	936
695	954
695	969
695	972
696	245
696	492
696	551
696	673
696	764
696	880
696	892
696	926
696	947
696	993
697	299
697	534
697	551
697	754
697	849
697	881
697	930
697	989
697	993
697	998
698	121
698	349
698	449
698	479
698	616
698	767
698	773
698	782
698	942
698	959
699	90
699	246
699	306
699	575
699	805
699	849
699	862
699	868
699	963
699	968
700	325
700	445
700	508
700	551
700	575
700	701
700	720
700	849
700	896
700	977
701	74
701	118
701	336
701	425
701	510
701	700
701	736
701	889
701	892
701	951
702	392
702	527
702	617
702	626
702	704
702	777
702	795
702	853
702	950
702	983
703	19
703	84
703	262
703	512
703	548
703	609
703	730
703	747
703	798
703	963
704	101
704	248
704	322
704	525
704	702
704	717
704	728
704	801
704	835
704	998
705	407
705	574
705	622
705	876
705	879
705	901
705	907
705	923
705	931
705	932
706	601
706	670
706	804
706	903
706	918
706	964
706	965
706	972
706	996
706	1000
707	75
707	207
707	214
707	574
707	627
707	654
707	766
707	819
707	899
707	977
708	183
708	334
708	614
708	631
708	686
708	733
708	819
708	901
708	926
708	991
709	43
709	136
709	383
709	794
709	798
709	814
709	864
709	894
709	914
709	952
710	356
710	527
710	630
710	649
710	654
710	671
710	691
710	844
710	943
710	957
710	975
711	491
711	587
711	619
711	763
711	869
711	899
711	918
711	970
711	977
711	986
711	999
712	151
712	485
712	499
712	676
712	758
712	774
712	781
712	959
712	992
712	995
712	998
713	119
713	509
713	759
713	765
713	956
713	969
713	970
713	973
713	985
713	989
713	990
714	100
714	108
714	246
714	256
714	364
714	417
714	607
714	668
714	857
714	895
714	995
715	146
715	573
715	596
715	682
715	730
715	756
715	794
715	864
715	866
715	903
715	982
716	324
716	512
716	544
716	682
716	800
716	812
716	863
716	889
716	915
716	967
716	990
717	111
717	174
717	464
717	498
717	546
717	684
717	704
717	728
717	801
717	889
717	959
718	198
718	601
718	676
718	791
718	841
718	845
718	873
718	893
718	964
718	981
718	996
719	38
719	342
719	376
719	888
719	899
719	909
719	923
719	969
719	973
719	989
719	991
720	247
720	542
720	670
720	692
720	700
720	804
720	858
720	942
720	964
720	965
720	996
721	575
721	633
721	723
721	821
721	888
721	922
721	923
721	969
721	973
721	978
721	989
722	393
722	497
722	607
722	771
722	797
722	818
722	852
722	957
722	973
722	986
722	989
723	544
723	721
723	848
723	900
723	947
723	956
723	957
723	971
723	974
723	992
723	1000
724	51
724	335
724	461
724	803
724	873
724	923
724	935
724	967
724	975
724	980
724	991
725	318
725	468
725	555
725	862
725	868
725	870
725	874
725	894
725	902
725	917
725	976
726	576
726	587
726	746
726	810
726	818
726	886
726	894
726	899
726	916
726	966
726	968
727	132
727	531
727	584
727	625
727	900
727	939
727	946
727	959
727	961
727	981
727	995
728	189
728	371
728	472
728	679
728	680
728	688
728	704
728	717
728	732
728	801
728	849
729	52
729	417
729	566
729	591
729	668
729	793
729	872
729	912
729	940
729	969
729	972
730	217
730	409
730	425
730	544
730	591
730	603
730	623
730	666
730	695
730	703
730	715
731	480
731	578
731	681
731	756
731	777
731	833
731	890
731	936
731	954
731	972
731	998
732	210
732	217
732	248
732	310
732	464
732	728
732	801
732	848
732	889
732	944
732	954
733	167
733	443
733	708
733	765
733	768
733	819
733	892
733	899
733	917
733	927
733	930
734	456
734	481
734	851
734	907
734	913
734	925
734	926
734	931
734	953
734	962
734	990
735	264
735	298
735	404
735	502
735	522
735	743
735	818
735	916
735	932
735	966
735	985
736	149
736	258
736	288
736	396
736	559
736	576
736	682
736	701
736	812
736	814
736	971
737	244
737	250
737	329
737	403
737	486
737	856
737	893
737	949
737	975
737	980
737	991
738	62
738	319
738	453
738	567
738	614
738	621
738	823
738	863
738	879
738	897
738	940
739	136
739	177
739	343
739	449
739	514
739	569
739	677
739	773
739	794
739	896
739	997
740	394
740	619
740	664
740	805
740	822
740	848
740	910
740	938
740	955
740	963
740	992
741	130
741	367
741	431
741	515
741	527
741	571
741	826
741	860
741	888
741	951
741	994
742	82
742	578
742	694
742	821
742	834
742	855
742	877
742	888
742	920
742	922
742	927
742	982
743	170
743	332
743	338
743	445
743	735
743	757
743	916
743	924
743	943
743	963
743	966
743	970
744	378
744	406
744	635
744	695
744	817
744	874
744	915
744	960
744	961
744	974
744	980
744	981
745	139
745	219
745	468
745	760
745	842
745	870
745	890
745	901
745	907
745	963
745	969
745	985
746	322
746	348
746	498
746	530
746	642
746	726
746	873
746	916
746	949
746	964
746	965
746	996
747	112
747	532
747	595
747	703
747	815
747	820
747	872
747	895
747	938
747	940
747	956
747	986
748	16
748	147
748	435
748	543
748	563
748	639
748	830
748	866
748	890
748	935
748	937
748	971
749	104
749	255
749	392
749	484
749	539
749	588
749	800
749	805
749	862
749	870
749	920
749	996
750	4
750	281
750	385
750	429
750	508
750	620
750	645
750	840
750	924
750	926
750	930
750	993
751	72
751	349
751	394
751	405
751	474
751	654
751	886
751	932
751	943
751	966
751	968
751	985
752	395
752	432
752	455
752	465
752	792
752	817
752	822
752	852
752	874
752	889
752	966
752	992
753	253
753	579
753	649
753	656
753	766
753	828
753	905
753	914
753	946
753	951
753	966
753	984
754	122
754	426
754	489
754	697
754	766
754	781
754	848
754	869
754	880
754	926
754	929
754	999
755	2
755	100
755	209
755	236
755	423
755	655
755	760
755	835
755	871
755	927
755	993
755	995
756	457
756	463
756	513
756	640
756	715
756	731
756	760
756	772
756	885
756	927
756	949
756	958
757	26
757	133
757	421
757	743
757	851
757	898
757	913
757	925
757	953
757	962
757	974
757	990
758	32
758	413
758	521
758	598
758	712
758	835
758	845
758	924
758	927
758	959
758	961
758	995
759	33
759	53
759	119
759	564
759	713
759	787
759	861
759	888
759	913
759	973
759	984
759	989
760	244
760	466
760	498
760	605
760	745
760	755
760	756
760	780
760	816
760	891
760	945
760	994
761	306
761	442
761	576
761	824
761	838
761	843
761	854
761	870
761	874
761	882
761	946
761	960
762	32
762	504
762	507
762	522
762	763
762	825
762	881
762	892
762	968
762	982
762	995
762	998
763	42
763	67
763	485
763	711
763	762
763	783
763	799
763	820
763	937
763	976
763	995
763	998
764	145
764	466
764	565
764	696
764	780
764	828
764	887
764	896
764	984
764	987
764	994
764	996
765	411
765	487
765	665
765	713
765	733
765	769
765	886
765	916
765	932
765	966
765	968
765	985
766	103
766	290
766	445
766	534
766	609
766	632
766	707
766	753
766	754
766	787
766	930
766	979
767	120
767	473
767	483
767	541
767	677
767	698
767	773
767	797
767	896
767	930
767	945
767	950
768	177
768	285
768	362
768	372
768	451
768	510
768	733
768	891
768	892
768	933
768	968
768	977
769	439
769	444
769	592
769	611
769	765
769	810
769	923
769	943
769	966
769	968
769	976
769	985
770	100
770	178
770	318
770	422
770	473
770	648
770	895
770	922
770	940
770	948
770	969
770	988
771	330
771	341
771	493
771	652
771	722
771	778
771	888
771	923
771	936
771	955
771	973
771	979
772	59
772	138
772	568
772	756
772	781
772	884
772	885
772	949
772	956
772	958
772	964
772	994
773	231
773	405
773	450
773	475
773	654
773	698
773	739
773	767
773	776
773	782
773	896
773	975
774	151
774	394
774	447
774	588
774	636
774	712
774	783
774	855
774	910
774	959
774	961
774	968
775	347
775	353
775	408
775	455
775	562
775	847
775	911
775	932
775	975
775	980
775	988
775	991
776	108
776	397
776	422
776	555
776	773
776	856
776	912
776	928
776	940
776	951
776	962
776	975
776	988
777	86
777	113
777	134
777	211
777	254
777	551
777	702
777	731
777	901
777	918
777	941
777	983
777	997
778	624
778	638
778	771
778	821
778	861
778	887
778	889
778	891
778	922
778	969
778	973
778	978
778	989
779	490
779	664
779	796
779	852
779	902
779	928
779	935
779	939
779	947
779	952
779	974
779	985
779	1000
780	106
780	760
780	764
780	826
780	839
780	850
780	871
780	906
780	932
780	937
780	946
780	950
780	994
781	219
781	264
781	477
781	570
781	580
781	684
781	712
781	754
781	772
781	884
781	885
781	949
781	958
782	120
782	121
782	308
782	343
782	473
782	479
782	698
782	773
782	807
782	896
782	908
782	941
782	946
783	42
783	101
783	334
783	763
783	774
783	789
783	799
783	816
783	834
783	927
783	946
783	986
783	998
784	94
784	116
784	339
784	597
784	853
784	894
784	902
784	917
784	918
784	933
784	941
784	959
784	997
785	241
785	355
785	361
785	505
785	558
785	662
785	669
785	679
785	827
785	858
785	896
785	957
785	991
786	307
786	382
786	398
786	788
786	804
786	839
786	866
786	875
786	935
786	937
786	946
786	976
786	982
787	390
787	493
787	607
787	759
787	766
787	823
787	834
787	847
787	861
787	918
787	969
787	973
787	989
788	8
788	207
788	263
788	435
788	519
788	630
788	687
788	786
788	876
788	925
788	935
788	937
788	949
789	220
789	267
789	376
789	610
789	642
789	676
789	783
789	804
789	838
789	921
789	964
789	965
789	996
790	299
790	363
790	530
790	593
790	849
790	862
790	874
790	901
790	929
790	931
790	950
790	973
790	992
791	387
791	402
791	515
791	520
791	639
791	684
791	718
791	906
791	909
791	946
791	980
791	984
791	994
792	55
792	157
792	190
792	490
792	511
792	627
792	752
792	900
792	938
792	955
792	968
792	977
792	1000
793	88
793	424
793	689
793	729
793	815
793	829
793	833
793	856
793	857
793	940
793	984
793	991
793	1000
794	346
794	425
794	469
794	516
794	591
794	619
794	709
794	715
794	739
794	843
794	944
794	952
794	986
794	996
795	123
795	201
795	233
795	524
795	612
795	702
795	825
795	843
795	895
795	910
795	933
795	941
795	971
795	983
796	502
796	641
796	779
796	890
796	900
796	902
796	915
796	939
796	953
796	955
796	961
796	981
796	992
796	994
797	146
797	441
797	522
797	638
797	722
797	767
797	822
797	836
797	846
797	849
797	915
797	923
797	969
797	989
798	82
798	380
798	389
798	478
798	596
798	666
798	703
798	709
798	814
798	900
798	912
798	967
798	971
798	987
799	185
799	366
799	438
799	655
799	763
799	783
799	835
799	877
799	906
799	908
799	929
799	978
799	995
799	998
800	49
800	308
800	444
800	537
800	582
800	597
800	681
800	716
800	749
800	837
800	890
800	936
800	954
800	972
801	24
801	33
801	63
801	338
801	385
801	525
801	704
801	717
801	728
801	732
801	857
801	883
801	889
801	946
802	83
802	346
802	437
802	492
802	512
802	516
802	541
802	561
802	596
802	602
802	892
802	952
802	974
802	988
803	73
803	200
803	413
803	447
803	559
803	660
803	724
803	847
803	878
803	894
803	922
803	957
803	967
803	999
804	311
804	348
804	480
804	706
804	720
804	786
804	789
804	831
804	845
804	905
804	965
804	970
804	973
804	996
805	281
805	526
805	571
805	581
805	646
805	699
805	740
805	749
805	811
805	824
805	868
805	907
805	941
805	975
806	1
806	122
806	362
806	419
806	441
806	551
806	629
806	690
806	819
806	926
806	942
806	971
806	977
806	993
807	258
807	261
807	401
807	512
807	611
807	691
807	782
807	854
807	905
807	922
807	925
807	941
807	948
807	999
808	3
808	13
808	73
808	206
808	402
808	462
808	571
808	656
808	850
808	908
808	966
808	984
808	994
808	996
809	134
809	173
809	268
809	331
809	883
809	894
809	904
809	905
809	922
809	935
809	941
809	948
809	990
809	997
810	273
810	358
810	404
810	621
810	726
810	769
810	833
810	916
810	924
810	932
810	942
810	943
810	968
810	985
810	1000
811	44
811	381
811	574
811	580
811	805
811	862
811	892
811	907
811	917
811	931
811	937
811	945
811	963
811	978
811	980
812	154
812	512
812	538
812	716
812	736
812	826
812	852
812	863
812	906
812	913
812	914
812	952
812	969
812	971
812	983
813	34
813	89
813	164
813	212
813	351
813	400
813	527
813	647
813	648
813	669
813	671
813	847
813	888
813	932
813	994
814	268
814	303
814	437
814	446
814	550
814	554
814	621
814	631
814	709
814	736
814	798
814	830
814	843
814	896
814	917
815	325
815	332
815	370
815	440
815	626
815	651
815	747
815	793
815	835
815	857
815	900
815	912
815	937
815	956
815	988
816	188
816	412
816	441
816	562
816	760
816	783
816	826
816	831
816	906
816	909
816	915
816	946
816	965
816	984
816	994
817	32
817	387
817	546
817	744
817	752
817	841
817	842
817	870
817	939
817	947
817	955
817	961
817	967
817	992
817	1000
818	39
818	722
818	726
818	735
818	886
818	908
818	916
818	924
818	932
818	943
818	955
818	957
818	966
818	975
818	985
819	151
819	256
819	274
819	488
819	645
819	707
819	708
819	733
819	806
819	846
819	926
819	934
819	940
819	955
819	993
820	81
820	144
820	417
820	494
820	683
820	689
820	747
820	763
820	856
820	872
820	887
820	912
820	940
820	984
820	988
821	57
821	200
821	304
821	313
821	493
821	523
821	652
821	682
821	721
821	742
821	778
821	836
821	969
821	973
821	989
822	117
822	302
822	323
822	389
822	465
822	651
822	690
822	740
822	752
822	797
822	904
822	921
822	938
822	981
822	1000
823	87
823	302
823	319
823	373
823	478
823	538
823	609
823	738
823	787
823	825
823	843
823	863
823	887
823	914
823	971
824	211
824	386
824	459
824	553
824	622
824	761
824	805
824	838
824	842
824	865
824	900
824	924
824	945
824	976
824	978
825	254
825	537
825	590
825	592
825	762
825	795
825	823
825	854
825	912
825	917
825	922
825	924
825	933
825	941
825	979
826	39
826	78
826	157
826	262
826	557
826	741
826	780
826	812
826	816
826	891
826	926
826	951
826	952
826	978
826	984
826	994
827	156
827	207
827	315
827	318
827	414
827	519
827	523
827	627
827	639
827	785
827	846
827	876
827	930
827	935
827	937
827	984
828	3
828	69
828	150
828	269
828	317
828	542
828	646
828	653
828	753
828	764
828	858
828	859
828	917
828	951
828	994
828	999
829	37
829	100
829	243
829	265
829	291
829	422
829	470
829	602
829	644
829	676
829	685
829	793
829	876
829	921
829	940
829	988
830	44
830	135
830	170
830	247
830	539
830	559
830	619
830	665
830	675
830	748
830	814
830	843
830	864
830	895
830	914
830	952
831	181
831	269
831	359
831	422
831	515
831	516
831	548
831	683
831	804
831	816
831	847
831	859
831	891
831	909
831	951
831	996
832	161
832	230
832	322
832	530
832	531
832	563
832	851
832	898
832	913
832	925
832	951
832	953
832	962
832	983
832	987
832	990
833	190
833	299
833	421
833	436
833	581
833	585
833	645
833	688
833	731
833	793
833	810
833	936
833	945
833	947
833	976
833	984
834	438
834	482
834	485
834	520
834	560
834	611
834	624
834	670
834	742
834	783
834	787
834	835
834	927
834	949
834	959
834	995
835	65
835	317
835	339
835	432
835	503
835	636
835	704
835	755
835	758
835	799
835	815
835	834
835	848
835	959
835	995
835	998
836	17
836	328
836	497
836	547
836	607
836	613
836	629
836	797
836	821
836	861
836	877
836	888
836	946
836	969
836	973
836	997
837	20
837	149
837	159
837	195
837	298
837	480
837	695
837	800
837	860
837	890
837	897
837	936
837	942
837	954
837	972
837	993
838	22
838	36
838	50
838	428
838	552
838	574
838	634
838	645
838	680
838	761
838	789
838	824
838	849
838	863
838	882
838	931
839	60
839	134
839	147
839	197
839	257
839	398
839	670
839	687
839	780
839	786
839	866
839	935
839	937
839	952
839	959
839	998
840	166
840	275
840	323
840	568
840	575
840	750
840	855
840	858
840	881
840	919
840	934
840	947
840	976
840	977
840	982
840	993
840	999
841	25
841	382
841	518
841	615
841	634
841	658
841	680
841	718
841	817
841	908
841	921
841	938
841	944
841	947
841	955
841	992
841	1000
842	113
842	126
842	283
842	436
842	502
842	604
842	641
842	745
842	817
842	824
842	860
842	861
842	882
842	920
842	970
842	973
842	993
843	120
843	319
843	452
843	574
843	597
843	660
843	682
843	761
843	794
843	795
843	814
843	823
843	830
843	863
843	864
843	903
843	914
844	43
844	154
844	250
844	376
844	573
844	596
844	664
844	665
844	681
844	682
844	710
844	863
844	864
844	914
844	952
844	971
844	972
845	17
845	155
845	160
845	220
845	243
845	311
845	358
845	425
845	542
845	592
845	718
845	758
845	804
845	873
845	916
845	964
845	965
846	179
846	199
846	235
846	307
846	385
846	556
846	568
846	575
846	654
846	797
846	819
846	827
846	930
846	958
846	971
846	977
846	993
847	137
847	461
847	480
847	649
847	660
847	664
847	775
847	787
847	803
847	813
847	831
847	878
847	921
847	957
847	975
847	980
847	981
848	234
848	263
848	664
848	723
848	732
848	740
848	754
848	835
848	874
848	900
848	939
848	944
848	955
848	972
848	974
848	992
848	1000
849	50
849	71
849	459
849	513
849	646
849	667
849	697
849	699
849	700
849	728
849	790
849	797
849	838
849	870
849	882
849	901
849	931
849	972
850	9
850	37
850	53
850	106
850	448
850	464
850	498
850	534
850	579
850	780
850	808
850	859
850	878
850	887
850	906
850	933
850	946
850	984
851	161
851	216
851	221
851	344
851	505
851	734
851	757
851	832
851	898
851	908
851	913
851	953
851	954
851	956
851	962
851	972
851	987
851	990
852	55
852	175
852	397
852	508
852	635
852	643
852	683
852	722
852	752
852	779
852	812
852	921
852	924
852	938
852	944
852	955
852	963
852	1000
853	118
853	156
853	424
853	572
853	573
853	691
853	702
853	784
853	905
853	917
853	922
853	932
853	933
853	950
853	961
853	978
853	983
853	997
854	209
854	261
854	479
854	558
854	592
854	622
854	634
854	761
854	807
854	825
854	855
854	910
854	921
854	933
854	941
854	948
854	983
854	997
855	41
855	131
855	158
855	261
855	507
855	543
855	554
855	742
855	774
855	840
855	854
855	887
855	927
855	975
855	982
855	985
855	995
855	998
856	26
856	47
856	182
856	384
856	487
856	496
856	555
856	644
856	689
856	737
856	776
856	793
856	820
856	857
856	912
856	940
856	983
856	988
857	108
857	191
857	470
857	555
857	560
857	586
857	714
857	793
857	801
857	815
857	856
857	891
857	913
857	940
857	956
857	957
857	967
857	984
858	4
858	335
858	434
858	477
858	582
858	658
858	669
858	671
858	679
858	720
858	785
858	828
858	840
858	885
858	911
858	957
858	980
858	991
859	9
859	30
859	181
859	282
859	374
859	604
859	605
859	643
859	828
859	831
859	850
859	906
859	909
859	946
859	948
859	970
859	986
859	994
860	80
860	252
860	297
860	328
860	571
860	613
860	653
860	741
860	837
860	842
860	866
860	887
860	891
860	946
860	949
860	951
860	967
860	984
861	118
861	187
861	430
861	497
861	629
861	638
861	759
861	778
861	787
861	836
861	842
861	888
861	947
861	969
861	973
861	979
861	986
861	989
862	23
862	78
862	242
862	344
862	436
862	453
862	502
862	628
862	699
862	725
862	749
862	790
862	811
862	863
862	919
862	921
862	922
862	954
862	976
863	164
863	302
863	364
863	512
863	619
863	716
863	738
863	812
863	823
863	838
863	843
863	844
863	862
863	864
863	871
863	882
863	971
863	979
863	998
864	124
864	299
864	324
864	379
864	432
864	606
864	638
864	680
864	689
864	709
864	715
864	830
864	843
864	844
864	863
864	914
864	944
864	952
864	971
865	214
865	500
865	513
865	533
865	600
865	824
865	871
865	875
865	879
865	942
865	944
865	960
865	967
865	970
865	977
865	979
865	986
865	987
865	999
866	207
866	257
866	316
866	337
866	374
866	400
866	408
866	627
866	639
866	715
866	748
866	786
866	839
866	860
866	876
866	886
866	935
866	937
866	971
867	74
867	268
867	294
867	517
867	592
867	616
867	620
867	918
867	923
867	941
867	942
867	960
867	970
867	979
867	984
867	986
867	987
867	989
867	999
868	130
868	209
868	407
868	428
868	459
868	581
868	622
868	665
868	699
868	725
868	805
868	901
868	927
868	929
868	954
868	970
868	976
868	983
868	992
869	57
869	199
869	280
869	482
869	583
869	608
869	615
869	711
869	754
869	871
869	879
869	942
869	970
869	976
869	979
869	986
869	987
869	994
869	999
870	130
870	190
870	218
870	386
870	485
870	604
870	668
870	725
870	745
870	749
870	761
870	817
870	849
870	876
870	929
870	930
870	944
870	945
870	977
871	182
871	448
871	506
871	657
871	755
871	780
871	863
871	865
871	869
871	875
871	879
871	897
871	941
871	978
871	979
871	986
871	987
871	993
871	999
872	168
872	230
872	237
872	333
872	361
872	424
872	540
872	667
872	668
872	729
872	747
872	820
872	893
872	895
872	921
872	948
872	956
872	988
872	997
873	601
873	642
873	670
873	676
873	692
873	718
873	724
873	746
873	845
873	876
873	901
873	911
873	947
873	963
873	964
873	965
873	976
873	977
873	996
874	23
874	78
874	204
874	509
874	628
874	668
874	725
874	744
874	752
874	761
874	790
874	848
874	907
874	929
874	945
874	959
874	976
874	978
874	984
874	987
875	89
875	241
875	280
875	294
875	394
875	409
875	657
875	678
875	786
875	865
875	871
875	918
875	942
875	960
875	968
875	979
875	985
875	986
875	987
875	999
876	60
876	197
876	307
876	382
876	408
876	455
876	639
876	656
876	687
876	705
876	788
876	827
876	829
876	866
876	870
876	873
876	908
876	935
876	937
876	976
877	82
877	270
877	342
877	416
877	482
877	486
877	503
877	579
877	598
877	617
877	636
877	742
877	799
877	836
877	892
877	927
877	958
877	959
877	982
877	998
878	34
878	273
878	306
878	347
878	444
878	628
878	629
878	639
878	659
878	669
878	803
878	847
878	850
878	883
878	903
878	911
878	957
878	967
878	982
878	991
879	470
879	491
879	553
879	650
879	661
879	662
879	672
879	705
879	738
879	865
879	869
879	871
879	918
879	942
879	943
879	950
879	986
879	987
879	996
879	999
880	6
880	385
880	429
880	443
880	552
880	587
880	589
880	615
880	690
880	696
880	754
880	892
880	899
880	919
880	926
880	933
880	934
880	941
880	946
880	988
881	48
881	74
881	410
881	489
881	575
881	632
881	686
881	697
881	762
881	840
881	888
881	892
881	899
881	919
881	934
881	940
881	956
881	972
881	976
881	988
882	171
882	204
882	229
882	365
882	407
882	445
882	481
882	484
882	627
882	761
882	838
882	842
882	849
882	863
882	920
882	935
882	945
882	958
882	976
882	978
883	28
883	278
883	335
883	363
883	446
883	455
883	457
883	630
883	641
883	693
883	801
883	809
883	878
883	954
883	957
883	967
883	975
883	980
883	981
883	991
884	88
884	155
884	242
884	264
884	266
884	313
884	463
884	474
884	528
884	555
884	651
884	684
884	772
884	781
884	919
884	949
884	958
884	982
884	985
884	992
884	999
885	189
885	242
885	266
885	375
885	457
885	474
885	507
885	513
885	570
885	594
885	640
885	684
885	756
885	772
885	781
885	858
885	907
885	942
885	949
885	958
885	999
886	276
886	347
886	458
886	487
886	673
886	726
886	751
886	765
886	818
886	866
886	914
886	916
886	924
886	932
886	939
886	943
886	961
886	966
886	968
886	981
886	985
887	108
887	252
887	491
887	517
887	579
887	633
887	764
887	778
887	820
887	823
887	850
887	855
887	860
887	891
887	906
887	909
887	946
887	968
887	984
887	991
887	994
888	518
888	578
888	624
888	629
888	652
888	719
888	721
888	741
888	742
888	759
888	771
888	813
888	836
888	861
888	881
888	903
888	923
888	962
888	963
888	969
888	989
889	33
889	101
889	111
889	142
889	174
889	189
889	371
889	413
889	464
889	472
889	584
889	661
889	701
889	716
889	717
889	732
889	752
889	778
889	801
889	935
889	966
890	276
890	309
890	368
890	426
890	480
890	582
890	681
890	695
890	731
890	745
890	748
890	796
890	800
890	837
890	916
890	936
890	947
890	954
890	972
890	979
890	989
891	166
891	251
891	374
891	495
891	613
891	633
891	653
891	656
891	760
891	768
891	778
891	826
891	831
891	857
891	860
891	887
891	945
891	946
891	951
891	972
891	984
891	992
892	70
892	255
892	369
892	458
892	488
892	696
892	701
892	733
892	762
892	768
892	802
892	811
892	877
892	880
892	881
892	899
892	923
892	926
892	977
892	980
892	986
892	989
893	140
893	167
893	279
893	310
893	406
893	490
893	634
893	643
893	650
893	718
893	737
893	872
893	900
893	908
893	915
893	939
893	951
893	958
893	961
893	963
893	992
893	1000
894	96
894	415
894	572
894	582
894	614
894	615
894	691
894	709
894	725
894	726
894	784
894	803
894	809
894	902
894	905
894	917
894	922
894	933
894	948
894	950
894	983
894	997
895	29
895	36
895	54
895	176
895	178
895	424
895	559
895	566
895	595
895	626
895	635
895	714
895	747
895	770
895	795
895	830
895	872
895	912
895	917
895	928
895	956
895	1000
896	115
896	121
896	136
896	343
896	374
896	449
896	473
896	475
896	541
896	640
896	677
896	687
896	700
896	739
896	764
896	767
896	773
896	782
896	785
896	814
896	929
896	990
897	135
897	199
897	228
897	238
897	468
897	491
897	640
897	657
897	675
897	678
897	738
897	837
897	871
897	898
897	918
897	960
897	970
897	974
897	979
897	986
897	987
897	999
898	84
898	265
898	293
898	320
898	388
898	469
898	533
898	609
898	658
898	663
898	757
898	832
898	851
898	897
898	913
898	914
898	925
898	953
898	962
898	965
898	990
898	998
899	46
899	259
899	274
899	275
899	303
899	379
899	385
899	489
899	631
899	707
899	711
899	719
899	726
899	733
899	880
899	881
899	892
899	906
899	919
899	934
899	956
899	988
899	993
900	6
900	300
900	352
900	456
900	511
900	723
900	727
900	792
900	796
900	798
900	815
900	824
900	848
900	893
900	912
900	921
900	926
900	939
900	945
900	981
900	992
900	994
900	995
901	23
901	73
901	105
901	227
901	434
901	447
901	515
901	521
901	531
901	606
901	641
901	659
901	705
901	708
901	745
901	777
901	790
901	849
901	868
901	873
901	931
901	945
901	978
902	43
902	276
902	279
902	358
902	395
902	438
902	451
902	514
902	725
902	779
902	784
902	796
902	894
902	904
902	938
902	947
902	950
902	961
902	963
902	974
902	981
902	992
902	1000
903	84
903	143
903	232
903	380
903	454
903	492
903	548
903	559
903	561
903	577
903	586
903	614
903	682
903	686
903	706
903	715
903	843
903	878
903	888
903	914
903	947
903	962
903	999
904	42
904	70
904	253
904	352
904	471
904	546
904	584
904	602
904	650
904	651
904	809
904	822
904	902
904	908
904	914
904	915
904	921
904	937
904	939
904	944
904	953
904	955
904	992
905	85
905	279
905	331
905	550
905	590
905	617
905	631
905	674
905	753
905	804
905	807
905	809
905	853
905	894
905	909
905	917
905	933
905	941
905	948
905	950
905	979
905	980
905	997
906	253
906	329
906	372
906	491
906	501
906	515
906	579
906	580
906	683
906	780
906	791
906	799
906	812
906	816
906	850
906	859
906	887
906	899
906	951
906	966
906	984
906	993
906	994
907	171
907	267
907	353
907	415
907	526
907	539
907	554
907	576
907	638
907	641
907	652
907	667
907	680
907	705
907	734
907	745
907	805
907	811
907	874
907	885
907	960
907	963
907	976
908	25
908	79
908	107
908	511
908	532
908	643
908	690
908	782
908	799
908	808
908	818
908	841
908	851
908	876
908	893
908	904
908	944
908	947
908	955
908	961
908	974
908	981
908	992
909	56
909	163
909	236
909	258
909	412
909	462
909	562
909	655
909	719
909	791
909	816
909	831
909	859
909	887
909	905
909	932
909	946
909	951
909	955
909	971
909	984
909	994
909	1000
910	2
910	30
910	286
910	387
910	439
910	592
910	634
910	648
910	666
910	691
910	740
910	774
910	795
910	854
910	917
910	922
910	933
910	940
910	941
910	950
910	955
910	983
910	997
911	15
911	60
911	102
911	141
911	165
911	194
911	213
911	400
911	447
911	540
911	571
911	594
911	640
911	679
911	775
911	858
911	873
911	878
911	964
911	967
911	975
911	980
911	992
912	36
912	265
912	370
912	417
912	565
912	689
912	729
912	776
912	798
912	815
912	820
912	825
912	856
912	895
912	900
912	940
912	947
912	956
912	965
912	970
912	984
912	988
912	997
912	999
913	12
913	234
913	286
913	344
913	388
913	546
913	658
913	663
913	734
913	757
913	759
913	812
913	832
913	851
913	857
913	898
913	925
913	928
913	953
913	962
913	985
913	988
913	990
913	993
914	84
914	285
914	368
914	389
914	538
914	544
914	577
914	623
914	709
914	753
914	812
914	823
914	830
914	843
914	844
914	864
914	886
914	898
914	903
914	904
914	926
914	931
914	966
914	978
915	6
915	86
915	393
915	451
915	487
915	495
915	571
915	664
915	716
915	744
915	796
915	797
915	816
915	893
915	904
915	921
915	936
915	938
915	939
915	944
915	947
915	974
915	989
915	992
916	93
916	95
916	206
916	227
916	476
916	691
916	726
916	735
916	743
916	746
916	765
916	810
916	818
916	845
916	886
916	890
916	924
916	932
916	943
916	962
916	966
916	968
916	987
916	992
917	14
917	194
917	365
917	545
917	558
917	592
917	610
917	634
917	674
917	725
917	733
917	784
917	811
917	814
917	825
917	828
917	853
917	894
917	895
917	905
917	910
917	922
917	936
917	948
917	997
918	208
918	366
918	405
918	449
918	481
918	491
918	599
918	706
918	711
918	777
918	784
918	787
918	867
918	875
918	879
918	897
918	933
918	942
918	960
918	970
918	979
918	987
918	991
918	992
918	999
919	74
919	132
919	148
919	177
919	290
919	336
919	445
919	464
919	551
919	568
919	631
919	637
919	658
919	690
919	840
919	862
919	880
919	881
919	884
919	899
919	930
919	948
919	951
919	957
919	963
919	993
920	19
920	69
920	72
920	186
920	218
920	223
920	275
920	321
920	421
920	428
920	468
920	484
920	521
920	564
920	606
920	646
920	742
920	749
920	842
920	882
920	929
920	945
920	967
920	978
920	982
920	995
921	224
921	263
921	397
921	465
921	546
921	651
921	789
921	822
921	829
921	841
921	847
921	852
921	854
921	862
921	872
921	900
921	904
921	915
921	931
921	944
921	947
921	955
921	959
921	992
921	998
921	1000
922	154
922	211
922	245
922	367
922	499
922	525
922	558
922	590
922	674
922	721
922	742
922	770
922	778
922	803
922	807
922	809
922	825
922	853
922	862
922	894
922	910
922	917
922	930
922	950
922	983
922	997
923	42
923	57
923	237
923	330
923	467
923	522
923	578
923	624
923	629
923	638
923	652
923	705
923	719
923	721
923	724
923	769
923	771
923	797
923	867
923	888
923	892
923	938
923	939
923	965
923	969
923	989
924	91
924	99
924	180
924	292
924	301
924	321
924	349
924	377
924	404
924	429
924	555
924	569
924	673
924	743
924	750
924	758
924	810
924	818
924	824
924	825
924	852
924	886
924	916
924	966
924	968
924	985
925	255
925	320
925	328
925	337
925	373
925	388
925	391
925	420
925	434
925	509
925	607
925	610
925	632
925	655
925	663
925	734
925	757
925	788
925	807
925	832
925	898
925	913
925	953
925	962
925	990
925	992
926	64
926	214
926	426
926	429
926	442
926	554
926	594
926	654
926	696
926	708
926	734
926	750
926	754
926	806
926	819
926	826
926	880
926	892
926	900
926	914
926	930
926	984
926	990
926	993
926	994
926	998
927	45
927	75
927	334
927	377
927	378
927	524
927	541
927	547
927	549
927	643
927	694
927	733
927	742
927	755
927	756
927	758
927	783
927	834
927	855
927	868
927	877
927	951
927	959
927	973
927	974
927	982
927	995
928	26
928	47
928	168
928	178
928	196
928	256
928	260
928	278
928	336
928	350
928	391
928	471
928	494
928	497
928	504
928	535
928	555
928	589
928	602
928	685
928	776
928	779
928	895
928	913
928	940
928	956
928	962
929	109
929	251
929	267
929	453
929	465
929	516
929	521
929	539
929	585
929	621
929	628
929	667
929	754
929	790
929	799
929	868
929	870
929	874
929	896
929	920
929	930
929	945
929	955
929	963
929	976
929	978
929	993
930	17
930	70
930	162
930	183
930	226
930	341
930	346
930	603
930	615
930	682
930	686
930	697
930	733
930	750
930	766
930	767
930	827
930	846
930	870
930	919
930	922
930	926
930	929
930	934
930	960
930	977
930	993
931	83
931	165
931	202
931	216
931	225
931	283
931	357
931	365
931	400
931	453
931	459
931	576
931	705
931	734
931	790
931	811
931	838
931	849
931	901
931	914
931	921
931	936
931	945
931	953
931	958
931	963
931	978
932	91
932	99
932	315
932	321
932	332
932	338
932	357
932	487
932	569
932	705
932	735
932	751
932	765
932	775
932	780
932	810
932	813
932	818
932	853
932	886
932	909
932	916
932	943
932	968
932	979
932	985
932	997
933	14
933	27
933	221
933	237
933	331
933	379
933	401
933	415
933	499
933	525
933	590
933	637
933	768
933	784
933	795
933	825
933	850
933	853
933	854
933	880
933	894
933	905
933	910
933	918
933	948
933	950
933	983
933	996
934	2
934	70
934	184
934	187
934	245
934	310
934	316
934	348
934	419
934	489
934	493
934	562
934	584
934	603
934	631
934	637
934	672
934	819
934	840
934	880
934	881
934	899
934	930
934	949
934	977
934	992
934	993
934	1000
935	16
935	197
935	202
935	257
935	271
935	385
935	408
935	519
935	523
935	529
935	537
935	583
935	621
935	679
935	687
935	724
935	748
935	779
935	786
935	788
935	809
935	827
935	839
935	866
935	876
935	882
935	889
935	937
936	67
936	92
936	115
936	149
936	159
936	179
936	238
936	251
936	308
936	309
936	383
936	406
936	582
936	597
936	624
936	681
936	695
936	731
936	771
936	800
936	833
936	837
936	890
936	915
936	917
936	931
936	954
936	972
937	16
937	109
937	382
937	499
937	519
937	523
937	529
937	537
937	627
937	639
937	687
937	748
937	763
937	780
937	786
937	788
937	811
937	815
937	827
937	839
937	866
937	876
937	904
937	935
937	955
937	967
937	991
937	996
938	281
938	333
938	345
938	362
938	395
938	465
938	483
938	518
938	644
938	669
938	740
938	747
938	792
938	822
938	841
938	852
938	902
938	915
938	923
938	947
938	955
938	957
938	969
938	974
938	981
938	982
938	983
938	1000
939	142
939	147
939	192
939	249
939	333
939	406
939	467
939	519
939	545
939	618
939	624
939	644
939	668
939	727
939	779
939	796
939	817
939	848
939	886
939	893
939	900
939	904
939	915
939	923
939	944
939	953
939	974
939	989
939	1000
940	55
940	144
940	191
940	278
940	286
940	297
940	496
940	549
940	572
940	626
940	648
940	729
940	738
940	747
940	770
940	776
940	793
940	819
940	820
940	829
940	856
940	857
940	881
940	910
940	912
940	928
940	971
940	980
940	988
940	1000
941	30
941	246
941	469
941	486
941	488
941	499
941	510
941	524
941	545
941	610
941	674
941	677
941	777
941	782
941	784
941	795
941	805
941	807
941	809
941	825
941	854
941	867
941	871
941	880
941	905
941	910
941	948
941	950
941	983
941	997
942	76
942	180
942	205
942	340
942	500
942	506
942	533
942	582
942	587
942	616
942	672
942	675
942	698
942	720
942	806
942	810
942	837
942	865
942	867
942	869
942	875
942	879
942	885
942	918
942	944
942	953
942	965
942	986
942	987
942	999
943	77
943	95
943	166
943	213
943	257
943	272
943	301
943	302
943	321
943	364
943	412
943	569
943	611
943	617
943	710
943	743
943	751
943	769
943	810
943	818
943	879
943	886
943	916
943	932
943	952
943	966
943	968
943	983
943	985
943	986
943	999
944	15
944	57
944	96
944	102
944	104
944	205
944	239
944	249
944	254
944	259
944	283
944	545
944	625
944	635
944	732
944	794
944	841
944	848
944	852
944	864
944	865
944	870
944	904
944	908
944	915
944	921
944	939
944	942
944	961
944	981
944	1000
945	53
945	105
945	114
945	119
945	175
945	204
945	357
945	567
945	576
945	585
945	593
945	636
945	760
945	767
945	811
945	824
945	833
945	870
945	874
945	882
945	891
945	900
945	901
945	920
945	929
945	931
945	947
945	967
945	976
945	991
945	998
946	54
946	77
946	159
946	269
946	317
946	498
946	500
946	501
946	517
946	546
946	613
946	626
946	653
946	727
946	753
946	761
946	780
946	782
946	783
946	786
946	791
946	801
946	816
946	836
946	850
946	859
946	860
946	880
946	887
946	891
946	909
947	96
947	107
947	289
947	354
947	419
947	511
947	650
947	696
947	723
947	779
947	817
947	833
947	840
947	841
947	861
947	873
947	890
947	902
947	903
947	908
947	912
947	915
947	921
947	938
947	945
947	961
947	974
947	981
947	992
947	996
947	997
947	1000
948	169
948	184
948	228
948	268
948	284
948	315
948	363
948	418
948	572
948	600
948	601
948	610
948	617
948	674
948	681
948	770
948	807
948	809
948	854
948	859
948	872
948	894
948	905
948	917
948	919
948	933
948	941
948	950
948	952
948	983
948	997
948	999
949	23
949	59
949	88
949	131
949	138
949	155
949	242
949	266
949	457
949	463
949	474
949	513
949	528
949	570
949	577
949	640
949	684
949	737
949	746
949	756
949	772
949	781
949	788
949	834
949	860
949	884
949	885
949	934
949	957
949	958
949	992
949	995
950	30
950	94
950	122
950	128
950	163
950	169
950	180
950	254
950	264
950	323
950	387
950	481
950	504
950	634
950	702
950	767
950	780
950	790
950	853
950	879
950	894
950	902
950	905
950	910
950	922
950	933
950	941
950	948
950	977
950	983
950	993
950	997
951	9
951	194
951	203
951	244
951	252
951	262
951	359
951	426
951	497
951	562
951	580
951	605
951	650
951	677
951	701
951	741
951	753
951	776
951	826
951	828
951	831
951	832
951	860
951	891
951	893
951	906
951	909
951	919
951	927
951	984
951	987
951	994
951	995
952	62
952	135
952	346
952	354
952	380
952	381
952	399
952	492
952	559
952	577
952	590
952	591
952	609
952	614
952	621
952	627
952	670
952	683
952	709
952	779
952	794
952	802
952	812
952	826
952	830
952	839
952	844
952	864
952	943
952	948
952	957
952	981
952	990
953	210
953	216
953	255
953	293
953	296
953	320
953	388
953	391
953	469
953	531
953	549
953	563
953	590
953	611
953	658
953	678
953	734
953	757
953	796
953	832
953	851
953	898
953	904
953	913
953	925
953	931
953	939
953	942
953	962
953	968
953	976
953	985
953	990
954	68
954	81
954	87
954	92
954	149
954	162
954	179
954	183
954	251
954	276
954	309
954	368
954	399
954	423
954	431
954	480
954	582
954	596
954	597
954	652
954	681
954	695
954	731
954	732
954	800
954	837
954	851
954	862
954	868
954	883
954	890
954	936
954	997
955	15
955	96
955	281
955	289
955	312
955	485
955	540
955	556
955	635
955	644
955	650
955	740
955	771
955	792
955	796
955	817
955	818
955	819
955	841
955	848
955	852
955	904
955	908
955	909
955	910
955	921
955	929
955	937
955	938
955	961
955	965
955	977
955	988
955	992
956	36
956	237
956	256
956	278
956	350
956	424
956	446
956	470
956	496
956	595
956	601
956	602
956	608
956	626
956	656
956	672
956	689
956	692
956	693
956	713
956	723
956	747
956	772
956	815
956	851
956	857
956	872
956	881
956	895
956	899
956	912
956	928
956	982
956	988
957	128
957	137
957	165
957	241
957	250
957	287
957	326
957	332
957	351
957	372
957	444
957	455
957	536
957	647
957	710
957	722
957	723
957	785
957	803
957	818
957	847
957	857
957	858
957	878
957	883
957	919
957	938
957	949
957	952
957	961
957	967
957	973
957	975
957	980
958	59
958	88
958	138
958	155
958	242
958	264
958	266
958	292
958	369
958	396
958	451
958	457
958	463
958	474
958	513
958	528
958	552
958	570
958	640
958	684
958	756
958	772
958	781
958	846
958	877
958	882
958	884
958	885
958	893
958	931
958	949
958	970
958	983
958	1000
959	37
959	51
959	80
959	226
959	327
959	394
959	423
959	503
959	504
959	507
959	560
959	572
959	598
959	663
959	698
959	712
959	717
959	727
959	758
959	774
959	784
959	834
959	835
959	839
959	874
959	877
959	921
959	927
959	974
959	979
959	986
959	994
959	995
959	998
960	31
960	58
960	186
960	338
960	340
960	370
960	384
960	481
960	500
960	576
960	602
960	616
960	620
960	657
960	661
960	662
960	672
960	685
960	744
960	761
960	865
960	867
960	875
960	897
960	907
960	918
960	930
960	970
960	979
960	980
960	982
960	986
960	987
960	988
960	999
961	71
961	263
961	314
961	316
961	336
961	371
961	406
961	459
961	490
961	517
961	518
961	532
961	584
961	587
961	618
961	688
961	727
961	744
961	758
961	774
961	796
961	817
961	853
961	886
961	893
961	902
961	908
961	944
961	947
961	955
961	957
961	962
961	974
961	981
961	992
962	8
962	11
962	12
962	210
962	296
962	314
962	391
962	420
962	434
962	469
962	531
962	563
962	566
962	581
962	636
962	658
962	663
962	674
962	734
962	757
962	776
962	832
962	851
962	888
962	898
962	903
962	913
962	916
962	925
962	928
962	953
962	961
962	986
962	990
962	1000
963	5
963	50
963	90
963	212
963	270
963	296
963	306
963	386
963	392
963	421
963	449
963	604
963	606
963	612
963	680
963	688
963	699
963	703
963	740
963	743
963	745
963	811
963	852
963	873
963	888
963	893
963	902
963	907
963	919
963	929
963	931
963	976
963	978
963	981
963	1000
964	72
964	79
964	97
964	107
964	139
964	185
964	243
964	244
964	267
964	322
964	429
964	526
964	530
964	550
964	597
964	601
964	608
964	670
964	676
964	692
964	706
964	718
964	720
964	746
964	772
964	789
964	845
964	873
964	911
964	965
964	976
964	977
964	988
964	996
964	1000
965	97
965	106
965	178
965	185
965	202
965	208
965	304
965	311
965	341
965	358
965	426
965	427
965	542
965	550
965	586
965	642
965	670
965	676
965	692
965	693
965	706
965	720
965	746
965	789
965	804
965	816
965	845
965	873
965	898
965	912
965	923
965	942
965	955
965	964
965	996
966	95
966	99
966	213
966	338
966	349
966	364
966	420
966	439
966	533
966	543
966	547
966	570
966	611
966	673
966	726
966	735
966	743
966	751
966	752
966	753
966	765
966	769
966	808
966	818
966	886
966	889
966	906
966	914
966	916
966	924
966	943
966	968
966	976
966	985
966	1000
967	31
967	39
967	103
967	125
967	127
967	137
967	141
967	194
967	211
967	240
967	287
967	353
967	396
967	399
967	440
967	443
967	460
967	565
967	660
967	716
967	724
967	798
967	803
967	817
967	857
967	860
967	865
967	878
967	883
967	911
967	920
967	937
967	945
967	957
967	975
967	991
967	998
968	19
968	52
968	93
968	113
968	170
968	212
968	272
968	364
968	404
968	439
968	476
968	538
968	569
968	625
968	645
968	673
968	699
968	726
968	751
968	762
968	765
968	768
968	769
968	774
968	792
968	810
968	875
968	886
968	887
968	916
968	924
968	932
968	943
968	953
968	966
968	983
968	985
969	40
969	50
969	110
969	146
969	249
969	278
969	304
969	390
969	393
969	441
969	454
969	490
969	509
969	578
969	607
969	652
969	695
969	713
969	719
969	721
969	729
969	745
969	770
969	778
969	787
969	797
969	812
969	821
969	836
969	861
969	888
969	923
969	938
969	973
969	988
969	989
969	990
970	238
970	298
970	305
970	346
970	373
970	378
970	382
970	389
970	405
970	411
970	430
970	506
970	513
970	564
970	583
970	599
970	672
970	685
970	711
970	713
970	743
970	804
970	842
970	859
970	865
970	867
970	868
970	869
970	897
970	912
970	918
970	958
970	960
970	979
970	986
970	987
970	999
971	21
971	27
971	173
971	294
971	324
971	345
971	376
971	379
971	452
971	454
971	465
971	538
971	554
971	573
971	609
971	614
971	619
971	623
971	688
971	723
971	736
971	748
971	795
971	798
971	806
971	812
971	823
971	844
971	846
971	863
971	864
971	866
971	909
971	940
971	974
971	975
971	990
972	20
972	49
972	67
972	81
972	87
972	92
972	159
972	162
972	179
972	251
972	276
972	308
972	368
972	480
972	535
972	544
972	568
972	582
972	597
972	672
972	678
972	681
972	695
972	706
972	729
972	731
972	800
972	837
972	844
972	848
972	849
972	851
972	881
972	890
972	891
972	936
972	995
972	997
973	18
973	40
973	54
973	83
973	153
973	172
973	313
973	319
973	330
973	342
973	390
973	427
973	441
973	460
973	467
973	578
973	635
973	713
973	719
973	721
973	722
973	759
973	771
973	778
973	787
973	790
973	804
973	821
973	836
973	842
973	861
973	927
973	957
973	969
973	982
973	989
973	990
973	1000
974	71
974	167
974	208
974	218
974	259
974	281
974	282
974	312
974	419
974	451
974	476
974	534
974	545
974	581
974	599
974	618
974	619
974	625
974	723
974	744
974	757
974	779
974	802
974	848
974	897
974	902
974	908
974	915
974	927
974	938
974	939
974	947
974	959
974	961
974	971
974	981
974	992
974	995
975	3
975	4
975	68
975	103
975	127
975	195
975	277
975	288
975	355
975	400
975	403
975	460
975	477
975	505
975	528
975	540
975	625
975	647
975	671
975	710
975	724
975	737
975	773
975	775
975	776
975	805
975	818
975	847
975	855
975	883
975	911
975	957
975	967
975	971
975	978
975	980
975	996
975	998
976	5
976	10
976	130
976	283
976	331
976	375
976	502
976	593
976	621
976	628
976	646
976	680
976	688
976	725
976	763
976	769
976	786
976	824
976	833
976	840
976	862
976	868
976	869
976	873
976	874
976	876
976	881
976	882
976	907
976	929
976	945
976	953
976	963
976	964
976	966
976	978
976	984
976	998
977	17
977	46
977	85
977	95
977	118
977	169
977	187
977	235
977	275
977	369
977	372
977	490
977	492
977	510
977	568
977	603
977	622
977	631
977	654
977	683
977	686
977	700
977	707
977	711
977	768
977	792
977	806
977	840
977	846
977	865
977	870
977	873
977	892
977	930
977	934
977	950
977	955
977	964
977	989
978	44
978	63
978	66
978	69
978	109
978	192
978	368
978	392
978	412
978	421
978	428
978	435
978	442
978	484
978	576
978	593
978	606
978	653
978	680
978	689
978	721
978	778
978	799
978	811
978	824
978	826
978	853
978	871
978	874
978	882
978	901
978	914
978	920
978	929
978	931
978	963
978	975
978	976
978	987
978	996
979	35
979	61
979	76
979	225
979	238
979	305
979	347
979	366
979	384
979	388
979	471
979	533
979	553
979	570
979	583
979	587
979	599
979	661
979	672
979	678
979	766
979	771
979	825
979	861
979	863
979	865
979	867
979	869
979	871
979	875
979	890
979	897
979	905
979	918
979	932
979	959
979	960
979	970
979	987
979	990
979	999
980	44
980	133
980	200
980	241
980	245
980	277
980	280
980	335
980	403
980	440
980	444
980	455
980	460
980	468
980	536
980	573
980	588
980	600
980	649
980	659
980	663
980	669
980	693
980	724
980	737
980	744
980	775
980	791
980	811
980	847
980	858
980	883
980	892
980	905
980	911
980	940
980	957
980	960
980	975
980	991
980	996
981	107
981	129
981	145
981	238
981	271
981	290
981	300
981	303
981	352
981	419
981	463
981	495
981	507
981	539
981	605
981	618
981	625
981	651
981	660
981	666
981	673
981	718
981	727
981	744
981	796
981	822
981	847
981	883
981	886
981	900
981	902
981	908
981	938
981	944
981	947
981	952
981	961
981	963
981	974
981	992
981	1000
982	11
982	45
982	80
982	131
982	151
982	158
982	222
982	226
982	236
982	334
982	377
982	419
982	485
982	504
982	507
982	529
982	535
982	543
982	549
982	552
982	560
982	593
982	636
982	655
982	715
982	742
982	762
982	786
982	840
982	855
982	877
982	878
982	884
982	920
982	927
982	938
982	956
982	960
982	973
982	995
982	997
982	998
983	5
983	48
983	98
983	112
983	114
983	124
983	128
983	134
983	161
983	217
983	246
983	268
983	314
983	315
983	387
983	388
983	418
983	524
983	618
983	674
983	691
983	702
983	777
983	795
983	812
983	832
983	853
983	854
983	856
983	868
983	894
983	910
983	922
983	933
983	938
983	941
983	943
983	948
983	950
983	958
983	968
983	997
984	54
984	111
984	150
984	203
984	206
984	269
984	360
984	466
984	472
984	498
984	517
984	520
984	565
984	613
984	616
984	618
984	656
984	753
984	759
984	764
984	791
984	793
984	808
984	816
984	820
984	826
984	827
984	833
984	850
984	857
984	860
984	867
984	874
984	887
984	891
984	906
984	909
984	912
984	926
984	951
984	976
984	994
984	1000
985	19
985	91
985	93
985	113
985	133
985	140
985	170
985	175
985	213
985	272
985	301
985	306
985	332
985	357
985	473
985	476
985	487
985	569
985	611
985	630
985	673
985	713
985	735
985	745
985	751
985	765
985	769
985	779
985	810
985	818
985	855
985	875
985	884
985	886
985	913
985	924
985	932
985	943
985	953
985	966
985	968
985	995
985	996
986	35
986	61
986	76
986	137
986	222
986	298
986	305
986	333
986	352
986	355
986	378
986	430
986	448
986	506
986	564
986	583
986	587
986	616
986	620
986	657
986	661
986	711
986	722
986	747
986	783
986	794
986	859
986	861
986	865
986	867
986	869
986	871
986	875
986	879
986	892
986	897
986	942
986	943
986	959
986	960
986	962
986	970
986	992
986	994
987	38
987	58
987	119
987	180
987	280
987	288
987	298
987	313
987	373
987	402
987	437
987	440
987	448
987	463
987	475
987	533
987	553
987	564
987	587
987	651
987	662
987	672
987	675
987	764
987	798
987	832
987	851
987	865
987	867
987	869
987	871
987	874
987	875
987	879
987	897
987	916
987	918
987	942
987	951
987	960
987	970
987	978
987	979
987	999
988	109
988	230
988	232
988	260
988	286
988	291
988	318
988	325
988	361
988	395
988	422
988	469
988	494
988	535
988	566
988	586
988	595
988	602
988	608
988	639
988	664
988	685
988	689
988	770
988	775
988	776
988	802
988	815
988	820
988	829
988	856
988	872
988	880
988	881
988	899
988	912
988	913
988	940
988	955
988	956
988	960
988	964
988	969
988	996
988	999
989	18
989	40
989	110
989	172
989	176
989	257
989	313
989	342
989	349
989	390
989	393
989	450
989	467
989	483
989	522
989	526
989	547
989	580
989	607
989	624
989	631
989	638
989	697
989	713
989	719
989	721
989	722
989	759
989	778
989	787
989	797
989	821
989	861
989	867
989	888
989	890
989	892
989	915
989	923
989	939
989	969
989	973
989	977
989	992
989	998
990	8
990	9
990	11
990	12
990	27
990	58
990	161
990	210
990	234
990	255
990	293
990	296
990	320
990	337
990	344
990	354
990	391
990	412
990	420
990	434
990	531
990	563
990	658
990	663
990	713
990	716
990	734
990	757
990	809
990	832
990	851
990	896
990	898
990	913
990	925
990	926
990	952
990	953
990	962
990	969
990	971
990	973
990	979
990	999
990	1000
991	1
991	31
991	73
991	146
991	224
991	266
991	273
991	287
991	351
991	353
991	356
991	363
991	414
991	436
991	447
991	471
991	486
991	526
991	536
991	539
991	600
991	605
991	630
991	647
991	649
991	666
991	669
991	671
991	672
991	693
991	708
991	719
991	724
991	737
991	775
991	785
991	793
991	858
991	878
991	883
991	887
991	918
991	937
991	945
991	967
991	980
992	132
992	140
992	182
992	205
992	271
992	314
992	473
992	532
992	618
992	623
992	625
992	651
992	661
992	712
992	723
992	740
992	752
992	790
992	796
992	817
992	841
992	848
992	868
992	884
992	891
992	893
992	900
992	902
992	904
992	908
992	911
992	915
992	916
992	918
992	921
992	925
992	934
992	947
992	949
992	955
992	961
992	974
992	981
992	986
992	989
992	995
993	1
993	7
993	61
993	176
993	245
993	284
993	309
993	341
993	369
993	402
993	410
993	433
993	443
993	445
993	458
993	544
993	556
993	594
993	603
993	632
993	654
993	657
993	671
993	686
993	696
993	697
993	750
993	755
993	806
993	819
993	837
993	840
993	842
993	846
993	871
993	899
993	906
993	913
993	919
993	926
993	929
993	930
993	934
993	950
993	995
993	997
994	135
994	203
994	244
994	252
994	253
994	282
994	328
994	360
994	431
994	462
994	501
994	529
994	565
994	580
994	598
994	633
994	637
994	650
994	656
994	664
994	667
994	673
994	683
994	741
994	760
994	764
994	772
994	780
994	791
994	796
994	808
994	813
994	816
994	826
994	828
994	859
994	869
994	887
994	900
994	906
994	909
994	926
994	951
994	959
994	984
994	986
994	999
994	1000
995	41
995	75
995	80
995	131
995	158
995	163
995	188
995	204
995	209
995	339
995	392
995	401
995	416
995	438
995	482
995	549
995	552
995	560
995	588
995	598
995	636
995	640
995	656
995	661
995	712
995	714
995	727
995	755
995	758
995	762
995	763
995	799
995	834
995	835
995	855
995	900
995	920
995	927
995	949
995	951
995	959
995	972
995	974
995	982
995	985
995	992
995	993
995	998
996	72
996	76
996	79
996	144
996	160
996	198
996	220
996	229
996	243
996	267
996	290
996	304
996	311
996	322
996	348
996	358
996	411
996	427
996	542
996	550
996	601
996	642
996	670
996	676
996	692
996	706
996	718
996	720
996	746
996	749
996	764
996	789
996	794
996	804
996	808
996	831
996	873
996	879
996	933
996	937
996	947
996	964
996	965
996	975
996	978
996	980
996	985
996	988
997	79
997	98
997	114
997	116
997	156
997	163
997	171
997	201
997	220
997	221
997	246
997	272
997	315
997	367
997	383
997	401
997	409
997	415
997	433
997	536
997	572
997	617
997	634
997	665
997	739
997	777
997	784
997	809
997	836
997	853
997	854
997	872
997	894
997	905
997	910
997	912
997	917
997	922
997	932
997	941
997	947
997	948
997	950
997	954
997	972
997	982
997	983
997	993
997	998
998	45
998	62
998	82
998	222
998	236
998	327
998	377
998	416
998	423
998	438
998	482
998	503
998	507
998	514
998	543
998	547
998	549
998	552
998	560
998	588
998	598
998	636
998	655
998	671
998	697
998	704
998	712
998	731
998	762
998	763
998	783
998	799
998	835
998	839
998	855
998	863
998	877
998	898
998	921
998	926
998	945
998	959
998	967
998	975
998	976
998	982
998	989
998	995
998	997
999	35
999	61
999	112
999	123
999	136
999	186
999	305
999	366
999	384
999	405
999	481
999	491
999	500
999	510
999	521
999	553
999	583
999	620
999	661
999	662
999	675
999	678
999	711
999	754
999	803
999	807
999	828
999	840
999	865
999	867
999	869
999	871
999	875
999	879
999	884
999	885
999	897
999	903
999	912
999	918
999	942
999	943
999	948
999	960
999	970
999	979
999	987
999	988
999	990
999	994
1000	43
1000	71
1000	123
1000	129
1000	145
1000	182
1000	271
1000	291
1000	314
1000	369
1000	451
1000	545
1000	584
1000	625
1000	635
1000	643
1000	644
1000	650
1000	706
1000	723
1000	779
1000	792
1000	793
1000	810
1000	817
1000	822
1000	841
1000	848
1000	852
1000	893
1000	895
1000	902
1000	909
1000	921
1000	934
1000	938
1000	939
1000	940
1000	944
1000	947
1000	958
1000	962
1000	963
1000	964
1000	966
1000	973
1000	981
1000	984
1000	990
1000	994
