1	250
1	747
1	764
1	924
2	685
2	912
2	970
2	988
3	876
3	902
3	930
3	950
4	865
4	900
4	979
4	984
5	394
5	518
5	792
5	863
6	303
6	846
6	886
6	921
7	641
7	900
7	918
7	991
8	881
8	882
8	887
8	996
9	90
9	709
9	895
9	959
10	746
10	918
10	935
10	956
11	713
11	819
11	869
11	1000
12	512
12	645
12	961
12	991
13	249
13	591
13	885
13	957
14	501
14	749
14	955
14	967
15	222
15	448
15	979
15	984
16	279
16	350
16	548
16	927
17	639
17	658
17	679
17	874
18	494
18	740
18	984
18	999
19	806
19	885
19	999
19	1000
20	968
20	969
20	981
20	992
21	413
21	933
21	962
21	963
22	558
22	973
22	986
22	996
23	98
23	608
23	704
23	997
24	157
24	689
24	754
24	922
25	247
25	970
25	995
25	997
26	105
26	426
26	737
26	959
27	313
27	839
27	955
27	967
28	214
28	416
28	926
28	928
29	884
29	928
29	982
29	983
30	436
30	955
30	967
30	999
31	645
31	714
31	722
31	905
32	451
32	779
32	883
32	966
33	949
33	968
33	987
33	992
34	649
34	806
34	999
34	1000
35	827
35	910
35	962
35	963
36	887
36	944
36	980
36	983
37	643
37	686
37	862
37	965
38	715
38	837
38	870
38	942
39	521
39	874
39	975
39	978
40	695
40	763
40	978
40	994
41	444
41	875
41	912
41	993
42	643
42	938
42	976
42	989
43	65
43	752
43	870
43	875
44	474
44	859
44	898
44	918
45	156
45	669
45	841
45	965
46	827
46	910
46	962
46	963
47	581
47	642
47	792
47	819
48	239
48	614
48	727
48	998
49	309
49	700
49	847
49	956
50	821
50	842
50	912
50	954
51	934
51	980
51	982
51	983
52	867
52	934
52	980
52	983
53	882
53	899
53	990
53	996
54	509
54	776
54	879
54	961
55	202
55	760
55	775
55	845
56	524
56	952
56	983
56	994
57	184
57	446
57	788
57	979
58	611
58	849
58	954
58	970
59	523
59	763
59	978
59	994
60	298
60	301
60	872
60	970
61	550
61	557
61	766
61	1000
62	545
62	911
62	913
62	922
63	299
63	701
63	924
63	1000
64	704
64	783
64	931
64	938
65	43
65	670
65	977
65	993
66	772
66	854
66	907
66	992
67	836
67	910
67	962
67	963
68	393
68	617
68	895
68	959
69	639
69	825
69	901
69	994
70	743
70	774
70	958
70	970
71	385
71	538
71	849
71	972
72	298
72	743
72	965
72	988
73	183
73	619
73	717
73	997
74	290
74	596
74	721
74	997
75	932
75	980
75	982
75	983
76	372
76	659
76	806
76	984
77	882
77	973
77	986
77	990
78	253
78	727
78	760
78	965
79	761
79	847
79	900
79	905
80	482
80	703
80	745
80	908
81	846
81	893
81	921
81	960
82	562
82	854
82	932
82	995
83	776
83	832
83	944
83	983
84	151
84	180
84	497
84	795
85	232
85	735
85	885
85	984
86	129
86	362
86	664
86	742
87	161
87	193
87	924
87	980
88	878
88	910
88	962
88	963
89	772
89	939
89	949
89	987
90	9
90	472
90	802
90	959
91	223
91	682
91	828
91	873
92	349
92	602
92	940
92	993
93	475
93	878
93	962
93	963
94	924
94	987
94	999
94	1000
95	100
95	309
95	900
95	956
96	633
96	710
96	883
96	966
97	602
97	628
97	670
97	940
98	23
98	231
98	423
98	989
99	229
99	437
99	790
99	994
100	95
100	273
100	890
100	976
101	749
101	780
101	810
101	976
102	803
102	886
102	893
102	921
103	499
103	859
103	984
103	992
104	257
104	862
104	965
104	975
105	26
105	709
105	711
105	959
106	586
106	906
106	927
106	947
107	953
107	981
107	987
107	992
108	757
108	884
108	972
108	985
109	370
109	617
109	709
109	959
110	417
110	847
110	900
110	961
111	774
111	894
111	940
111	947
112	369
112	839
112	955
112	967
113	851
113	858
113	970
113	977
114	411
114	831
114	955
114	967
115	607
115	748
115	955
115	967
116	884
116	934
116	980
116	982
117	673
117	746
117	805
117	991
118	386
118	798
118	841
118	845
119	154
119	677
119	764
119	812
120	854
120	877
120	976
120	989
121	307
121	874
121	917
121	966
122	713
122	750
122	863
122	869
123	282
123	952
123	978
123	994
124	192
124	395
124	810
124	976
125	210
125	576
125	775
125	964
126	458
126	547
126	577
126	924
127	837
127	933
127	977
127	988
128	887
128	932
128	980
128	982
129	86
129	768
129	914
129	947
130	750
130	792
130	857
130	869
131	206
131	655
131	812
131	957
132	506
132	812
132	923
132	924
133	370
133	463
133	895
133	959
134	801
134	844
134	964
134	975
135	550
135	895
135	941
135	959
136	701
136	766
136	955
136	1000
137	665
137	785
137	787
137	920
138	928
138	944
138	980
138	982
139	181
139	616
139	965
139	998
140	658
140	795
140	964
140	998
141	580
141	762
141	908
141	991
142	530
142	719
142	911
142	994
143	316
143	945
143	973
143	996
144	365
144	731
144	895
144	959
145	487
145	638
145	952
145	958
146	807
146	902
146	929
146	950
147	491
147	838
147	917
147	966
148	556
148	694
148	843
148	974
149	404
149	551
149	904
149	995
150	607
150	885
150	955
150	967
151	84
151	576
151	818
151	845
152	805
152	853
152	879
152	900
153	775
153	786
153	845
153	998
154	119
154	461
154	802
154	959
155	696
155	715
155	849
155	993
156	45
156	462
156	651
156	998
157	24
157	574
157	606
157	913
158	745
158	841
158	974
158	998
159	352
159	955
159	961
159	967
160	385
160	693
160	880
160	933
161	87
161	676
161	979
161	999
162	499
162	860
162	979
162	999
163	550
163	711
163	723
163	959
164	758
164	865
164	881
164	984
165	916
165	936
165	945
165	986
166	274
166	727
166	741
166	862
167	252
167	761
167	919
167	991
168	178
168	939
168	987
168	992
169	310
169	521
169	692
169	825
170	436
170	748
170	934
170	967
171	733
171	824
171	889
171	927
172	535
172	883
172	917
172	966
173	457
173	737
173	873
173	917
174	849
174	871
174	972
174	985
175	973
175	986
175	990
175	996
176	596
176	877
176	937
176	938
177	851
177	941
177	972
177	985
178	168
178	500
178	694
178	974
179	709
179	888
179	925
179	950
180	84
180	965
180	971
180	975
181	139
181	372
181	859
181	960
182	202
182	814
182	888
182	971
183	73
183	275
183	603
183	953
184	57
184	804
184	923
184	984
185	737
185	838
185	883
185	980
186	940
186	942
186	954
186	993
187	380
187	615
187	787
187	920
188	911
188	935
188	951
188	979
189	593
189	654
189	799
189	957
190	359
190	455
190	960
190	984
191	794
191	886
191	893
191	921
192	124
192	507
192	551
192	995
193	87
193	735
193	986
193	1000
194	806
194	924
194	999
194	1000
195	199
195	218
195	283
195	914
196	934
196	980
196	982
196	983
197	657
197	737
197	873
197	966
198	565
198	855
198	944
198	982
199	195
199	826
199	914
199	947
200	430
200	786
200	905
200	908
201	859
201	984
201	991
201	999
202	55
202	182
202	642
202	971
203	910
203	962
203	963
203	986
204	458
204	822
204	896
204	995
205	383
205	716
205	955
205	967
206	131
206	860
206	960
206	979
207	448
207	499
207	923
207	984
208	213
208	453
208	535
208	977
209	802
209	890
209	895
209	959
210	125
210	254
210	964
210	975
211	615
211	691
211	787
211	920
212	949
212	953
212	987
212	992
213	208
213	837
213	933
213	972
214	28
214	786
214	793
214	976
215	912
215	942
215	985
215	986
216	563
216	842
216	851
216	894
217	457
217	868
217	966
217	968
218	195
218	650
218	927
218	947
219	721
219	890
219	896
219	982
220	570
220	747
220	999
220	1000
221	822
221	925
221	926
221	937
222	15
222	718
222	911
222	922
223	91
223	377
223	917
223	966
224	825
224	891
224	952
224	994
225	907
225	948
225	987
225	992
226	709
226	802
226	895
226	959
227	719
227	738
227	891
227	994
228	501
228	839
228	955
228	967
229	99
229	824
229	834
229	978
230	882
230	897
230	943
230	996
231	98
231	646
231	995
231	997
232	85
232	910
232	962
232	963
233	650
233	906
233	927
233	947
234	266
234	555
234	926
234	997
235	498
235	923
235	960
235	999
236	637
236	652
236	665
236	920
237	660
237	888
237	925
237	950
238	588
238	856
238	881
238	990
239	48
239	534
239	895
239	959
240	774
240	833
240	930
240	950
241	552
241	836
241	962
241	963
242	603
242	877
242	892
242	997
243	898
243	918
243	961
243	991
244	648
244	804
244	829
244	957
245	633
245	740
245	778
245	881
246	531
246	913
246	922
246	951
247	25
247	526
247	619
247	995
247	997
248	734
248	846
248	886
248	893
248	921
249	13
249	280
249	780
249	960
249	999
250	1
250	446
250	766
250	999
250	1000
251	622
251	739
251	846
251	893
251	921
252	167
252	573
252	762
252	947
252	991
253	78
253	745
253	762
253	956
253	961
254	210
254	471
254	741
254	797
254	975
255	508
255	605
255	861
255	935
255	946
256	720
256	926
256	938
256	976
256	997
257	104
257	402
257	651
257	820
257	998
258	628
258	655
258	792
258	863
258	869
259	948
259	968
259	981
259	987
259	992
260	842
260	943
260	973
260	986
260	990
261	635
261	784
261	940
261	988
261	993
262	513
262	583
262	876
262	929
262	950
263	768
263	848
263	906
263	927
263	947
264	746
264	905
264	908
264	918
264	991
265	646
265	872
265	938
265	989
265	997
266	234
266	638
266	854
266	858
266	995
267	720
267	877
267	892
267	972
267	997
268	687
268	953
268	981
268	987
268	992
269	484
269	734
269	803
269	886
269	921
270	429
270	432
270	433
270	873
270	966
271	612
271	808
271	904
271	962
271	963
272	608
272	638
272	659
272	926
272	995
273	100
273	589
273	822
273	938
273	989
274	166
274	843
274	844
274	845
274	998
275	183
275	416
275	518
275	788
275	864
276	856
276	903
276	943
276	973
276	990
277	453
277	525
277	871
277	894
277	942
278	513
278	907
278	919
278	968
278	981
279	16
279	695
279	726
279	881
279	889
280	249
280	387
280	527
280	859
280	924
281	714
281	847
281	879
281	908
281	963
282	123
282	676
282	809
282	987
282	992
283	195
283	328
283	488
283	768
283	914
284	504
284	697
284	771
284	792
284	819
285	907
285	953
285	969
285	981
285	987
286	640
286	723
286	775
286	843
286	964
287	909
287	916
287	973
287	990
287	996
288	783
288	948
288	953
288	981
288	992
289	687
289	694
289	964
289	969
289	998
290	74
290	661
290	926
290	966
290	989
291	359
291	498
291	799
291	895
291	979
292	808
292	835
292	878
292	962
292	963
293	435
293	467
293	690
293	785
293	920
294	438
294	527
294	736
294	984
294	1000
295	339
295	357
295	767
295	868
295	966
296	353
296	505
296	578
296	785
296	920
297	598
297	739
297	792
297	819
297	863
298	60
298	72
298	553
298	954
298	985
299	63
299	753
299	915
299	958
299	994
300	467
300	637
300	672
300	883
300	920
301	60
301	940
301	954
301	992
301	993
302	733
302	874
302	958
302	978
302	994
303	6
303	739
303	803
303	886
303	893
304	618
304	860
304	957
304	960
304	1000
305	764
305	865
305	885
305	984
305	1000
306	819
306	909
306	916
306	943
306	990
307	121
307	767
307	868
307	873
307	966
308	537
308	726
308	733
308	789
308	906
309	49
309	95
309	668
309	898
309	991
310	169
310	678
310	823
310	901
310	958
311	625
311	801
311	965
311	971
311	998
312	340
312	584
312	632
312	679
312	978
313	27
313	887
313	980
313	982
313	983
314	421
314	452
314	906
314	914
314	940
315	687
315	723
315	760
315	797
315	974
316	143
316	346
316	989
316	990
316	996
317	800
317	811
317	908
317	953
317	987
318	359
318	670
318	859
318	960
318	1000
319	735
319	768
319	799
319	885
319	999
320	384
320	652
320	785
320	920
320	949
321	518
321	713
321	771
321	826
321	863
322	403
322	803
322	846
322	886
322	921
323	739
323	794
323	886
323	893
323	921
324	695
324	826
324	889
324	927
324	947
325	440
325	974
325	986
325	990
325	996
326	574
326	796
326	935
326	951
326	977
327	515
327	831
327	952
327	955
327	967
328	283
328	781
328	889
328	914
328	927
329	366
329	773
329	977
329	985
329	988
330	919
330	968
330	981
330	987
330	992
331	811
331	815
331	850
331	949
331	969
332	896
332	937
332	976
332	995
332	997
333	695
333	733
333	848
333	889
333	947
334	758
334	868
334	883
334	917
334	966
335	614
335	701
335	814
335	975
335	998
336	736
336	747
336	791
336	829
336	860
337	463
337	866
337	913
337	946
337	951
338	856
338	909
338	943
338	990
338	996
339	295
339	705
339	892
339	937
339	989
340	312
340	532
340	824
340	861
340	994
341	850
341	953
341	968
341	969
341	992
342	537
342	650
342	861
342	906
342	927
343	606
343	647
343	911
343	935
343	946
344	755
344	861
344	911
344	922
344	951
345	500
345	865
345	957
345	960
345	1000
346	316
346	631
346	936
346	946
346	996
347	928
347	944
347	980
347	982
347	983
348	816
348	882
348	943
348	973
348	990
349	92
349	626
349	700
349	837
349	988
350	16
350	650
350	781
350	848
350	947
351	389
351	839
351	878
351	955
351	967
352	159
352	725
352	818
352	831
352	967
353	296
353	637
353	652
353	823
353	920
354	456
354	500
354	964
354	974
354	988
355	522
355	817
355	964
355	965
355	993
356	795
356	964
356	971
356	974
356	975
357	295
357	828
357	868
357	917
357	966
358	928
358	934
358	944
358	982
358	983
359	190
359	291
359	318
359	957
359	1000
360	566
360	759
360	818
360	841
360	975
361	710
361	732
361	903
361	973
361	986
362	86
362	906
362	927
362	930
362	947
363	898
363	900
363	918
363	961
363	991
364	654
364	799
364	897
364	999
364	1000
365	144
365	539
365	711
365	895
365	959
366	329
366	757
366	977
366	985
366	988
367	789
367	870
367	912
367	937
367	993
368	739
368	846
368	893
368	921
368	938
369	112
369	957
369	979
369	984
369	1000
370	109
370	133
370	534
370	731
370	959
371	874
371	881
371	897
371	936
371	986
372	76
372	181
372	536
372	758
372	878
373	429
373	725
373	839
373	955
373	967
374	646
374	788
374	864
374	896
374	989
375	545
375	796
375	913
375	935
375	951
376	708
376	725
376	873
376	955
376	967
377	223
377	682
377	716
377	868
377	917
378	635
378	773
378	795
378	837
378	851
379	790
379	874
379	915
379	952
379	994
380	187
380	637
380	787
380	852
380	920
381	855
381	944
381	980
381	982
381	983
382	779
382	790
382	828
382	917
382	966
383	205
383	748
383	831
383	955
383	967
384	320
384	505
384	785
384	787
384	920
385	71
385	160
385	784
385	851
385	977
386	118
386	697
386	798
386	974
386	975
387	280
387	654
387	766
387	960
387	999
388	833
388	876
388	929
388	930
388	950
389	351
389	839
389	955
389	967
389	979
390	652
390	665
390	785
390	855
390	920
391	624
391	728
391	892
391	969
391	997
392	758
392	841
392	865
392	885
392	984
393	68
393	617
393	709
393	711
393	959
394	5
394	713
394	771
394	819
394	869
395	124
395	822
395	872
395	890
395	995
396	831
396	839
396	955
396	967
396	988
397	740
397	856
397	943
397	990
397	996
398	449
398	801
398	880
398	988
398	993
399	625
399	795
399	797
399	965
399	975
400	822
400	877
400	931
400	937
400	938
401	888
401	929
401	930
401	950
401	964
402	257
402	488
402	843
402	844
402	974
403	322
403	794
403	886
403	893
403	921
403	974
404	149
404	867
404	932
404	944
404	982
404	983
405	636
405	899
405	903
405	909
405	973
405	990
406	442
406	871
406	940
406	941
406	970
406	988
407	620
407	888
407	925
407	929
407	930
407	978
408	838
408	855
408	884
408	928
408	932
408	983
409	754
409	796
409	830
409	911
409	935
409	951
410	706
410	717
410	932
410	944
410	980
410	982
411	114
411	708
411	748
411	831
411	955
411	967
412	649
412	781
412	882
412	903
412	936
412	986
413	21
413	552
413	568
413	910
413	962
413	963
414	613
414	620
414	816
414	856
414	936
414	943
415	667
415	808
415	827
415	878
415	962
415	963
416	28
416	275
416	424
416	690
416	721
416	757
417	110
417	761
417	879
417	898
417	900
417	908
418	882
418	919
418	949
418	968
418	969
418	981
419	442
419	445
419	506
419	723
419	813
419	845
420	733
420	826
420	848
420	914
420	942
420	947
421	314
421	575
421	726
421	906
421	914
421	947
422	574
422	754
422	911
422	922
422	946
422	951
423	98
423	629
423	786
423	809
423	926
423	931
424	416
424	704
424	892
424	926
424	937
424	938
425	620
425	833
425	876
425	925
425	930
425	950
426	26
426	475
426	731
426	895
426	902
426	959
427	884
427	887
427	928
427	932
427	980
427	983
428	620
428	888
428	925
428	929
428	930
428	950
429	270
429	373
429	491
429	564
429	586
429	883
430	200
430	714
430	900
430	905
430	956
430	961
431	488
431	768
431	816
431	889
431	914
431	947
432	270
432	564
432	710
432	873
432	917
432	966
433	270
433	522
433	564
433	684
433	868
433	883
434	948
434	968
434	969
434	981
434	987
434	998
435	293
435	615
435	665
435	672
435	705
435	920
436	30
436	170
436	831
436	905
436	955
436	967
437	99
437	561
437	891
437	915
437	958
437	994
438	294
438	557
438	618
438	627
438	646
438	701
439	907
439	919
439	953
439	969
439	981
439	992
440	325
440	689
440	732
440	965
440	973
440	996
441	745
441	756
441	761
441	805
441	828
441	956
442	406
442	419
442	760
442	775
442	964
442	975
443	453
443	870
443	899
443	933
443	941
443	993
444	41
444	880
444	894
444	954
444	985
444	988
445	419
445	468
445	522
445	560
445	782
445	974
446	57
446	250
446	764
446	923
446	979
446	1000
447	724
447	871
447	894
447	898
447	933
447	970
448	15
448	207
448	479
448	736
448	923
448	999
449	398
449	538
449	920
449	954
449	970
449	988
450	490
450	697
450	843
450	939
450	975
450	998
451	32
451	677
451	860
451	865
451	960
451	979
452	314
452	512
452	726
452	742
452	781
452	906
453	208
453	277
453	443
453	785
453	942
453	977
454	486
454	720
454	721
454	735
454	890
454	976
455	190
455	805
455	898
455	908
455	956
455	991
456	354
456	497
456	576
456	888
456	971
456	998
457	173
457	217
457	779
457	883
457	917
457	966
458	126
458	204
458	791
458	806
458	979
458	1000
459	815
459	850
459	939
459	968
459	981
459	992
460	636
460	649
460	856
460	936
460	986
460	990
461	154
461	593
461	701
461	924
461	999
461	1000
462	156
462	496
462	497
462	687
462	694
462	971
463	133
463	337
463	545
463	830
463	911
463	922
464	861
464	866
464	913
464	946
464	951
464	959
465	582
465	598
465	750
465	819
465	863
465	869
466	623
466	816
466	984
466	986
466	990
466	996
467	293
467	300
467	615
467	785
467	787
467	920
468	445
468	691
468	903
468	943
468	973
468	990
469	874
469	920
469	952
469	958
469	978
469	994
470	645
470	805
470	847
470	879
470	918
470	991
471	254
471	566
471	795
471	820
471	906
471	964
472	90
472	539
472	731
472	802
472	920
472	959
473	605
473	663
473	755
473	766
473	866
473	935
474	44
474	756
474	765
474	879
474	898
474	991
475	93
475	426
475	711
475	731
475	895
475	959
476	509
476	703
476	762
476	853
476	876
476	961
477	556
477	652
477	801
477	965
477	974
477	975
478	597
478	833
478	876
478	929
478	930
478	950
479	448
479	736
479	780
479	812
479	865
479	868
480	546
480	567
480	808
480	878
480	962
480	963
481	797
481	813
481	954
481	974
481	975
481	998
482	80
482	765
482	853
482	893
482	900
482	991
483	663
483	729
483	949
483	968
483	981
483	992
484	269
484	794
484	803
484	846
484	893
484	921
485	584
485	589
485	891
485	915
485	978
485	994
486	454
486	810
486	890
486	976
486	995
486	997
487	145
487	532
487	901
487	915
487	952
487	994
488	283
488	402
488	431
488	914
488	927
488	947
489	932
489	934
489	944
489	980
489	982
489	983
490	450
490	795
490	841
490	845
490	862
490	965
491	147
491	429
491	838
491	880
491	883
491	966
492	907
492	915
492	948
492	969
492	987
492	992
493	734
493	739
493	803
493	886
493	893
493	921
494	18
494	557
494	766
494	780
494	829
494	945
495	511
495	718
495	861
495	911
495	913
495	946
496	462
496	685
496	849
496	880
496	912
496	988
497	84
497	456
497	462
497	616
497	817
497	974
498	235
498	291
498	859
498	943
498	984
498	1000
499	103
499	162
499	207
499	570
499	791
499	1000
500	178
500	345
500	354
500	782
500	801
500	820
501	14
501	228
501	831
501	839
501	955
501	967
502	672
502	689
502	740
502	897
502	973
502	986
503	631
503	649
503	778
503	899
503	986
503	996
504	284
504	582
504	750
504	771
504	869
504	989
505	296
505	384
505	637
505	785
505	787
505	920
506	132
506	419
506	527
506	979
506	999
506	1000
507	192
507	551
507	746
507	877
507	931
507	976
507	989
508	255
508	531
508	664
508	755
508	866
508	922
508	946
509	54
509	476
509	751
509	762
509	879
509	898
509	991
510	592
510	688
510	707
510	836
510	878
510	962
510	963
511	495
511	516
511	579
511	603
511	629
511	749
511	997
512	12
512	452
512	745
512	853
512	918
512	956
512	991
513	262
513	278
513	660
513	833
513	888
513	902
513	950
514	773
514	849
514	852
514	940
514	941
514	988
514	993
515	327
515	640
515	708
515	725
515	748
515	955
515	967
516	511
516	793
516	858
516	931
516	956
516	989
516	995
517	815
517	919
517	939
517	949
517	981
517	987
517	992
518	5
518	275
518	321
518	598
518	750
518	771
518	863
519	540
519	664
519	861
519	911
519	913
519	935
519	946
520	826
520	884
520	928
520	932
520	980
520	982
520	983
521	39
521	169
521	790
521	891
521	952
521	958
521	994
522	355
522	433
522	445
522	651
522	686
522	759
522	975
523	59
523	530
523	561
523	617
523	679
523	824
523	994
524	56
524	593
524	823
524	834
524	891
524	952
524	978
525	277
525	616
525	774
525	933
525	941
525	972
525	985
526	247
526	788
526	896
526	904
526	926
526	937
526	989
527	280
527	294
527	506
527	563
527	979
527	999
527	1000
528	656
528	798
528	817
528	832
528	862
528	964
528	998
529	544
529	912
529	933
529	941
529	977
529	985
529	988
530	142
530	523
530	656
530	738
530	823
530	824
530	901
531	246
531	508
531	606
531	911
531	935
531	946
531	951
532	340
532	487
532	553
532	658
532	719
532	753
532	958
533	619
533	778
533	909
533	945
533	986
533	990
533	996
534	239
534	370
534	709
534	731
534	894
534	895
534	959
535	172
535	208
535	743
535	970
535	977
535	988
535	993
536	372
536	591
536	764
536	791
536	924
536	979
536	999
537	308
537	342
537	826
537	906
537	927
537	947
537	998
538	71
538	449
538	611
538	940
538	954
538	972
538	993
539	365
539	472
539	711
539	731
539	802
539	895
539	959
540	519
540	663
540	683
540	796
540	911
540	922
540	935
541	628
541	775
541	880
541	941
541	970
541	972
541	993
542	773
542	774
542	827
542	852
542	940
542	942
542	970
543	649
543	769
543	812
543	945
543	973
543	990
543	996
544	529
544	821
544	851
544	852
544	940
544	954
544	993
545	62
545	375
545	463
545	683
545	922
545	946
545	951
546	480
546	688
546	836
546	910
546	962
546	963
546	994
547	126
547	630
547	833
547	888
547	902
547	925
547	929
548	16
548	726
548	848
548	889
548	895
548	906
548	947
549	639
549	854
549	904
549	926
549	989
549	995
549	997
550	61
550	135
550	163
550	600
550	802
550	895
550	959
551	149
551	192
551	507
551	857
551	858
551	937
551	989
552	241
552	413
552	559
552	835
552	836
552	878
552	963
553	298
553	532
553	635
553	698
553	871
553	942
553	993
554	671
554	770
554	867
554	934
554	944
554	982
554	983
555	234
555	705
555	858
555	926
555	938
555	995
555	997
556	148
556	477
556	669
556	801
556	818
556	959
556	965
557	61
557	438
557	494
557	727
557	923
557	960
557	1000
558	22
558	661
558	793
558	857
558	864
558	931
558	997
559	552
559	612
559	835
559	843
559	910
559	962
559	963
560	445
560	651
560	775
560	844
560	971
560	975
560	998
561	437
561	523
561	790
561	958
561	978
561	990
561	994
562	82
562	596
562	629
562	717
562	854
562	857
562	904
563	216
563	527
563	757
563	871
563	972
563	977
563	993
564	429
564	432
564	433
564	828
564	868
564	883
564	966
565	198
565	850
565	948
565	968
565	981
565	987
565	992
566	360
566	471
566	741
566	761
566	971
566	975
566	998
567	480
567	827
567	835
567	878
567	910
567	962
567	990
568	413
568	707
568	808
568	827
568	835
568	910
568	963
569	887
569	928
569	944
569	958
569	980
569	982
569	983
570	220
570	499
570	659
570	758
570	769
570	791
570	999
571	834
571	874
571	915
571	952
571	964
571	978
571	994
572	648
572	780
572	835
572	859
572	885
572	957
572	984
573	252
573	703
573	722
573	847
573	905
573	963
573	991
574	157
574	326
574	422
574	664
574	683
574	935
574	946
575	421
575	675
575	807
575	876
575	902
575	925
575	950
576	125
576	151
576	456
576	759
576	775
576	813
576	974
577	126
577	627
577	634
577	653
577	829
577	879
577	999
578	296
578	652
578	665
578	672
578	785
578	787
578	920
579	511
579	590
579	926
579	931
579	976
579	995
579	997
580	141
580	673
580	700
580	722
580	756
580	918
580	991
581	47
581	750
581	771
581	819
581	863
581	869
581	953
582	465
582	504
582	598
582	655
582	819
582	863
582	873
583	262
583	666
583	807
583	888
583	925
583	929
583	995
584	312
584	485
584	874
584	891
584	901
584	958
584	978
585	650
585	695
585	708
585	826
585	848
585	889
585	906
585	927
586	106
586	429
586	710
586	767
586	828
586	838
586	883
586	966
587	807
587	876
587	888
587	902
587	925
587	929
587	930
587	950
588	238
588	613
588	740
588	945
588	973
588	986
588	990
588	996
589	273
589	485
589	738
589	753
589	790
589	915
589	958
589	994
590	579
590	720
590	822
590	931
590	937
590	958
590	976
590	997
591	13
591	536
591	747
591	799
591	944
591	957
591	999
591	1000
592	510
592	623
592	827
592	835
592	836
592	910
592	962
592	963
593	189
593	461
593	524
593	799
593	860
593	923
593	979
593	984
594	661
594	815
594	919
594	939
594	968
594	981
594	987
594	992
595	856
595	903
595	916
595	943
595	945
595	954
595	986
595	996
596	74
596	176
596	562
596	728
596	760
596	786
596	989
596	995
597	478
597	669
597	694
597	723
597	818
597	845
597	971
597	998
598	297
598	465
598	518
598	582
598	642
598	750
598	771
598	819
599	622
599	734
599	794
599	846
599	886
599	893
599	921
599	983
600	550
600	617
600	709
600	711
600	722
600	802
600	895
600	959
601	653
601	882
601	897
601	909
601	945
601	986
601	990
601	996
602	92
602	97
602	670
602	699
602	875
602	912
602	970
602	985
603	183
603	242
603	511
603	646
603	705
603	848
603	892
603	931
604	675
604	787
604	876
604	902
604	925
604	929
604	930
604	950
605	255
605	473
605	804
605	866
605	911
605	913
605	922
605	935
606	157
606	343
606	531
606	671
606	830
606	913
606	946
606	951
607	115
607	150
607	725
607	748
607	839
607	850
607	955
607	967
608	23
608	272
608	786
608	810
608	890
608	937
608	976
608	977
609	673
609	776
609	887
609	934
609	944
609	980
609	982
609	983
610	675
610	876
610	888
610	902
610	929
610	930
610	950
610	966
611	58
611	538
611	693
611	870
611	972
611	977
611	985
611	993
612	271
612	559
612	827
612	836
612	878
612	910
612	940
612	962
613	414
613	588
613	882
613	940
613	943
613	945
613	990
613	996
614	48
614	335
614	669
614	680
614	782
614	801
614	862
614	998
615	187
615	211
615	435
615	467
615	672
615	787
615	920
615	994
616	139
616	497
616	525
616	841
616	844
616	964
616	965
616	998
617	68
617	109
617	393
617	523
617	600
617	802
617	895
617	959
618	304
618	438
618	703
618	736
618	806
618	885
618	924
618	979
619	73
619	247
619	533
619	788
619	877
619	937
619	938
619	989
620	407
620	414
620	425
620	428
620	807
620	888
620	902
620	925
621	735
621	764
621	812
621	829
621	917
621	923
621	957
621	960
622	251
622	599
622	794
622	803
622	846
622	886
622	893
622	921
623	466
623	592
623	881
623	897
623	936
623	973
623	990
623	996
624	391
624	690
624	788
624	925
624	937
624	989
624	995
624	997
625	311
625	399
625	654
625	782
625	818
625	841
625	974
625	975
626	349
626	698
626	699
626	837
626	842
626	894
626	972
626	988
627	438
627	577
627	648
627	659
627	758
627	812
627	957
627	979
628	97
628	258
628	541
628	743
628	842
628	875
628	880
628	972
628	988
629	423
629	511
629	562
629	643
629	857
629	858
629	892
629	903
629	938
630	547
630	666
630	675
630	842
630	888
630	902
630	929
630	930
630	950
631	346
631	503
631	691
631	907
631	936
631	943
631	945
631	986
631	996
632	312
632	840
632	907
632	919
632	948
632	953
632	969
632	981
632	992
633	96
633	245
633	816
633	936
633	943
633	945
633	973
633	986
633	996
634	577
634	677
634	829
634	859
634	924
634	935
634	979
634	999
634	1000
635	261
635	378
635	553
635	752
635	880
635	919
635	942
635	972
635	993
636	405
636	460
636	734
636	769
636	909
636	916
636	936
636	990
636	996
637	236
637	300
637	353
637	380
637	505
637	665
637	672
637	869
637	920
638	145
638	266
638	272
638	872
638	926
638	937
638	976
638	989
638	995
639	17
639	69
639	549
639	901
639	915
639	952
639	958
639	978
639	994
640	286
640	515
640	797
640	798
640	813
640	814
640	818
640	975
640	998
641	7
641	673
641	714
641	729
641	879
641	905
641	956
641	961
641	991
642	47
642	202
642	598
642	655
642	771
642	792
642	819
642	863
642	869
643	37
643	42
643	629
643	749
643	793
643	864
643	896
643	904
643	995
644	678
644	825
644	877
644	891
644	901
644	952
644	958
644	978
644	994
645	12
645	31
645	470
645	714
645	756
645	905
645	908
645	961
645	981
646	231
646	265
646	374
646	438
646	603
646	904
646	931
646	976
646	997
647	343
647	796
647	866
647	911
647	913
647	916
647	922
647	935
647	951
648	244
648	572
648	627
648	791
648	812
648	876
648	957
648	960
648	999
649	34
649	412
649	460
649	503
649	543
649	897
649	916
649	936
649	945
650	218
650	233
650	342
650	350
650	585
650	662
650	848
650	944
650	947
651	156
651	257
651	522
651	560
651	798
651	817
651	820
651	889
651	964
652	236
652	320
652	353
652	390
652	477
652	578
652	672
652	787
652	920
653	577
653	601
653	791
653	812
653	859
653	860
653	984
653	999
653	1000
654	189
654	364
654	387
654	625
654	859
654	865
654	885
654	957
654	979
655	131
655	258
655	582
655	642
655	713
655	771
655	792
655	863
655	869
656	528
656	530
656	727
656	797
656	813
656	818
656	965
656	974
656	998
657	197
657	684
657	716
657	730
657	737
657	828
657	838
657	917
657	966
658	17
658	140
658	532
658	678
658	692
658	753
658	834
658	952
658	978
659	76
659	272
659	570
659	627
659	804
659	812
659	885
659	960
659	1000
660	237
660	513
660	666
660	876
660	888
660	902
660	925
660	929
660	930
661	290
661	558
661	594
661	788
661	822
661	892
661	976
661	995
661	997
662	650
662	688
662	733
662	742
662	826
662	848
662	889
662	906
662	914
663	473
663	483
663	540
663	830
663	866
663	922
663	935
663	946
663	951
664	86
664	508
664	519
664	574
664	683
664	754
664	922
664	946
664	951
665	137
665	236
665	390
665	435
665	578
665	637
665	787
665	920
665	961
666	583
666	630
666	660
666	807
666	880
666	925
666	929
666	930
666	950
667	415
667	800
667	919
667	948
667	949
667	968
667	969
667	987
667	992
668	309
668	702
668	722
668	762
668	847
668	853
668	956
668	961
668	991
669	45
669	556
669	597
669	614
669	795
669	797
669	905
669	971
669	974
670	65
670	97
670	318
670	602
670	784
670	837
670	941
670	942
670	972
671	554
671	606
671	855
671	932
671	934
671	944
671	980
671	982
671	983
672	300
672	435
672	502
672	578
672	615
672	637
672	652
672	785
672	920
673	117
673	580
673	609
673	641
673	761
673	847
673	853
673	961
673	991
674	677
674	763
674	834
674	874
674	891
674	901
674	952
674	978
674	994
675	575
675	604
675	610
675	630
675	833
675	835
675	902
675	925
675	930
675	950
676	161
676	282
676	815
676	939
676	948
676	949
676	968
676	969
676	981
676	992
677	119
677	451
677	634
677	674
677	701
677	860
677	957
677	960
677	979
677	999
678	310
678	644
678	658
678	679
678	692
678	706
678	738
678	874
678	978
678	994
679	17
679	312
679	523
679	678
679	763
679	884
679	891
679	901
679	952
679	958
680	614
680	776
680	832
680	884
680	887
680	928
680	934
680	980
680	982
680	983
681	690
681	854
681	872
681	890
681	904
681	927
681	931
681	989
681	995
681	997
682	91
682	377
682	684
682	764
682	779
682	838
682	873
682	883
682	917
682	966
683	540
683	545
683	574
683	664
683	755
683	796
683	913
683	915
683	946
683	951
684	433
684	657
684	682
684	737
684	767
684	828
684	838
684	873
684	917
684	986
685	2
685	496
685	699
685	724
685	782
685	821
685	849
685	870
685	894
685	985
686	37
686	522
686	759
686	820
686	845
686	943
686	964
686	971
686	974
686	998
687	268
687	289
687	315
687	462
687	727
687	964
687	965
687	971
687	974
687	998
688	510
688	546
688	662
688	707
688	808
688	835
688	878
688	910
688	962
688	963
689	24
689	440
689	502
689	897
689	903
689	916
689	943
689	973
689	990
689	996
690	293
690	416
690	624
690	681
690	896
690	904
690	926
690	976
690	995
690	997
691	211
691	468
691	631
691	732
691	881
691	899
691	909
691	986
691	990
691	996
692	169
692	658
692	678
692	719
692	915
692	952
692	958
692	978
692	985
692	994
693	160
693	611
693	757
693	784
693	792
693	849
693	851
693	894
693	977
693	988
694	148
694	178
694	289
694	462
694	597
694	798
694	862
694	885
694	971
694	974
695	40
695	279
695	324
695	333
695	585
695	781
695	826
695	848
695	927
695	947
696	155
696	766
696	806
696	829
696	865
696	885
696	924
696	957
696	984
696	999
697	284
697	386
697	450
697	798
697	814
697	841
697	844
697	965
697	971
697	998
698	553
698	626
698	842
698	940
698	941
698	942
698	954
698	956
698	972
698	985
699	602
699	626
699	685
699	774
699	789
699	837
699	851
699	905
699	933
699	941
700	49
700	349
700	580
700	745
700	751
700	847
700	900
700	918
700	956
700	991
701	63
701	136
701	335
701	438
701	461
701	677
701	747
701	812
701	960
701	1000
702	668
702	703
702	762
702	847
702	898
702	900
702	918
702	956
702	969
702	991
703	80
703	476
703	573
703	618
703	702
703	722
703	765
703	879
703	961
703	991
704	23
704	64
704	424
704	858
704	864
704	894
704	904
704	938
704	989
704	995
705	339
705	435
705	555
705	603
705	728
705	872
705	896
705	937
705	976
705	989
706	410
706	678
706	832
706	855
706	867
706	928
706	932
706	934
706	980
706	982
706	983
707	510
707	568
707	688
707	762
707	827
707	836
707	878
707	910
707	962
707	963
707	976
708	376
708	411
708	515
708	585
708	725
708	748
708	797
708	831
708	839
708	955
708	967
709	9
709	105
709	109
709	179
709	226
709	393
709	534
709	600
709	711
709	802
709	959
710	96
710	361
710	432
710	586
710	716
710	767
710	779
710	873
710	883
710	917
710	966
711	105
711	163
711	365
711	393
711	475
711	539
711	600
711	709
711	731
711	802
711	1000
712	776
712	867
712	884
712	887
712	928
712	932
712	934
712	980
712	981
712	982
712	983
713	11
713	122
713	321
713	394
713	655
713	750
713	792
713	799
713	819
713	863
713	869
714	31
714	281
714	430
714	641
714	645
714	746
714	770
714	890
714	898
714	961
714	991
715	38
715	155
715	724
715	731
715	752
715	757
715	875
715	933
715	942
715	972
715	988
716	205
716	377
716	657
716	710
716	767
716	779
716	828
716	868
716	873
716	883
716	966
717	73
717	410
717	562
717	788
717	810
717	854
717	857
717	892
717	938
717	995
717	997
718	222
718	495
718	754
718	796
718	830
718	866
718	911
718	922
718	935
718	951
718	991
719	142
719	227
719	532
719	692
719	763
719	823
719	825
719	915
719	949
719	958
719	994
720	256
720	267
720	454
720	590
720	857
720	864
720	872
720	948
720	976
720	995
720	997
721	74
721	219
721	416
721	454
721	926
721	931
721	938
721	976
721	980
721	989
721	997
722	31
722	573
722	580
722	600
722	668
722	703
722	751
722	765
722	900
722	956
722	975
723	163
723	286
723	315
723	419
723	597
723	755
723	775
723	817
723	965
723	975
723	998
724	447
724	685
724	715
724	870
724	880
724	940
724	941
724	971
724	985
724	988
724	993
725	352
725	373
725	376
725	515
725	607
725	708
725	831
725	839
725	955
725	957
725	967
726	279
726	308
726	421
726	452
726	548
726	768
726	826
726	889
726	906
726	937
726	947
727	48
727	78
727	166
727	557
727	656
727	687
727	817
727	820
727	971
727	974
727	998
728	391
728	596
728	705
728	771
728	854
728	877
728	896
728	931
728	937
728	976
728	995
729	483
729	641
729	783
729	800
729	907
729	919
729	948
729	953
729	968
729	969
729	981
730	657
730	770
730	832
730	855
730	867
730	928
730	932
730	980
730	982
730	983
730	985
731	144
731	370
731	426
731	472
731	475
731	534
731	539
731	711
731	715
731	895
731	959
732	361
732	440
732	691
732	897
732	899
732	909
732	943
732	970
732	973
732	986
732	996
733	171
733	302
733	308
733	333
733	420
733	662
733	742
733	768
733	781
733	889
733	906
733	914
734	248
734	269
734	493
734	599
734	636
734	739
734	794
734	803
734	846
734	886
734	893
734	921
735	85
735	193
735	319
735	454
735	621
735	860
735	885
735	903
735	957
735	960
735	984
735	1000
736	294
736	336
736	448
736	479
736	618
736	799
736	860
736	921
736	957
736	960
736	984
736	999
737	26
737	173
737	185
737	197
737	657
737	684
737	828
737	838
737	868
737	873
737	917
737	966
738	227
738	530
738	589
738	678
738	824
738	912
738	914
738	915
738	952
738	958
738	978
738	994
739	251
739	297
739	303
739	323
739	368
739	493
739	734
739	794
739	846
739	886
739	893
739	921
740	18
740	245
740	397
740	502
740	588
740	816
740	881
740	882
740	916
740	936
740	986
740	996
741	166
741	254
741	566
741	795
741	801
741	814
741	817
741	818
741	845
741	913
741	971
741	975
742	86
742	452
742	662
742	733
742	768
742	848
742	889
742	895
742	906
742	914
742	927
742	947
743	70
743	72
743	535
743	628
743	821
743	875
743	879
743	954
743	970
743	972
743	985
743	993
744	809
744	907
744	919
744	939
744	948
744	949
744	953
744	969
744	981
744	987
744	992
744	997
745	80
745	158
745	253
745	441
745	512
745	700
745	756
745	898
745	900
745	908
745	956
745	991
746	10
746	117
746	264
746	507
746	714
746	847
746	853
746	900
746	905
746	908
746	961
746	991
747	1
747	220
747	336
747	591
747	701
747	865
747	924
747	953
747	957
747	979
747	999
747	1000
748	115
748	170
748	383
748	411
748	515
748	607
748	708
748	793
748	831
748	839
748	955
748	967
749	14
749	101
749	511
749	643
749	864
749	872
749	890
749	892
749	904
749	976
749	995
749	997
750	122
750	130
750	465
750	504
750	518
750	581
750	598
750	713
750	771
750	776
750	792
750	869
751	509
751	700
751	722
751	765
751	805
751	853
751	905
751	908
751	938
751	956
751	961
751	991
752	43
752	635
752	715
752	821
752	870
752	901
752	912
752	940
752	942
752	954
752	977
752	985
753	299
753	532
753	589
753	658
753	763
753	834
753	901
753	915
753	928
753	958
753	978
753	994
754	24
754	409
754	422
754	664
754	718
754	830
754	861
754	922
754	935
754	946
754	951
754	971
755	344
755	473
755	508
755	683
755	723
755	796
755	830
755	861
755	866
755	913
755	946
755	951
756	441
756	474
756	580
756	645
756	745
756	853
756	879
756	898
756	905
756	908
756	961
756	996
757	108
757	366
757	416
757	563
757	693
757	715
757	784
757	871
757	883
757	933
757	970
757	993
758	164
758	334
758	372
758	392
758	570
758	627
758	766
758	799
758	812
758	865
758	923
758	999
759	360
759	522
759	576
759	686
759	782
759	797
759	798
759	820
759	952
759	964
759	975
759	998
760	55
760	78
760	315
760	442
760	596
760	782
760	813
760	963
760	965
760	971
760	974
760	998
761	79
761	167
761	417
761	441
761	566
761	673
761	805
761	853
761	908
761	918
761	961
761	991
762	141
762	252
762	253
762	476
762	509
762	668
762	702
762	707
762	805
762	853
762	898
762	956
763	40
763	59
763	674
763	679
763	719
763	753
763	825
763	891
763	952
763	965
763	970
763	978
763	994
764	1
764	119
764	305
764	446
764	536
764	621
764	682
764	791
764	799
764	849
764	923
764	957
764	984
765	474
765	482
765	703
765	722
765	751
765	837
765	847
765	900
765	908
765	918
765	956
765	961
765	991
766	61
766	136
766	250
766	387
766	473
766	494
766	696
766	758
766	804
766	923
766	984
766	999
766	1000
767	295
767	307
767	586
767	684
767	710
767	716
767	779
767	868
767	873
767	909
767	917
767	934
767	966
768	129
768	263
768	283
768	319
768	431
768	726
768	733
768	742
768	781
768	889
768	914
768	927
768	947
769	543
769	570
769	636
769	833
769	881
769	899
769	903
769	909
769	936
769	943
769	986
769	990
769	996
770	554
770	714
770	730
770	832
770	855
770	884
770	887
770	932
770	934
770	944
770	980
770	982
770	983
771	284
771	321
771	394
771	504
771	518
771	581
771	598
771	642
771	655
771	728
771	750
771	863
771	869
772	66
772	89
772	809
772	919
772	948
772	949
772	953
772	957
772	968
772	969
772	981
772	987
772	992
773	329
773	378
773	514
773	542
773	784
773	842
773	871
773	912
773	970
773	972
773	985
773	993
773	995
774	70
774	111
774	240
774	525
774	542
774	699
774	849
774	871
774	940
774	972
774	977
774	985
774	988
775	55
775	125
775	153
775	286
775	442
775	541
775	560
775	576
775	723
775	854
775	862
775	971
775	998
776	54
776	83
776	609
776	680
776	712
776	750
776	867
776	887
776	928
776	934
776	944
776	980
776	983
777	783
777	798
777	800
777	840
777	850
777	924
777	939
777	949
777	968
777	969
777	981
777	987
777	992
778	245
778	503
778	533
778	897
778	899
778	903
778	909
778	916
778	936
778	976
778	986
778	990
778	996
779	32
779	382
779	457
779	682
779	710
779	716
779	767
779	838
779	868
779	873
779	954
779	966
779	996
780	101
780	249
780	479
780	494
780	572
780	791
780	859
780	860
780	885
780	923
780	974
780	979
780	999
781	328
781	350
781	412
781	452
781	695
781	733
781	768
781	848
781	889
781	906
781	914
781	927
781	947
782	445
782	500
782	614
782	625
782	685
782	759
782	760
782	798
782	820
782	844
782	971
782	974
782	998
783	64
783	288
783	729
783	777
783	840
783	907
783	939
783	948
783	949
783	953
783	968
783	987
783	992
784	261
784	385
784	670
784	693
784	757
784	773
784	856
784	970
784	977
784	985
784	988
784	989
784	993
785	137
785	293
785	296
785	320
785	384
785	390
785	453
785	467
785	505
785	578
785	672
785	787
785	920
786	153
786	200
786	214
786	423
786	596
786	608
786	788
786	872
786	877
786	896
786	931
786	938
786	989
787	137
787	187
787	211
787	380
787	384
787	467
787	505
787	578
787	604
787	615
787	652
787	665
787	785
788	57
788	275
788	374
788	526
788	619
788	624
788	661
788	717
788	786
788	854
788	923
788	938
788	989
789	308
789	367
789	699
789	821
789	842
789	894
789	933
789	954
789	970
789	977
789	985
789	988
789	993
790	99
790	379
790	382
790	521
790	561
790	589
790	823
790	874
790	901
790	915
790	952
790	978
790	994
791	336
791	458
791	499
791	536
791	570
791	648
791	653
791	764
791	780
791	804
791	950
791	957
791	984
791	1000
792	5
792	47
792	130
792	258
792	284
792	297
792	642
792	655
792	693
792	713
792	750
792	819
792	863
792	869
793	214
793	516
793	558
793	643
793	748
793	854
793	857
793	864
793	872
793	896
793	926
793	976
793	989
793	995
794	191
794	323
794	403
794	484
794	599
794	622
794	734
794	739
794	803
794	846
794	886
794	893
794	921
794	977
795	84
795	140
795	356
795	378
795	399
795	471
795	490
795	669
795	741
795	813
795	818
795	965
795	972
795	974
796	326
796	375
796	409
796	540
796	647
796	683
796	718
796	755
796	861
796	913
796	922
796	935
796	946
796	973
797	254
797	315
797	399
797	481
797	640
797	656
797	669
797	708
797	759
797	814
797	844
797	964
797	971
797	998
798	118
798	386
798	528
798	640
798	651
798	694
798	697
798	759
798	777
798	782
798	820
798	964
798	965
798	998
799	189
799	291
799	319
799	364
799	591
799	593
799	713
799	736
799	758
799	764
799	829
799	960
799	984
799	1000
800	317
800	667
800	729
800	777
800	811
800	850
800	864
800	907
800	939
800	953
800	968
800	969
800	981
800	987
801	134
801	311
801	398
801	477
801	500
801	556
801	614
801	741
801	843
801	844
801	845
801	965
801	971
801	975
802	90
802	154
802	209
802	226
802	472
802	539
802	550
802	600
802	617
802	709
802	711
802	895
802	959
802	964
803	102
803	269
803	303
803	322
803	484
803	493
803	622
803	734
803	794
803	846
803	886
803	893
803	912
803	921
804	184
804	244
804	605
804	659
804	766
804	791
804	844
804	865
804	885
804	923
804	924
804	957
804	979
804	984
805	117
805	152
805	441
805	455
805	470
805	751
805	761
805	762
805	879
805	905
805	918
805	931
805	956
805	991
806	19
806	34
806	76
806	194
806	458
806	618
806	696
806	812
806	859
806	924
806	929
806	979
806	984
806	999
807	146
807	575
807	583
807	587
807	620
807	666
807	833
807	876
807	887
807	902
807	925
807	929
807	930
807	950
808	271
808	292
808	415
808	480
808	568
808	688
808	835
808	836
808	867
808	878
808	910
808	962
808	963
808	979
809	282
809	423
809	744
809	772
809	815
809	850
809	907
809	939
809	948
809	949
809	969
809	981
809	987
809	992
810	101
810	124
810	486
810	608
810	717
810	854
810	872
810	890
810	904
810	976
810	989
810	990
810	995
810	997
811	317
811	331
811	800
811	840
811	870
811	939
811	948
811	949
811	953
811	968
811	969
811	981
811	987
811	992
812	119
812	131
812	132
812	479
812	543
812	621
812	627
812	648
812	653
812	659
812	701
812	758
812	806
812	979
812	999
813	419
813	481
813	576
813	640
813	656
813	760
813	795
813	814
813	841
813	843
813	928
813	974
813	975
813	991
813	998
814	182
814	335
814	640
814	697
814	741
814	797
814	813
814	817
814	818
814	938
814	964
814	971
814	974
814	975
814	998
815	331
815	459
815	517
815	594
815	676
815	809
815	840
815	919
815	939
815	948
815	951
815	953
815	969
815	987
815	992
816	348
816	414
816	431
816	466
816	633
816	740
816	856
816	875
816	882
816	899
816	903
816	916
816	945
816	973
816	986
817	355
817	497
817	528
817	651
817	723
817	727
817	741
817	814
817	841
817	862
817	871
817	964
817	971
817	974
817	998
818	151
818	352
818	360
818	556
818	597
818	625
818	640
818	656
818	741
818	795
818	814
818	843
818	965
818	975
818	998
819	11
819	47
819	284
819	297
819	306
819	394
819	465
819	581
819	582
819	598
819	642
819	713
819	792
819	863
819	869
820	257
820	471
820	500
820	651
820	686
820	727
820	759
820	782
820	798
820	847
820	964
820	971
820	974
820	975
820	998
821	50
821	544
821	685
821	743
821	752
821	789
821	842
821	849
821	870
821	954
821	970
821	972
821	977
821	988
821	993
822	204
822	221
822	273
822	395
822	400
822	590
822	661
822	840
822	858
822	890
822	896
822	938
822	976
822	989
822	995
823	310
823	353
823	524
823	530
823	719
823	790
823	824
823	834
823	874
823	891
823	901
823	952
823	958
823	978
823	994
824	171
824	229
824	340
824	523
824	530
824	738
824	823
824	825
824	834
824	874
824	891
824	952
824	958
824	978
824	994
825	69
825	169
825	224
825	644
825	719
825	763
825	824
825	891
825	901
825	912
825	915
825	952
825	978
825	994
825	1000
826	199
826	321
826	324
826	420
826	520
826	537
826	585
826	662
826	695
826	726
826	889
826	906
826	914
826	927
826	947
827	35
827	46
827	415
827	542
827	567
827	568
827	592
827	612
827	707
827	835
827	836
827	878
827	910
827	962
827	963
828	91
828	357
828	382
828	441
828	564
828	586
828	657
828	684
828	716
828	737
828	838
828	873
828	883
828	917
828	966
829	244
829	336
829	494
829	577
829	621
829	634
829	696
829	799
829	839
829	957
829	960
829	979
829	984
829	999
829	1000
830	409
830	463
830	606
830	663
830	718
830	754
830	755
830	861
830	866
830	901
830	911
830	913
830	946
830	951
830	998
831	114
831	327
831	352
831	383
831	396
831	411
831	436
831	501
831	708
831	725
831	748
831	839
831	944
831	955
831	967
832	83
832	528
832	680
832	706
832	730
832	770
832	855
832	884
832	887
832	928
832	932
832	934
832	944
832	980
832	982
832	983
833	240
833	388
833	425
833	478
833	513
833	547
833	675
833	769
833	807
833	876
833	888
833	902
833	925
833	929
833	930
833	950
834	229
834	524
834	571
834	658
834	674
834	753
834	823
834	824
834	862
834	889
834	901
834	915
834	952
834	958
834	978
834	994
835	292
835	552
835	559
835	567
835	568
835	572
835	592
835	675
835	688
835	808
835	827
835	836
835	878
835	910
835	962
835	963
836	67
836	241
836	510
836	546
836	552
836	592
836	612
836	707
836	808
836	827
836	835
836	878
836	910
836	962
836	963
836	967
837	38
837	127
837	213
837	349
837	378
837	626
837	670
837	699
837	765
837	912
837	941
837	942
837	970
837	977
837	988
837	993
838	147
838	185
838	408
838	491
838	586
838	657
838	682
838	684
838	737
838	779
838	828
838	859
838	868
838	873
838	917
838	966
839	27
839	112
839	228
839	351
839	373
839	389
839	396
839	501
839	607
839	708
839	725
839	748
839	829
839	831
839	955
839	967
840	632
840	777
840	783
840	811
840	815
840	822
840	939
840	948
840	949
840	953
840	968
840	969
840	981
840	987
840	992
840	1000
841	45
841	118
841	158
841	360
841	392
841	490
841	616
841	625
841	697
841	813
841	817
841	862
841	904
841	964
841	965
841	971
842	50
842	216
842	260
842	626
842	628
842	630
842	698
842	773
842	789
842	821
842	912
842	933
842	940
842	942
842	954
842	972
842	988
843	148
843	274
843	286
843	402
843	450
843	559
843	801
843	813
843	818
843	844
843	964
843	965
843	971
843	974
843	975
843	976
843	998
844	134
844	274
844	402
844	560
844	616
844	697
844	782
844	797
844	801
844	804
844	843
844	862
844	926
844	964
844	965
844	971
844	998
845	55
845	118
845	151
845	153
845	274
845	419
845	490
845	597
845	686
845	741
845	801
845	865
845	913
845	964
845	965
845	971
845	998
846	6
846	81
846	248
846	251
846	322
846	368
846	484
846	599
846	622
846	734
846	739
846	794
846	803
846	886
846	893
846	921
846	968
847	49
847	79
847	110
847	281
847	470
847	573
847	668
847	673
847	700
847	702
847	746
847	765
847	820
847	918
847	956
847	961
847	991
848	263
848	333
848	350
848	420
848	548
848	585
848	603
848	650
848	662
848	695
848	742
848	781
848	869
848	906
848	914
848	927
848	947
849	58
849	71
849	155
849	174
849	496
849	514
849	685
849	693
849	764
849	774
849	821
849	852
849	870
849	950
849	954
849	977
849	993
850	331
850	341
850	459
850	565
850	607
850	777
850	800
850	809
850	919
850	939
850	948
850	949
850	953
850	961
850	968
850	969
850	987
851	113
851	177
851	216
851	378
851	385
851	544
851	693
851	699
851	880
851	933
851	941
851	972
851	977
851	985
851	988
851	993
851	997
852	380
852	514
852	542
852	544
852	849
852	875
852	912
852	933
852	941
852	942
852	954
852	967
852	970
852	972
852	985
852	988
852	993
853	152
853	476
853	482
853	512
853	668
853	673
853	746
853	751
853	756
853	761
853	762
853	866
853	905
853	918
853	956
853	961
853	981
854	66
854	82
854	120
854	266
854	549
854	562
854	681
854	717
854	728
854	775
854	788
854	793
854	810
854	857
854	892
854	896
854	931
854	997
855	198
855	381
855	390
855	408
855	671
855	706
855	730
855	770
855	832
855	867
855	884
855	928
855	932
855	934
855	944
855	980
855	982
855	983
856	238
856	276
856	338
856	397
856	414
856	460
856	595
856	784
856	816
856	881
856	897
856	899
856	909
856	916
856	945
856	986
856	990
856	996
857	130
857	551
857	558
857	562
857	629
857	717
857	720
857	793
857	854
857	877
857	892
857	904
857	923
857	937
857	938
857	976
857	989
857	997
858	113
858	266
858	516
858	551
858	555
858	629
858	704
858	822
858	864
858	872
858	877
858	896
858	904
858	926
858	937
858	989
858	993
858	995
859	44
859	103
859	181
859	201
859	280
859	318
859	498
859	572
859	634
859	653
859	654
859	780
859	806
859	838
859	860
859	923
859	999
859	1000
860	162
860	206
860	304
860	336
860	451
860	593
860	653
860	677
860	735
860	736
860	780
860	859
860	923
860	932
860	960
860	979
860	994
860	1000
861	255
861	340
861	342
861	344
861	464
861	495
861	519
861	754
861	755
861	796
861	830
861	866
861	911
861	913
861	922
861	935
861	946
861	951
862	37
862	104
862	166
862	490
862	528
862	614
862	694
862	775
862	817
862	834
862	841
862	844
862	945
862	964
862	965
862	971
862	974
862	998
863	5
863	122
863	258
863	297
863	321
863	465
863	518
863	581
863	582
863	642
863	655
863	713
863	771
863	792
863	819
863	869
863	902
863	924
864	275
864	374
864	558
864	643
864	704
864	720
864	749
864	793
864	800
864	858
864	892
864	931
864	938
864	973
864	976
864	989
864	995
864	997
865	4
865	164
865	305
865	345
865	392
865	451
865	479
865	654
865	696
865	747
865	758
865	804
865	845
865	923
865	960
865	984
865	999
865	1000
866	337
866	464
866	473
866	508
866	605
866	647
866	663
866	718
866	755
866	830
866	853
866	861
866	913
866	922
866	935
866	946
866	951
866	975
867	52
867	404
867	554
867	706
867	712
867	730
867	776
867	808
867	855
867	884
867	887
867	928
867	932
867	934
867	941
867	980
867	982
867	983
868	217
868	295
868	307
868	334
868	357
868	377
868	433
868	479
868	564
868	716
868	737
868	767
868	779
868	838
868	873
868	883
868	917
868	966
869	11
869	122
869	130
869	258
869	394
869	465
869	504
869	581
869	637
869	642
869	655
869	713
869	750
869	771
869	792
869	819
869	848
869	863
870	38
870	43
870	367
870	443
870	611
870	685
870	724
870	752
870	811
870	821
870	849
870	875
870	880
870	933
870	940
870	941
870	977
870	984
870	985
871	174
871	277
871	406
871	447
871	553
871	563
871	757
871	773
871	774
871	817
871	875
871	880
871	894
871	917
871	933
871	940
871	941
871	954
871	985
872	60
872	265
872	395
872	638
872	681
872	705
872	720
872	749
872	786
872	793
872	810
872	858
872	890
872	904
872	931
872	989
872	993
872	995
872	997
873	91
873	173
873	197
873	270
873	307
873	376
873	432
873	582
873	682
873	684
873	710
873	716
873	737
873	767
873	779
873	828
873	838
873	868
873	966
874	17
874	39
874	121
874	302
874	371
874	379
874	469
874	571
874	584
874	674
874	678
874	790
874	823
874	824
874	901
874	915
874	958
874	978
874	994
875	41
875	43
875	602
875	628
875	715
875	743
875	816
875	852
875	870
875	871
875	880
875	891
875	942
875	954
875	970
875	972
875	985
875	988
875	993
876	3
876	262
876	388
876	425
876	476
876	478
876	575
876	587
876	604
876	610
876	648
876	660
876	807
876	833
876	902
876	925
876	929
876	930
876	950
877	120
877	176
877	242
877	267
877	400
877	507
877	619
877	644
877	728
877	786
877	857
877	858
877	890
877	892
877	896
877	914
877	931
877	989
877	995
877	997
878	88
878	93
878	292
878	351
878	372
878	415
878	480
878	510
878	552
878	567
878	612
878	688
878	707
878	808
878	827
878	835
878	836
878	910
878	962
878	963
879	54
879	152
879	281
879	417
879	470
879	474
879	509
879	577
879	641
879	703
879	743
879	756
879	805
879	898
879	900
879	905
879	908
879	956
879	961
879	991
880	160
880	398
880	444
880	491
880	496
880	541
880	628
880	635
880	666
880	724
880	851
880	870
880	871
880	875
880	894
880	933
880	941
880	977
880	985
880	993
881	8
881	164
881	238
881	245
881	279
881	371
881	623
881	691
881	740
881	769
881	856
881	882
881	899
881	909
881	936
881	945
881	973
881	986
881	990
881	996
882	8
882	53
882	77
882	230
882	348
882	412
882	418
882	601
882	613
882	740
882	816
882	881
882	897
882	899
882	916
882	945
882	969
882	973
882	986
882	996
883	32
883	96
883	172
883	185
883	300
883	334
883	429
883	433
883	457
883	491
883	564
883	586
883	682
883	710
883	716
883	757
883	828
883	868
883	917
883	966
884	29
884	108
884	116
884	408
884	427
884	520
884	679
884	680
884	712
884	770
884	832
884	855
884	867
884	928
884	932
884	934
884	944
884	980
884	982
884	983
885	13
885	19
885	85
885	150
885	305
885	319
885	392
885	572
885	618
885	654
885	659
885	694
885	696
885	735
885	780
885	804
885	923
885	979
885	984
885	999
886	6
886	102
886	191
886	248
886	269
886	303
886	322
886	323
886	403
886	493
886	599
886	622
886	734
886	739
886	794
886	803
886	846
886	893
886	921
886	967
886	998
887	8
887	36
887	128
887	313
887	427
887	569
887	609
887	680
887	712
887	770
887	776
887	807
887	832
887	867
887	928
887	932
887	934
887	944
887	980
887	982
887	983
888	179
888	182
888	237
888	401
888	407
888	428
888	456
888	513
888	547
888	583
888	587
888	610
888	620
888	630
888	660
888	833
888	902
888	925
888	929
888	930
888	950
889	171
889	279
889	324
889	328
889	333
889	431
889	548
889	585
889	651
889	662
889	726
889	733
889	742
889	768
889	781
889	826
889	834
889	906
889	914
889	927
889	947
890	100
890	209
890	219
890	395
890	454
890	486
890	608
890	681
890	714
890	749
890	810
890	822
890	872
890	877
890	892
890	904
890	926
890	931
890	937
890	938
890	989
891	224
891	227
891	437
891	485
891	521
891	524
891	584
891	644
891	674
891	679
891	763
891	823
891	824
891	825
891	875
891	901
891	915
891	958
891	978
891	994
891	999
892	242
892	267
892	339
892	391
892	424
892	603
892	629
892	661
892	717
892	749
892	854
892	857
892	864
892	877
892	890
892	896
892	911
892	937
892	984
892	989
892	995
892	997
893	81
893	102
893	191
893	248
893	251
893	303
893	323
893	368
893	403
893	482
893	484
893	493
893	599
893	622
893	734
893	739
893	794
893	803
893	846
893	886
893	921
893	977
894	111
894	216
894	277
894	444
894	447
894	534
894	626
894	685
894	693
894	704
894	789
894	871
894	880
894	912
894	941
894	942
894	970
894	972
894	973
894	977
894	985
894	993
895	9
895	68
895	133
895	135
895	144
895	209
895	226
895	239
895	291
895	365
895	426
895	475
895	534
895	539
895	548
895	550
895	600
895	617
895	731
895	742
895	802
895	959
896	204
896	219
896	332
896	374
896	526
896	643
896	690
896	705
896	728
896	786
896	793
896	822
896	854
896	858
896	877
896	892
896	931
896	937
896	958
896	989
896	994
896	995
897	230
897	364
897	371
897	502
897	601
897	623
897	649
897	689
897	732
897	778
897	856
897	882
897	899
897	903
897	909
897	916
897	922
897	936
897	945
897	986
897	990
897	996
898	44
898	243
898	309
898	363
898	417
898	447
898	455
898	474
898	509
898	702
898	714
898	745
898	756
898	762
898	879
898	899
898	905
898	908
898	918
898	956
898	961
898	991
899	53
899	405
899	443
899	503
899	691
899	732
899	769
899	778
899	816
899	856
899	881
899	882
899	897
899	898
899	903
899	909
899	921
899	936
899	945
899	973
899	986
899	990
900	4
900	7
900	79
900	95
900	110
900	152
900	363
900	417
900	430
900	482
900	700
900	702
900	722
900	745
900	746
900	765
900	879
900	905
900	956
900	961
900	991
900	999
901	69
901	310
901	487
901	530
901	584
901	639
901	644
901	674
901	679
901	752
901	753
901	790
901	823
901	825
901	830
901	834
901	874
901	891
901	915
901	952
901	958
901	978
901	994
902	3
902	146
902	426
902	513
902	547
902	575
902	587
902	604
902	610
902	620
902	630
902	660
902	675
902	807
902	833
902	863
902	876
902	888
902	925
902	929
902	930
902	950
902	993
903	276
903	361
903	405
903	412
903	468
903	595
903	629
903	689
903	735
903	769
903	778
903	816
903	897
903	899
903	909
903	936
903	943
903	945
903	951
903	973
903	986
903	990
903	996
904	149
904	271
904	526
904	549
904	562
904	643
904	646
904	681
904	690
904	704
904	749
904	810
904	841
904	857
904	858
904	872
904	890
904	926
904	931
904	938
904	988
904	995
904	997
905	31
905	79
905	200
905	264
905	430
905	436
905	573
905	641
905	645
905	669
905	699
905	746
905	751
905	756
905	805
905	853
905	879
905	898
905	900
905	908
905	918
905	956
905	961
905	991
906	106
906	233
906	263
906	308
906	314
906	342
906	362
906	421
906	452
906	471
906	537
906	548
906	585
906	662
906	726
906	733
906	742
906	781
906	826
906	848
906	889
906	914
906	925
906	927
907	66
907	225
907	278
907	285
907	439
907	492
907	631
907	632
907	729
907	744
907	783
907	800
907	809
907	919
907	922
907	939
907	948
907	949
907	953
907	968
907	969
907	981
907	987
907	992
908	80
908	141
908	200
908	264
908	281
908	317
908	417
908	455
908	645
908	745
908	746
908	751
908	756
908	761
908	765
908	879
908	898
908	905
908	918
908	926
908	956
908	961
908	962
908	991
909	287
909	306
909	338
909	405
909	533
909	601
909	636
909	691
909	732
909	767
909	769
909	778
909	856
909	881
909	897
909	899
909	903
909	916
909	943
909	945
909	968
909	973
909	986
909	996
910	35
910	46
910	67
910	88
910	203
910	232
910	413
910	546
910	559
910	567
910	568
910	592
910	612
910	688
910	707
910	808
910	827
910	835
910	836
910	878
910	932
910	962
910	963
910	982
911	62
911	142
911	188
911	222
911	343
911	344
911	409
911	422
911	463
911	495
911	519
911	531
911	540
911	605
911	647
911	718
911	830
911	861
911	892
911	913
911	922
911	935
911	946
911	951
912	2
912	41
912	50
912	215
912	367
912	496
912	529
912	602
912	738
912	752
912	773
912	803
912	825
912	837
912	842
912	852
912	894
912	940
912	942
912	970
912	972
912	977
912	985
912	988
913	62
913	157
913	246
913	337
913	375
913	464
913	495
913	519
913	605
913	606
913	647
913	683
913	741
913	755
913	796
913	830
913	845
913	861
913	866
913	911
913	922
913	935
913	946
913	951
914	129
914	195
914	199
914	283
914	314
914	328
914	420
914	421
914	431
914	488
914	662
914	733
914	738
914	742
914	768
914	781
914	826
914	848
914	877
914	889
914	906
914	927
914	947
914	967
915	299
915	379
915	437
915	485
915	487
915	492
915	571
915	589
915	639
915	683
915	692
915	719
915	738
915	753
915	790
915	825
915	834
915	874
915	891
915	901
915	952
915	958
915	978
915	983
916	165
916	287
916	306
916	595
916	636
916	647
916	649
916	689
916	740
916	778
916	816
916	856
916	882
916	897
916	909
916	936
916	943
916	945
916	955
916	973
916	986
916	990
916	995
916	996
917	121
917	147
917	172
917	173
917	223
917	334
917	357
917	377
917	382
917	432
917	457
917	621
917	657
917	682
917	684
917	710
917	737
917	767
917	828
917	838
917	868
917	871
917	883
917	942
918	7
918	10
918	44
918	243
918	264
918	363
918	470
918	512
918	580
918	700
918	702
918	761
918	765
918	805
918	847
918	853
918	898
918	905
918	908
918	956
918	961
918	971
918	988
918	991
919	167
919	278
919	330
919	418
919	439
919	517
919	594
919	632
919	635
919	667
919	729
919	744
919	772
919	815
919	850
919	907
919	939
919	948
919	949
919	953
919	968
919	969
919	981
919	987
920	137
920	187
920	211
920	236
920	293
920	296
920	300
920	320
920	353
920	380
920	384
920	390
920	435
920	449
920	467
920	469
920	472
920	505
920	578
920	615
920	637
920	652
920	665
920	672
920	785
921	6
921	81
921	102
921	191
921	248
921	251
921	269
921	322
921	323
921	368
921	403
921	484
921	493
921	599
921	622
921	734
921	736
921	739
921	794
921	803
921	846
921	886
921	893
921	899
921	994
922	24
922	62
922	222
922	246
922	344
922	422
922	463
922	508
922	540
922	545
922	605
922	647
922	663
922	664
922	718
922	754
922	796
922	861
922	866
922	897
922	907
922	911
922	913
922	935
922	946
923	132
923	184
923	207
923	235
923	446
923	448
923	557
923	593
923	621
923	758
923	764
923	766
923	780
923	788
923	804
923	857
923	859
923	860
923	865
923	885
923	957
923	960
923	998
923	999
923	1000
924	1
924	63
924	87
924	94
924	126
924	132
924	194
924	280
924	461
924	536
924	618
924	634
924	696
924	747
924	777
924	804
924	806
924	863
924	950
924	957
924	960
924	979
924	984
924	999
924	1000
925	179
925	221
925	237
925	407
925	425
925	428
925	547
925	575
925	583
925	587
925	604
925	620
925	624
925	660
925	666
925	675
925	807
925	833
925	876
925	888
925	902
925	906
925	929
925	930
925	950
926	28
926	221
926	234
926	256
926	272
926	290
926	423
926	424
926	526
926	549
926	555
926	579
926	638
926	690
926	721
926	793
926	844
926	858
926	890
926	904
926	908
926	931
926	976
926	989
926	997
927	16
927	106
927	171
927	218
927	233
927	263
927	324
927	328
927	342
927	362
927	488
927	537
927	585
927	681
927	695
927	742
927	768
927	781
927	826
927	848
927	889
927	906
927	914
927	947
927	962
928	28
928	29
928	138
928	347
928	358
928	408
928	427
928	520
928	569
928	680
928	706
928	712
928	730
928	753
928	776
928	813
928	832
928	855
928	867
928	884
928	887
928	932
928	944
928	980
928	982
928	983
929	146
929	262
929	388
929	401
929	407
929	428
929	478
929	547
929	583
929	587
929	604
929	610
929	630
929	660
929	666
929	806
929	807
929	833
929	876
929	888
929	902
929	925
929	930
929	939
929	950
929	972
930	3
930	240
930	362
930	388
930	401
930	407
930	425
930	428
930	478
930	587
930	604
930	610
930	630
930	660
930	666
930	675
930	807
930	833
930	876
930	888
930	902
930	925
930	929
930	936
930	950
930	965
931	64
931	400
931	423
931	507
931	516
931	558
931	579
931	590
931	603
931	646
931	681
931	721
931	728
931	786
931	805
931	854
931	864
931	872
931	877
931	890
931	896
931	904
931	926
931	962
931	992
931	997
932	75
932	82
932	128
932	404
932	408
932	410
932	427
932	489
932	520
932	671
932	706
932	712
932	730
932	770
932	832
932	855
932	860
932	867
932	884
932	887
932	910
932	928
932	934
932	944
932	980
932	982
932	983
933	21
933	127
933	160
933	213
933	443
933	447
933	525
933	529
933	699
933	715
933	757
933	789
933	842
933	851
933	852
933	870
933	871
933	880
933	942
933	954
933	970
933	972
933	977
933	985
933	988
933	990
933	993
934	51
934	52
934	116
934	170
934	196
934	358
934	489
934	554
934	609
934	671
934	680
934	706
934	712
934	767
934	770
934	776
934	832
934	855
934	867
934	884
934	887
934	932
934	944
934	954
934	980
934	982
934	983
935	10
935	188
935	255
935	326
935	343
935	375
935	409
935	473
935	519
935	531
935	540
935	574
935	605
935	634
935	647
935	663
935	718
935	754
935	796
935	861
935	866
935	911
935	913
935	922
935	946
935	951
935	960
936	165
936	346
936	371
936	412
936	414
936	460
936	623
936	631
936	633
936	636
936	649
936	740
936	769
936	778
936	881
936	897
936	899
936	903
936	916
936	930
936	943
936	945
936	957
936	973
936	989
936	990
936	996
937	176
937	221
937	332
937	339
937	367
937	400
937	424
937	526
937	551
937	590
937	608
937	619
937	624
937	638
937	705
937	726
937	728
937	857
937	858
937	890
937	892
937	896
937	938
937	976
937	990
937	995
937	997
938	42
938	64
938	176
938	256
938	265
938	273
938	368
938	400
938	424
938	555
938	619
938	629
938	704
938	717
938	721
938	751
938	786
938	788
938	814
938	822
938	857
938	864
938	890
938	904
938	937
938	989
938	995
938	997
939	89
939	168
939	450
939	459
939	517
939	594
939	676
939	744
939	777
939	783
939	800
939	809
939	811
939	815
939	840
939	850
939	907
939	919
939	929
939	948
939	949
939	953
939	955
939	968
939	969
939	981
939	987
939	992
940	92
940	97
940	111
940	186
940	261
940	301
940	314
940	406
940	514
940	538
940	542
940	544
940	612
940	613
940	698
940	724
940	752
940	774
940	842
940	870
940	871
940	912
940	941
940	942
940	954
940	972
940	985
940	988
941	135
941	177
941	406
941	443
941	514
941	525
941	529
941	541
941	670
941	698
941	699
941	724
941	837
941	851
941	852
941	867
941	870
941	871
941	880
941	894
941	940
941	942
941	962
941	970
941	972
941	977
941	985
941	988
942	38
942	186
942	215
942	277
942	420
942	453
942	542
942	553
942	635
942	670
942	698
942	715
942	752
942	837
942	842
942	852
942	875
942	894
942	912
942	917
942	933
942	940
942	941
942	970
942	972
942	977
942	985
942	987
943	230
943	260
943	276
943	306
943	338
943	348
943	397
943	414
943	468
943	498
943	595
943	613
943	631
943	633
943	686
943	689
943	732
943	769
943	903
943	909
943	916
943	936
943	945
943	972
943	973
943	986
943	990
943	996
944	36
944	83
944	138
944	198
944	347
944	358
944	381
944	404
944	410
944	489
944	554
944	569
944	591
944	609
944	650
944	671
944	770
944	776
944	831
944	832
944	855
944	884
944	887
944	928
944	932
944	934
944	980
944	982
944	983
945	143
945	165
945	494
945	533
945	543
945	588
945	595
945	601
945	613
945	631
945	633
945	649
945	816
945	856
945	862
945	881
945	882
945	897
945	899
945	903
945	909
945	916
945	936
945	943
945	963
945	973
945	986
945	990
945	996
946	255
946	337
946	343
946	346
946	422
946	464
946	495
946	508
946	519
946	531
946	545
946	574
946	606
946	663
946	664
946	683
946	754
946	755
946	796
946	830
946	861
946	866
946	911
946	913
946	922
946	935
946	951
946	987
946	991
947	106
947	111
947	129
947	199
947	218
947	233
947	252
947	263
947	324
947	333
947	350
947	362
947	420
947	421
947	431
947	488
947	537
947	548
947	650
947	695
947	726
947	742
947	768
947	781
947	826
947	848
947	889
947	914
947	927
947	992
948	225
948	259
948	288
948	434
948	492
948	565
948	632
948	667
948	676
948	720
948	729
948	744
948	772
948	783
948	809
948	811
948	815
948	840
948	850
948	907
948	919
948	939
948	949
948	953
948	968
948	969
948	981
948	985
948	987
948	992
949	33
949	89
949	212
949	320
949	331
949	418
949	483
949	517
949	667
949	676
949	719
949	744
949	772
949	777
949	783
949	809
949	811
949	840
949	850
949	907
949	919
949	939
949	948
949	953
949	968
949	969
949	981
949	985
949	987
949	992
950	3
950	146
950	179
950	237
950	240
950	262
950	388
950	401
950	425
950	428
950	478
950	513
950	575
950	587
950	604
950	610
950	630
950	666
950	675
950	791
950	807
950	833
950	849
950	876
950	888
950	902
950	924
950	925
950	929
950	930
951	188
951	246
951	326
951	337
951	344
951	375
951	409
951	422
951	464
951	531
951	545
951	606
951	647
951	663
951	664
951	683
951	718
951	754
951	755
951	815
951	830
951	861
951	866
951	903
951	911
951	913
951	935
951	946
951	995
951	1000
952	56
952	123
952	145
952	224
952	327
952	379
952	469
952	487
952	521
952	524
952	571
952	639
952	644
952	658
952	674
952	679
952	692
952	738
952	759
952	763
952	790
952	823
952	824
952	825
952	834
952	901
952	915
952	958
952	973
952	978
952	994
953	107
953	183
953	212
953	268
953	285
953	288
953	317
953	341
953	439
953	581
953	632
953	729
953	744
953	747
953	772
953	783
953	800
953	811
953	815
953	840
953	850
953	907
953	919
953	939
953	948
953	949
953	968
953	969
953	981
953	987
953	992
954	50
954	58
954	186
954	298
954	301
954	444
954	449
954	481
954	538
954	544
954	595
954	698
954	743
954	752
954	779
954	789
954	821
954	842
954	849
954	852
954	871
954	875
954	933
954	934
954	940
954	970
954	972
954	977
954	985
954	988
954	993
955	14
955	27
955	30
955	112
955	114
955	115
955	136
955	150
955	159
955	205
955	228
955	327
955	351
955	373
955	376
955	383
955	389
955	396
955	411
955	436
955	501
955	515
955	607
955	708
955	725
955	748
955	831
955	839
955	916
955	939
955	967
956	10
956	49
956	95
956	253
956	430
956	441
956	455
956	512
956	516
956	641
956	668
956	698
956	700
956	702
956	722
956	745
956	751
956	762
956	765
956	805
956	847
956	853
956	879
956	898
956	900
956	905
956	908
956	918
956	961
956	991
956	996
957	13
957	131
957	189
957	244
957	304
957	345
957	359
957	369
957	572
957	591
957	621
957	627
957	648
957	654
957	677
957	696
957	725
957	735
957	736
957	747
957	764
957	772
957	791
957	804
957	829
957	923
957	924
957	936
957	979
957	984
957	999
958	70
958	145
958	299
958	302
958	310
958	437
958	469
958	521
958	532
958	561
958	569
958	584
958	589
958	590
958	639
958	644
958	679
958	692
958	719
958	738
958	753
958	823
958	824
958	834
958	874
958	891
958	896
958	901
958	915
958	952
958	978
958	994
959	9
959	26
959	68
959	90
959	105
959	109
959	133
959	135
959	144
959	154
959	163
959	209
959	226
959	239
959	365
959	370
959	393
959	426
959	464
959	472
959	475
959	534
959	539
959	550
959	556
959	600
959	617
959	709
959	731
959	802
959	895
959	999
960	81
960	181
960	190
960	206
960	235
960	249
960	304
960	318
960	345
960	387
960	451
960	557
960	621
960	648
960	659
960	677
960	701
960	735
960	736
960	799
960	829
960	860
960	865
960	923
960	924
960	935
960	974
960	979
960	984
960	997
960	999
960	1000
961	12
961	54
961	110
961	159
961	243
961	253
961	363
961	430
961	476
961	641
961	645
961	665
961	668
961	673
961	703
961	714
961	746
961	751
961	756
961	761
961	765
961	847
961	850
961	853
961	879
961	898
961	900
961	905
961	908
961	918
961	956
961	976
961	991
962	21
962	35
962	46
962	67
962	88
962	93
962	203
962	232
962	241
962	271
962	292
962	413
962	415
962	480
962	510
962	546
962	559
962	567
962	592
962	612
962	688
962	707
962	808
962	827
962	835
962	836
962	878
962	908
962	910
962	927
962	931
962	941
962	963
963	21
963	35
963	46
963	67
963	88
963	93
963	203
963	232
963	241
963	271
963	281
963	292
963	413
963	415
963	480
963	510
963	546
963	552
963	559
963	568
963	573
963	592
963	688
963	707
963	760
963	808
963	827
963	835
963	836
963	878
963	910
963	945
963	962
964	125
964	134
964	140
964	210
964	286
964	289
964	354
964	355
964	356
964	401
964	442
964	471
964	528
964	571
964	616
964	651
964	686
964	687
964	759
964	797
964	798
964	802
964	814
964	817
964	820
964	841
964	843
964	844
964	845
964	862
964	971
964	975
964	998
965	37
965	45
965	72
965	78
965	104
965	139
965	180
965	311
965	355
965	399
965	440
965	477
965	490
965	556
965	616
965	656
965	687
965	697
965	723
965	760
965	763
965	795
965	798
965	801
965	818
965	841
965	843
965	844
965	845
965	862
965	930
965	971
965	974
965	975
966	32
966	96
966	121
966	147
966	172
966	197
966	217
966	223
966	270
966	290
966	295
966	307
966	334
966	357
966	382
966	432
966	457
966	491
966	564
966	586
966	610
966	657
966	682
966	710
966	716
966	737
966	767
966	779
966	828
966	838
966	868
966	873
966	883
966	980
967	14
967	27
967	30
967	112
967	114
967	115
967	150
967	159
967	170
967	205
967	228
967	327
967	351
967	352
967	373
967	376
967	383
967	389
967	396
967	411
967	436
967	501
967	515
967	607
967	708
967	725
967	748
967	831
967	836
967	839
967	852
967	886
967	914
967	955
968	20
968	33
968	217
968	259
968	278
968	330
968	341
968	418
968	434
968	459
968	483
968	565
968	594
968	667
968	676
968	729
968	772
968	777
968	783
968	800
968	811
968	840
968	846
968	850
968	907
968	909
968	919
968	939
968	948
968	949
968	953
968	969
968	981
968	987
968	992
969	20
969	285
969	289
969	331
969	341
969	391
969	418
969	434
969	439
969	492
969	632
969	667
969	676
969	702
969	729
969	744
969	772
969	777
969	800
969	809
969	811
969	815
969	840
969	850
969	882
969	907
969	919
969	939
969	948
969	949
969	953
969	968
969	981
969	987
969	992
970	2
970	25
970	58
970	60
970	70
970	113
970	406
970	447
970	449
970	535
970	541
970	542
970	602
970	732
970	743
970	757
970	763
970	773
970	784
970	789
970	821
970	837
970	852
970	875
970	894
970	912
970	933
970	941
970	942
970	954
970	977
970	982
970	985
970	988
970	993
971	180
971	182
971	202
971	311
971	356
971	456
971	462
971	560
971	566
971	597
971	669
971	686
971	687
971	694
971	697
971	724
971	727
971	741
971	754
971	760
971	775
971	782
971	797
971	801
971	814
971	817
971	820
971	841
971	843
971	844
971	845
971	862
971	918
971	964
971	965
971	975
972	71
972	108
972	174
972	177
972	213
972	267
972	525
972	538
972	541
972	563
972	611
972	626
972	628
972	635
972	670
972	698
972	715
972	743
972	773
972	774
972	795
972	821
972	842
972	851
972	852
972	875
972	894
972	912
972	929
972	933
972	940
972	941
972	942
972	943
972	954
972	993
973	22
973	77
973	143
973	175
973	260
973	276
973	287
973	348
973	361
973	405
973	440
973	468
973	502
973	543
973	588
973	623
973	633
973	689
973	732
973	796
973	816
973	864
973	881
973	882
973	894
973	899
973	903
973	909
973	916
973	936
973	943
973	945
973	952
973	986
973	990
973	996
974	148
974	158
974	178
974	315
974	325
974	354
974	356
974	386
974	402
974	403
974	445
974	477
974	481
974	497
974	576
974	625
974	656
974	669
974	686
974	687
974	694
974	727
974	760
974	780
974	782
974	795
974	813
974	814
974	817
974	820
974	843
974	862
974	960
974	965
974	975
974	998
975	39
975	104
975	134
975	180
975	210
975	254
975	335
975	356
975	360
975	386
975	399
975	442
975	450
975	477
975	481
975	522
975	560
975	566
975	625
975	640
975	722
975	723
975	741
975	759
975	801
975	813
975	814
975	818
975	820
975	843
975	866
975	964
975	965
975	971
975	974
975	978
975	998
976	42
976	100
976	101
976	120
976	124
976	214
976	256
976	332
976	454
976	486
976	507
976	579
976	590
976	608
976	638
976	646
976	661
976	690
976	705
976	707
976	720
976	721
976	728
976	749
976	778
976	793
976	810
976	822
976	843
976	857
976	864
976	926
976	937
976	961
976	989
976	995
976	997
977	65
977	113
977	127
977	208
977	326
977	329
977	366
977	385
977	453
977	529
977	535
977	563
977	608
977	611
977	693
977	752
977	774
977	784
977	789
977	794
977	821
977	837
977	849
977	851
977	870
977	880
977	893
977	894
977	912
977	933
977	941
977	942
977	954
977	970
977	985
977	988
977	993
978	39
978	40
978	59
978	123
978	229
978	302
978	312
978	407
978	469
978	485
978	524
978	561
978	571
978	584
978	639
978	644
978	658
978	674
978	678
978	692
978	738
978	753
978	763
978	790
978	823
978	824
978	825
978	834
978	874
978	891
978	901
978	915
978	952
978	958
978	975
978	981
978	987
978	994
979	4
979	15
979	57
979	161
979	162
979	188
979	206
979	291
979	369
979	389
979	446
979	451
979	458
979	506
979	527
979	536
979	593
979	618
979	627
979	634
979	654
979	677
979	747
979	780
979	804
979	806
979	808
979	812
979	829
979	860
979	885
979	924
979	957
979	960
979	984
979	992
979	999
979	1000
980	36
980	51
980	52
980	75
980	87
980	116
980	128
980	138
980	185
980	196
980	313
980	347
980	381
980	410
980	427
980	489
980	520
980	569
980	609
980	671
980	680
980	706
980	712
980	721
980	730
980	770
980	776
980	832
980	855
980	867
980	884
980	887
980	928
980	932
980	934
980	944
980	966
980	982
980	983
981	20
981	107
981	259
981	268
981	278
981	285
981	288
981	330
981	418
981	434
981	439
981	459
981	483
981	517
981	565
981	594
981	632
981	645
981	676
981	712
981	729
981	744
981	772
981	777
981	800
981	809
981	811
981	840
981	853
981	907
981	919
981	939
981	948
981	949
981	953
981	968
981	969
981	978
981	987
981	992
982	29
982	51
982	75
982	116
982	128
982	138
982	196
982	198
982	219
982	313
982	347
982	358
982	381
982	404
982	410
982	489
982	520
982	554
982	569
982	609
982	671
982	680
982	706
982	712
982	730
982	770
982	832
982	855
982	867
982	884
982	887
982	910
982	928
982	932
982	934
982	944
982	970
982	980
982	983
982	993
983	29
983	36
983	51
983	52
983	56
983	75
983	83
983	196
983	313
983	347
983	358
983	381
983	404
983	408
983	427
983	489
983	520
983	554
983	569
983	599
983	609
983	671
983	680
983	706
983	712
983	730
983	770
983	776
983	832
983	855
983	867
983	884
983	887
983	915
983	928
983	932
983	934
983	944
983	980
983	982
983	987
984	4
984	15
984	18
984	76
984	85
984	103
984	164
984	184
984	190
984	201
984	207
984	294
984	305
984	369
984	392
984	466
984	498
984	572
984	593
984	653
984	696
984	735
984	736
984	764
984	766
984	791
984	799
984	804
984	806
984	829
984	865
984	870
984	885
984	892
984	924
984	957
984	960
984	979
984	997
984	999
984	1000
985	108
985	174
985	177
985	215
985	298
985	329
985	366
985	444
985	525
985	529
985	602
985	611
985	685
985	692
985	698
985	724
985	730
985	743
985	752
985	773
985	774
985	784
985	789
985	851
985	852
985	870
985	871
985	875
985	880
985	894
985	912
985	933
985	940
985	941
985	942
985	948
985	949
985	954
985	970
985	977
985	988
985	993
986	22
986	77
986	165
986	175
986	193
986	203
986	215
986	260
986	325
986	361
986	371
986	412
986	460
986	466
986	502
986	503
986	533
986	588
986	595
986	601
986	631
986	633
986	684
986	691
986	732
986	740
986	769
986	778
986	816
986	856
986	881
986	882
986	897
986	899
986	903
986	909
986	916
986	943
986	945
986	973
986	990
986	996
987	33
987	89
987	94
987	107
987	168
987	212
987	225
987	259
987	268
987	282
987	285
987	317
987	330
987	434
987	492
987	517
987	565
987	594
987	667
987	744
987	772
987	777
987	783
987	800
987	809
987	811
987	815
987	840
987	850
987	907
987	919
987	939
987	942
987	946
987	948
987	949
987	953
987	968
987	969
987	978
987	981
987	983
987	992
988	2
988	72
988	127
988	261
988	329
988	349
988	354
988	366
988	396
988	398
988	406
988	444
988	449
988	496
988	514
988	529
988	535
988	626
988	628
988	693
988	715
988	724
988	774
988	784
988	789
988	821
988	837
988	842
988	851
988	852
988	875
988	904
988	912
988	918
988	933
988	940
988	941
988	954
988	970
988	977
988	985
988	993
988	997
989	42
989	98
989	120
989	265
989	273
989	290
989	316
989	339
989	374
989	504
989	507
989	516
989	526
989	549
989	551
989	596
989	619
989	624
989	638
989	681
989	704
989	705
989	721
989	784
989	786
989	788
989	793
989	810
989	822
989	857
989	858
989	864
989	872
989	877
989	890
989	892
989	896
989	926
989	936
989	938
989	976
989	995
989	997
990	53
990	77
990	175
990	238
990	260
990	276
990	287
990	306
990	316
990	325
990	338
990	348
990	397
990	405
990	460
990	466
990	468
990	533
990	543
990	561
990	567
990	588
990	601
990	613
990	623
990	636
990	689
990	691
990	769
990	778
990	810
990	856
990	881
990	897
990	899
990	903
990	916
990	933
990	936
990	937
990	943
990	945
990	973
990	986
991	7
991	12
991	117
991	141
991	167
991	201
991	243
991	252
991	264
991	309
991	363
991	455
991	470
991	474
991	482
991	509
991	512
991	573
991	580
991	641
991	668
991	673
991	700
991	702
991	703
991	714
991	718
991	745
991	746
991	751
991	761
991	765
991	805
991	813
991	847
991	879
991	898
991	900
991	905
991	908
991	918
991	946
991	956
991	961
992	20
992	33
992	66
992	103
992	107
992	168
992	212
992	225
992	259
992	268
992	282
992	288
992	301
992	330
992	341
992	439
992	459
992	483
992	492
992	517
992	565
992	594
992	632
992	667
992	676
992	744
992	772
992	777
992	783
992	809
992	811
992	815
992	840
992	907
992	931
992	939
992	947
992	948
992	949
992	953
992	968
992	969
992	979
992	981
992	987
993	41
993	65
993	92
993	155
993	186
993	261
993	301
993	355
993	367
993	398
993	443
993	514
993	535
993	538
993	541
993	544
993	553
993	563
993	611
993	635
993	724
993	743
993	757
993	773
993	784
993	789
993	821
993	837
993	849
993	851
993	852
993	858
993	872
993	875
993	880
993	894
993	902
993	933
993	954
993	970
993	972
993	977
993	982
993	985
993	988
994	40
994	56
994	59
994	69
994	99
994	123
994	142
994	224
994	227
994	299
994	302
994	340
994	379
994	437
994	469
994	485
994	487
994	521
994	523
994	546
994	561
994	571
994	589
994	615
994	639
994	644
994	674
994	678
994	692
994	719
994	738
994	753
994	763
994	790
994	823
994	824
994	825
994	834
994	860
994	874
994	891
994	896
994	901
994	921
994	952
994	958
994	978
995	25
995	82
995	149
995	192
995	204
995	231
995	247
995	266
995	272
995	332
995	395
995	486
995	516
995	549
995	555
995	579
995	583
995	596
995	624
995	638
995	643
995	661
995	681
995	690
995	704
995	717
995	720
995	728
995	749
995	773
995	793
995	810
995	822
995	858
995	864
995	872
995	877
995	892
995	896
995	904
995	916
995	937
995	938
995	951
995	976
995	989
995	996
995	997
996	8
996	22
996	53
996	143
996	175
996	230
996	287
996	316
996	325
996	338
996	346
996	397
996	440
996	466
996	503
996	533
996	543
996	588
996	595
996	601
996	613
996	623
996	631
996	633
996	636
996	689
996	691
996	732
996	740
996	756
996	769
996	778
996	779
996	856
996	881
996	882
996	897
996	903
996	909
996	916
996	936
996	943
996	945
996	956
996	973
996	986
996	995
996	999
997	23
997	25
997	73
997	74
997	231
997	234
997	242
997	247
997	256
997	265
997	267
997	332
997	391
997	486
997	511
997	549
997	555
997	558
997	579
997	590
997	624
997	646
997	661
997	681
997	690
997	717
997	720
997	721
997	744
997	749
997	810
997	851
997	854
997	857
997	864
997	872
997	877
997	892
997	904
997	926
997	931
997	937
997	938
997	960
997	976
997	984
997	988
997	989
997	995
998	48
998	139
998	140
998	153
998	156
998	158
998	257
998	274
998	289
998	311
998	335
998	434
998	450
998	456
998	481
998	528
998	537
998	560
998	566
998	597
998	614
998	616
998	640
998	656
998	686
998	687
998	697
998	723
998	727
998	759
998	760
998	775
998	782
998	797
998	798
998	813
998	814
998	817
998	818
998	820
998	830
998	843
998	844
998	845
998	862
998	886
998	923
998	964
998	974
998	975
999	18
999	19
999	30
999	34
999	94
999	161
999	162
999	194
999	201
999	220
999	235
999	249
999	250
999	319
999	364
999	387
999	448
999	461
999	506
999	527
999	536
999	570
999	577
999	591
999	634
999	648
999	653
999	677
999	696
999	736
999	747
999	758
999	766
999	780
999	806
999	812
999	829
999	859
999	865
999	885
999	891
999	900
999	923
999	924
999	957
999	959
999	960
999	979
999	984
999	996
1000	11
1000	19
1000	34
1000	61
1000	63
1000	94
1000	136
1000	193
1000	194
1000	220
1000	250
1000	294
1000	304
1000	305
1000	318
1000	345
1000	359
1000	364
1000	369
1000	446
1000	458
1000	461
1000	498
1000	499
1000	506
1000	527
1000	557
1000	591
1000	634
1000	653
1000	659
1000	701
1000	711
1000	735
1000	747
1000	766
1000	791
1000	799
1000	825
1000	829
1000	840
1000	859
1000	860
1000	865
1000	923
1000	924
1000	951
1000	960
1000	979
1000	984
